-1,0
-1,0
-1,0
-1,0
-1,0
-1,0
-1,0
-1,0
-1,0
-1,0
-1,0
-1,0
-1,0
-1,0
-1,0
-1,0
-1,0
-1,0
-1,0
-1,0
-1,0
-1,0
-1,0
-1,0
-1,0
-1,0
-1,0
-1,0
-1,0
-1,0
-1,0
-1,0
-1,0
-1,0
-1,0
-1,0
-1,0
-1,0
-1,0
-1,0
-1,0
-1,0
-1,0
-1,0
-1,0
-1,0
-1,0
-1,0
-1,0
-1,0
-1,0
-1,0
-1,0
-1,0
-1,0
-1,0
-1,0
-1,0
-1,0
-1,0
-1,0
-1,0
-1,0
-1,0
-1,0
-1,0
-1,0
-1,0
-1,0
-1,0
-1,0
-1,0
-1,0
-1,0
-1,0
-1,0
-1,0
-1,0
-1,0
-1,0
-1,0
-1,0
-1,0
-1,0
-1,0
-1,0
-1,0
-1,0
-1,0
-1,0
-1,0
-1,0
-1,0
-1,0
-1,0
-1,0
-1,0
-1,0
-1,0
-1,0
-1,0
-1,0
-1,0
-1,0
-1,0
-1,0
-1,0
-1,0
-1,0
-1,0
-1,0
-1,0
-1,0
-1,0
-1,0
-1,0
-1,0
-1,0
-1,0
-1,0
-1,0
-1,0
-1,0
-1,0
-1,0
-1,0
-1,0
-1,0
-1,0
-1,0
-1,0
-1,0
-1,0
-1,0
-1,0
-1,0
-1,0
-1,0
-1,0
-1,0
-1,0
-1,0
-1,0
-1,0
-1,0
-1,0
-1,0
-1,0
-1,0
-1,0
-1,0
-1,0
-1,0
-1,0
-1,0
-1,0
-1,0
-1,0
-1,0
-1,0
-1,0
-1,0
-1,0
-1,0
-1,0
-1,0
-1,0
-1,0
-1,0
-1,0
-1,0
-1,0
-1,0
-1,0
-1,0
-1,0
-1,0
-1,0
-1,0
-1,0
-1,0
-1,0
-1,0
-1,0
-1,0
-1,0
-1,0
-1,0
-1,0
-1,0
-1,0
-1,0
-1,0
-1,0
-1,0
-1,0
-1,0
-1,0
-1,0
-1,0
-1,0
-1,0
-1,0
-1,0
-1,0
-1,0
-1,0
-1,0
-1,0
-1,0
-1,0
-1,0
-1,0
-1,0
-1,0
-1,0
-1,0
-1,0
-1,0
-1,0
-1,0
-1,0
-1,0
-1,0
-1,0
-1,0
-1,0
-1,0
-1,0
-1,0
-1,0
-1,0
-1,0
-1,0
-1,0
-1,0
-1,0
-1,0
-1,0
-1,0
-1,0
-1,0
-1,0
-1,0
-1,0
-1,0
-1,0
-1,0
-1,0
-1,0
-1,0
-1,0
-1,0
-1,0
-1,0
-1,0
-1,0
-1,0
-1,0
-1,0
-1,0
-1,0
-1,0
-1,0
-1,0
-1,0
-1,0
-1,0
-1,0
-1,0
-1,0
-1,0
-1,0
-1,0
-1,0
-1,0
-1,0
-1,0
-1,0
-1,0
-1,0
-1,0
-1,0
-1,0
-1,0
-1,0
-1,0
-1,0
-1,0
-1,0
-1,0
-1,0
-1,0
-1,0
-1,0
-1,0
-1,0
79,0
79,0
79,0
79,0
79,0
79,0
79,0
79,0
79,0
79,0
79,0
79,0
79,0
79,0
79,0
79,0
79,0
79,0
79,0
79,0
79,0
79,0
79,0
79,0
79,0
79,0
79,0
79,0
79,0
79,0
79,0
79,0
79,0
79,0
79,0
79,0
79,0
79,0
79,0
79,0
79,0
79,0
79,0
79,0
79,0
79,0
79,0
79,0
79,0
79,0
79,0
79,0
79,0
79,0
79,0
79,0
79,0
79,0
79,0
79,0
79,0
79,0
79,0
79,0
79,0
79,0
79,0
79,0
79,0
79,0
79,0
79,0
79,0
79,0
79,0
79,0
79,0
79,0
79,0
79,0
79,0
79,0
79,0
79,0
79,0
79,0
79,0
79,0
79,0
79,0
79,0
79,0
79,0
79,0
79,0
79,0
79,0
79,0
79,0
79,0
79,0
79,0
79,0
79,0
79,0
79,0
79,0
79,0
79,0
79,0
79,0
79,0
79,0
79,0
79,0
79,0
79,0
79,0
79,0
79,0
79,0
79,0
79,0
79,0
79,0
79,0
79,0
79,0
79,0
79,0
79,0
79,0
79,0
79,0
79,0
79,0
79,0
79,0
79,0
79,0
79,0
79,0
79,0
79,0
79,0
79,0
79,0
79,0
79,0
79,0
79,0
79,0
79,0
79,0
79,0
79,0
79,0
79,0
79,0
79,0
79,0
79,0
79,0
79,0
79,0
79,0
79,0
79,0
79,0
79,0
79,0
79,0
79,0
79,0
79,0
79,0
79,0
79,0
79,0
79,0
79,0
79,0
79,0
79,0
79,0
79,0
79,0
79,0
79,0
79,0
79,0
79,0
79,0
79,0
79,0
79,0
79,0
79,0
79,0
79,0
79,0
79,0
79,0
79,0
79,0
79,0
79,0
79,0
79,0
79,0
79,0
79,0
79,0
79,0
79,0
79,0
79,0
79,0
79,0
79,0
79,0
79,0
79,0
79,0
79,0
79,0
79,0
79,0
79,0
79,0
79,0
79,0
79,0
79,0
79,0
79,0
79,0
79,0
79,0
79,0
79,0
79,0
79,0
79,0
79,0
79,0
79,0
79,0
79,0
79,0
79,0
79,0
79,0
79,0
79,0
79,0
79,0
79,0
79,0
79,0
79,0
79,0
79,0
79,0
79,0
79,0
79,0
79,0
79,0
79,0
79,0
79,0
79,0
79,0
79,0
79,0
79,0
79,0
79,0
79,0
79,0
79,0
79,0
79,0
79,0
79,0
79,0
79,0
79,0
79,0
79,0
79,0
79,0
79,0
79,0
79,0
79,0
79,0
79,0
79,0
79,0
79,0
79,0
79,0
79,0
79,0
79,0
79,0
79,0
79,0
79,0
79,0
79,0
79,0
79,0
79,0
79,0
79,0
79,0
79,0
79,0
79,0
79,0
79,0
79,0
79,0
79,0
79,0
79,0
79,0
79,0
79,0
79,0
79,0
79,0
79,0
79,0
79,0
79,0
79,0
79,0
79,0
79,0
79,0
79,0
79,0
73,3
73,1.5
73,0.75
73,0.375
73,0.1875
73,0.09375
73,0.046875
73,0.0234375
73,0.01171875
73,0.005859375
73,0.002929688
73,0.001464844
73,0.0007324219
73,0.0003662109
73,0.0001831055
73,9.155273E-05
73,4.577637E-05
73,2.288818E-05
73,1.144409E-05
73,5.722046E-06
73,2.861023E-06
73,1.430511E-06
73,7.152557E-07
73,3.576279E-07
73,1.788139E-07
73,8.940697E-08
73,4.470348E-08
73,2.235174E-08
73,1.117587E-08
73,5.587935E-09
73,2.793968E-09
73,1.396984E-09
73,6.984919E-10
73,3.49246E-10
73,1.74623E-10
73,8.731149E-11
73,4.365575E-11
73,2.182787E-11
73,1.091394E-11
73,5.456968E-12
73,2.728484E-12
73,1.364242E-12
73,6.82121E-13
73,3.410605E-13
73,1.705303E-13
73,8.526513E-14
73,4.263256E-14
73,2.131628E-14
73,1.065814E-14
73,5.329071E-15
73,2.664535E-15
73,1.332268E-15
73,6.661338E-16
73,3.330669E-16
73,1.665335E-16
73,8.326673E-17
73,4.163336E-17
73,2.081668E-17
73,1.040834E-17
73,5.20417E-18
73,2.602085E-18
73,1.301043E-18
73,6.505213E-19
73,3.252607E-19
73,1.626303E-19
73,8.131516E-20
73,4.065758E-20
73,2.032879E-20
73,1.01644E-20
73,5.082198E-21
73,2.541099E-21
73,1.270549E-21
73,6.352747E-22
73,3.176374E-22
73,1.588187E-22
73,7.940934E-23
73,3.970467E-23
73,1.985233E-23
73,9.926167E-24
73,4.963084E-24
73,2.481542E-24
73,1.240771E-24
73,6.203855E-25
73,3.101927E-25
73,1.550964E-25
73,7.754818E-26
73,3.877409E-26
73,1.938705E-26
73,9.693523E-27
73,4.846761E-27
73,2.423381E-27
73,1.21169E-27
73,6.058452E-28
73,3.029226E-28
73,1.514613E-28
73,7.573065E-29
73,3.786532E-29
73,1.893266E-29
73,9.466331E-30
73,4.733165E-30
73,2.366583E-30
73,1.183291E-30
73,5.916457E-31
73,2.958228E-31
73,1.479114E-31
73,7.395571E-32
73,3.697785E-32
73,1.848893E-32
73,9.244464E-33
73,4.622232E-33
73,2.311116E-33
73,1.155558E-33
73,5.77779E-34
73,2.888895E-34
73,1.444447E-34
73,7.222237E-35
73,3.611119E-35
73,1.805559E-35
73,9.027797E-36
73,4.513898E-36
73,2.256949E-36
73,1.128475E-36
73,5.642373E-37
73,2.821186E-37
73,1.410593E-37
73,7.052966E-38
73,3.526483E-38
73,1.763242E-38
73,8.816208E-39
73,4.408104E-39
73,2.204052E-39
73,1.102026E-39
73,5.51013E-40
73,2.755065E-40
73,1.377532E-40
73,6.887662E-41
73,3.443831E-41
73,1.721916E-41
73,8.609578E-42
73,4.304789E-42
73,2.152394E-42
73,1.076197E-42
73,5.380986E-43
73,2.690493E-43
73,1.345247E-43
73,6.726233E-44
73,3.363116E-44
73,1.681558E-44
73,8.407791E-45
73,4.203895E-45
73,2.802597E-45
73,1.401298E-45
73,0
73,0
73,0
73,0
73,0
73,0
73,0
73,0
73,0
73,0
73,0
73,0
73,0
73,0
73,0
73,0
73,0
73,0
73,0
73,0
73,0
73,0
73,0
73,0
73,0
73,0
73,0
73,0
73,0
73,0
73,0
73,0
73,0
73,0
73,0
73,0
73,0
73,0
73,0
73,0
73,0
73,0
73,0
73,0
73,0
73,0
73,0
73,0
73,0
73,0
73,0
73,0
73,0
73,0
73,0
73,0
73,0
73,0
73,0
73,0
73,0
73,0
73,0
73,0
73,0
73,0
73,0
73,0
73,0
73,0
73,0
73,0
73,0
73,0
73,0
73,0
73,0
73,0
73,0
73,0
73,0
73,0
73,0
73,0
73,0
73,0
73,0
73,0
73,0
73,0
73,0
73,0
73,0
73,0
73,0
73,0
73,0
73,0
73,0
73,0
73,0
73,0
73,0
73,0
73,0
73,0
73,0
73,0
73,0
73,0
73,0
73,0
73,0
73,0
73,0
73,0
73,0
73,0
73,0
73,0
73,0
73,0
73,0
73,0
73,0
73,0
73,0
73,0
73,0
73,0
73,0
73,0
73,0
73,0
73,0
73,0
73,0
73,0
73,0
73,0
73,0
73,0
73,0
73,0
73,0
73,0
73,0
73,0
73,0
73,0
73,0
73,0
73,0
73,0
73,0
73,0
73,0
73,0
73,0
73,0
73,0
73,0
73,0
73,0
73,0
73,0
73,0
73,0
73,0
73,0
73,0
73,0
73,0
73,0
73,0
73,0
73,0
73,0
73,0
73,0
73,0
73,0
73,0
73,0
73,0
73,0
73,0
73,0
73,0
73,0
73,0
73,0
73,0
73,0
73,0
73,0
73,0
73,0
73,0
73,0
73,0
73,0
73,0
73,0
73,0
73,0
73,0
73,0
73,0
80,3.5
80,1.75
80,0.875
80,0.4375
80,0.21875
80,0.109375
80,0.0546875
80,0.02734375
80,0.01367188
80,0.006835938
80,0.003417969
80,0.001708984
80,0.0008544922
80,0.0004272461
80,0.000213623
80,0.0001068115
80,5.340576E-05
80,2.670288E-05
80,1.335144E-05
80,6.67572E-06
80,3.33786E-06
80,1.66893E-06
80,8.34465E-07
80,4.172325E-07
80,2.086163E-07
80,1.043081E-07
80,5.215406E-08
80,2.607703E-08
80,1.303852E-08
80,6.519258E-09
80,3.259629E-09
80,1.629815E-09
80,8.149073E-10
80,4.074536E-10
80,2.037268E-10
80,1.018634E-10
80,5.09317E-11
80,2.546585E-11
80,1.273293E-11
80,6.366463E-12
80,3.183231E-12
80,1.591616E-12
80,7.958079E-13
80,3.979039E-13
80,1.98952E-13
80,9.947598E-14
80,4.973799E-14
80,2.4869E-14
80,1.24345E-14
80,6.217249E-15
80,3.108624E-15
80,1.554312E-15
80,7.771561E-16
80,3.885781E-16
80,1.94289E-16
80,9.714451E-17
80,4.857226E-17
80,2.428613E-17
80,1.214306E-17
80,6.071532E-18
80,3.035766E-18
80,1.517883E-18
80,7.589415E-19
80,3.794708E-19
80,1.897354E-19
80,9.486769E-20
80,4.743385E-20
80,2.371692E-20
80,1.185846E-20
80,5.929231E-21
80,2.964615E-21
80,1.482308E-21
80,7.411538E-22
80,3.705769E-22
80,1.852885E-22
80,9.264423E-23
80,4.632211E-23
80,2.316106E-23
80,1.158053E-23
80,5.790264E-24
80,2.895132E-24
80,1.447566E-24
80,7.23783E-25
80,3.618915E-25
80,1.809458E-25
80,9.047288E-26
80,4.523644E-26
80,2.261822E-26
80,1.130911E-26
80,5.654555E-27
80,2.827277E-27
80,1.413639E-27
80,7.068194E-28
80,3.534097E-28
80,1.767048E-28
80,8.835242E-29
80,4.417621E-29
80,2.208811E-29
80,1.104405E-29
80,5.522026E-30
80,2.761013E-30
80,1.380507E-30
80,6.902533E-31
80,3.451266E-31
80,1.725633E-31
80,8.628166E-32
80,4.314083E-32
80,2.157042E-32
80,1.078521E-32
80,5.392604E-33
80,2.696302E-33
80,1.348151E-33
80,6.740755E-34
80,3.370377E-34
80,1.685189E-34
80,8.425944E-35
80,4.212972E-35
80,2.106486E-35
80,1.053243E-35
80,5.266215E-36
80,2.633107E-36
80,1.316554E-36
80,6.582768E-37
80,3.291384E-37
80,1.645692E-37
80,8.22846E-38
80,4.11423E-38
80,2.057115E-38
80,1.028558E-38
80,5.142788E-39
80,2.571394E-39
80,1.285697E-39
80,6.428485E-40
80,3.214242E-40
80,1.607121E-40
80,8.035606E-41
80,4.017803E-41
80,2.008901E-41
80,1.004451E-41
80,5.022254E-42
80,2.511127E-42
80,1.255563E-42
80,6.277817E-43
80,3.138909E-43
80,1.569454E-43
80,7.847271E-44
80,3.923636E-44
80,1.961818E-44
80,9.809089E-45
80,5.605194E-45
80,2.802597E-45
80,1.401298E-45
80,0
80,0
80,0
80,0
80,0
80,0
80,0
80,0
80,0
80,0
80,0
80,0
80,0
80,0
80,0
80,0
80,0
80,0
80,0
80,0
80,0
80,0
80,0
80,0
80,0
80,0
80,0
80,0
80,0
80,0
80,0
80,0
80,0
80,0
80,0
80,0
80,0
80,0
80,0
80,0
80,0
80,0
80,0
80,0
80,0
80,0
80,0
80,0
80,0
80,0
80,0
80,0
80,0
80,0
80,0
80,0
80,0
80,0
80,0
80,0
80,0
80,0
80,0
80,0
80,0
80,0
80,0
80,0
80,0
80,0
80,0
80,0
80,0
80,0
80,0
80,0
80,0
80,0
80,0
80,0
80,0
80,0
80,0
80,0
80,0
80,0
80,0
80,0
80,0
80,0
80,0
80,0
80,0
80,0
80,0
80,0
80,0
80,0
80,0
80,0
80,0
80,0
80,0
80,0
80,0
80,0
80,0
80,0
80,0
80,0
80,0
80,0
80,0
80,0
80,0
80,0
80,0
80,0
80,0
80,0
80,0
80,0
80,0
80,0
80,0
80,0
80,0
80,0
80,0
80,0
80,0
80,0
80,0
80,0
80,0
80,0
80,0
80,0
80,0
80,0
80,0
80,0
80,0
80,0
80,0
80,0
80,0
80,0
80,0
80,0
80,0
80,0
80,0
80,0
80,0
80,0
80,0
80,0
80,0
80,0
80,0
80,0
80,0
80,0
80,0
80,0
80,0
80,0
80,0
80,0
80,0
80,0
80,0
80,0
80,0
80,0
80,0
80,0
80,0
80,0
80,0
80,0
80,0
80,0
80,0
80,0
80,0
80,0
80,0
80,0
80,0
80,0
80,0
80,0
80,0
80,0
80,0
80,0
80,0
80,0
80,0
80,0
80,0
80,0
80,0
80,0
80,0
80,0
80,0
80,0
80,0
80,0
80,0
80,0
80,0
80,0
80,0
80,0
80,0
80,0
80,0
80,0
80,0
80,0
80,0
80,0
80,0
80,0
80,0
80,0
80,0
80,0
80,0
80,0
80,0
80,0
80,0
80,0
80,0
80,0
80,0
80,0
80,0
80,0
80,0
80,0
80,0
80,0
80,0
80,0
80,0
80,0
80,0
80,0
80,0
80,0
80,0
80,0
80,0
80,0
80,0
80,0
80,0
80,0
80,0
80,0
80,0
80,0
80,0
80,0
80,0
80,0
80,0
80,0
80,0
80,0
80,0
80,0
80,0
80,0
80,0
80,0
80,0
80,0
80,0
80,0
80,0
80,0
80,0
80,0
80,0
80,0
80,0
80,0
80,0
80,0
80,0
80,0
80,0
80,0
80,0
80,0
80,0
80,0
80,0
80,0
80,0
80,0
80,0
80,0
80,0
80,0
80,0
80,0
80,0
80,0
80,0
80,0
80,0
80,0
80,0
80,0
80,0
86,3
86,1.5
86,0.75
86,0.375
86,0.1875
86,0.09375
86,0.046875
86,0.0234375
86,0.01171875
86,0.005859375
86,0.002929688
86,0.001464844
86,0.0007324219
86,0.0003662109
86,0.0001831055
86,9.155273E-05
86,4.577637E-05
86,2.288818E-05
86,1.144409E-05
86,5.722046E-06
86,2.861023E-06
86,1.430511E-06
86,7.152557E-07
86,3.576279E-07
86,1.788139E-07
86,8.940697E-08
86,4.470348E-08
86,2.235174E-08
86,1.117587E-08
86,5.587935E-09
86,2.793968E-09
86,1.396984E-09
86,6.984919E-10
86,3.49246E-10
86,1.74623E-10
86,8.731149E-11
86,4.365575E-11
86,2.182787E-11
86,1.091394E-11
86,5.456968E-12
86,2.728484E-12
86,1.364242E-12
86,6.82121E-13
86,3.410605E-13
86,1.705303E-13
86,8.526513E-14
86,4.263256E-14
86,2.131628E-14
86,1.065814E-14
86,5.329071E-15
86,2.664535E-15
86,1.332268E-15
86,6.661338E-16
86,3.330669E-16
86,1.665335E-16
86,8.326673E-17
86,4.163336E-17
86,2.081668E-17
86,1.040834E-17
86,5.20417E-18
86,2.602085E-18
86,1.301043E-18
86,6.505213E-19
86,3.252607E-19
86,1.626303E-19
86,8.131516E-20
86,4.065758E-20
86,2.032879E-20
86,1.01644E-20
86,5.082198E-21
86,2.541099E-21
86,1.270549E-21
86,6.352747E-22
86,3.176374E-22
86,1.588187E-22
86,7.940934E-23
86,3.970467E-23
86,1.985233E-23
86,9.926167E-24
86,4.963084E-24
86,2.481542E-24
86,1.240771E-24
86,6.203855E-25
86,3.101927E-25
86,1.550964E-25
86,7.754818E-26
86,3.877409E-26
86,1.938705E-26
86,9.693523E-27
86,4.846761E-27
86,2.423381E-27
86,1.21169E-27
86,6.058452E-28
86,3.029226E-28
86,1.514613E-28
86,7.573065E-29
86,3.786532E-29
86,1.893266E-29
86,9.466331E-30
86,4.733165E-30
86,2.366583E-30
86,1.183291E-30
86,5.916457E-31
86,2.958228E-31
86,1.479114E-31
86,7.395571E-32
86,3.697785E-32
86,1.848893E-32
86,9.244464E-33
86,4.622232E-33
86,2.311116E-33
86,1.155558E-33
86,5.77779E-34
86,2.888895E-34
86,1.444447E-34
86,7.222237E-35
86,3.611119E-35
86,1.805559E-35
86,9.027797E-36
86,4.513898E-36
86,2.256949E-36
86,1.128475E-36
86,5.642373E-37
86,2.821186E-37
86,1.410593E-37
86,7.052966E-38
86,3.526483E-38
86,1.763242E-38
86,8.816208E-39
86,4.408104E-39
86,2.204052E-39
86,1.102026E-39
86,5.51013E-40
86,2.755065E-40
86,1.377532E-40
86,6.887662E-41
86,3.443831E-41
86,1.721916E-41
86,8.609578E-42
86,4.304789E-42
86,2.152394E-42
86,1.076197E-42
86,5.380986E-43
86,2.690493E-43
86,1.345247E-43
86,6.726233E-44
86,3.363116E-44
86,1.681558E-44
86,8.407791E-45
86,4.203895E-45
86,2.802597E-45
86,1.401298E-45
86,0
86,0
86,0
86,0
86,0
86,0
86,0
86,0
86,0
86,0
86,0
86,0
86,0
86,0
86,0
86,0
86,0
86,0
86,0
86,0
86,0
86,0
86,0
86,0
86,0
86,0
86,0
86,0
86,0
86,0
86,0
86,0
86,0
86,0
86,0
86,0
86,0
86,0
86,0
86,0
86,0
86,0
86,0
86,0
86,0
86,0
86,0
86,0
86,0
86,0
86,0
86,0
86,0
86,0
86,0
86,0
86,0
86,0
86,0
86,0
86,0
86,0
86,0
86,0
86,0
86,0
86,0
86,0
86,0
86,0
86,0
86,0
86,0
86,0
86,0
86,0
86,0
86,0
86,0
86,0
86,0
86,0
86,0
86,0
86,0
86,0
86,0
86,0
86,0
86,0
86,0
86,0
86,0
86,0
86,0
86,0
86,0
86,0
86,0
86,0
86,0
86,0
86,0
86,0
86,0
86,0
86,0
86,0
86,0
86,0
86,0
86,0
86,0
86,0
86,0
86,0
86,0
86,0
86,0
86,0
86,0
86,0
86,0
86,0
86,0
86,0
86,0
86,0
86,0
86,0
86,0
86,0
86,0
86,0
86,0
86,0
86,0
86,0
86,0
86,0
86,0
86,0
86,0
86,0
86,0
86,0
86,0
86,0
86,0
86,0
86,0
86,0
86,0
86,0
86,0
86,0
86,0
86,0
86,0
86,0
86,0
86,0
86,0
86,0
86,0
86,0
86,0
86,0
86,0
86,0
86,0
86,0
86,0
86,0
86,0
86,0
86,0
86,0
86,0
86,0
86,0
86,0
86,0
86,0
86,0
86,0
86,0
86,0
86,0
86,0
86,0
86,0
86,0
86,0
86,0
86,0
86,0
86,0
86,0
86,0
86,0
86,0
86,0
81,2.5
81,1.25
81,0.625
81,0.3125
81,0.15625
81,0.078125
81,0.0390625
81,0.01953125
81,0.009765625
81,0.004882813
81,0.002441406
81,0.001220703
81,0.0006103516
81,0.0003051758
81,0.0001525879
81,7.629395E-05
81,3.814697E-05
81,1.907349E-05
81,9.536743E-06
81,4.768372E-06
81,2.384186E-06
81,1.192093E-06
81,5.960464E-07
81,2.980232E-07
81,1.490116E-07
81,7.450581E-08
81,3.72529E-08
81,1.862645E-08
81,9.313226E-09
81,4.656613E-09
81,2.328306E-09
81,1.164153E-09
81,5.820766E-10
81,2.910383E-10
81,1.455192E-10
81,7.275958E-11
81,3.637979E-11
81,1.818989E-11
81,9.094947E-12
81,4.547474E-12
81,2.273737E-12
81,1.136868E-12
81,5.684342E-13
81,2.842171E-13
81,1.421085E-13
81,7.105427E-14
81,3.552714E-14
81,1.776357E-14
81,8.881784E-15
81,4.440892E-15
81,2.220446E-15
81,1.110223E-15
81,5.551115E-16
81,2.775558E-16
81,1.387779E-16
81,6.938894E-17
81,3.469447E-17
81,1.734723E-17
81,8.673617E-18
81,4.336809E-18
81,2.168404E-18
81,1.084202E-18
81,5.421011E-19
81,2.710505E-19
81,1.355253E-19
81,6.776264E-20
81,3.388132E-20
81,1.694066E-20
81,8.470329E-21
81,4.235165E-21
81,2.117582E-21
81,1.058791E-21
81,5.293956E-22
81,2.646978E-22
81,1.323489E-22
81,6.617445E-23
81,3.308722E-23
81,1.654361E-23
81,8.271806E-24
81,4.135903E-24
81,2.067952E-24
81,1.033976E-24
81,5.169879E-25
81,2.584939E-25
81,1.29247E-25
81,6.462349E-26
81,3.231174E-26
81,1.615587E-26
81,8.077936E-27
81,4.038968E-27
81,2.019484E-27
81,1.009742E-27
81,5.04871E-28
81,2.524355E-28
81,1.262177E-28
81,6.310887E-29
81,3.155444E-29
81,1.577722E-29
81,7.888609E-30
81,3.944305E-30
81,1.972152E-30
81,9.860761E-31
81,4.930381E-31
81,2.46519E-31
81,1.232595E-31
81,6.162976E-32
81,3.081488E-32
81,1.540744E-32
81,7.70372E-33
81,3.85186E-33
81,1.92593E-33
81,9.62965E-34
81,4.814825E-34
81,2.407412E-34
81,1.203706E-34
81,6.018531E-35
81,3.009266E-35
81,1.504633E-35
81,7.523164E-36
81,3.761582E-36
81,1.880791E-36
81,9.403955E-37
81,4.701977E-37
81,2.350989E-37
81,1.175494E-37
81,5.877472E-38
81,2.938736E-38
81,1.469368E-38
81,7.34684E-39
81,3.67342E-39
81,1.83671E-39
81,9.18355E-40
81,4.591775E-40
81,2.295887E-40
81,1.147944E-40
81,5.739719E-41
81,2.869859E-41
81,1.43493E-41
81,7.174648E-42
81,3.587324E-42
81,1.793662E-42
81,8.96831E-43
81,4.484155E-43
81,2.242078E-43
81,1.121039E-43
81,5.605194E-44
81,2.802597E-44
81,1.401298E-44
81,7.006492E-45
81,2.802597E-45
81,1.401298E-45
81,0
81,0
81,0
81,0
81,0
81,0
81,0
81,0
81,0
81,0
81,0
81,0
81,0
81,0
81,0
81,0
81,0
81,0
81,0
81,0
81,0
81,0
81,0
81,0
81,0
81,0
81,0
81,0
81,0
81,0
81,0
81,0
81,0
81,0
81,0
81,0
81,0
81,0
81,0
81,0
81,0
81,0
81,0
81,0
81,0
81,0
81,0
81,0
81,0
81,0
81,0
81,0
81,0
81,0
81,0
81,0
81,0
81,0
81,0
81,0
81,0
81,0
81,0
81,0
81,0
81,0
81,0
81,0
81,0
81,0
81,0
81,0
81,0
81,0
81,0
81,0
81,0
81,0
81,0
81,0
81,0
81,0
81,0
81,0
81,0
81,0
81,0
81,0
81,0
81,0
81,0
81,0
81,0
81,0
81,0
81,0
81,0
81,0
81,0
81,0
81,0
81,0
81,0
81,0
81,0
81,0
81,0
81,0
81,0
81,0
81,0
81,0
81,0
81,0
81,0
81,0
81,0
81,0
81,0
81,0
81,0
81,0
81,0
81,0
81,0
81,0
81,0
81,0
81,0
81,0
81,0
81,0
81,0
81,0
81,0
81,0
81,0
81,0
81,0
81,0
81,0
81,0
81,0
81,0
81,0
81,0
81,0
81,0
81,0
81,0
81,0
81,0
81,0
81,0
81,0
81,0
81,0
81,0
81,0
81,0
81,0
81,0
81,0
81,0
81,0
81,0
81,0
81,0
81,0
81,0
81,0
81,0
81,0
80,0.5
80,0.25
80,0.125
80,0.0625
80,0.03125
80,0.015625
80,0.0078125
80,0.00390625
80,0.001953125
80,0.0009765625
80,0.0004882813
80,0.0002441406
80,0.0001220703
80,6.103516E-05
80,3.051758E-05
80,1.525879E-05
80,7.629395E-06
80,3.814697E-06
80,1.907349E-06
80,9.536743E-07
80,4.768372E-07
80,2.384186E-07
80,1.192093E-07
80,5.960464E-08
80,2.980232E-08
80,1.490116E-08
80,7.450581E-09
80,3.72529E-09
80,1.862645E-09
80,9.313226E-10
80,4.656613E-10
80,2.328306E-10
80,1.164153E-10
80,5.820766E-11
80,2.910383E-11
80,1.455192E-11
80,7.275958E-12
80,3.637979E-12
80,1.818989E-12
80,9.094947E-13
80,4.547474E-13
80,2.273737E-13
80,1.136868E-13
80,5.684342E-14
80,2.842171E-14
80,1.421085E-14
80,7.105427E-15
80,3.552714E-15
80,1.776357E-15
80,8.881784E-16
80,4.440892E-16
80,2.220446E-16
80,1.110223E-16
80,5.551115E-17
80,2.775558E-17
80,1.387779E-17
80,6.938894E-18
80,3.469447E-18
80,1.734723E-18
80,8.673617E-19
80,4.336809E-19
80,2.168404E-19
80,1.084202E-19
80,5.421011E-20
80,2.710505E-20
80,1.355253E-20
80,6.776264E-21
80,3.388132E-21
80,1.694066E-21
80,8.470329E-22
80,4.235165E-22
80,2.117582E-22
80,1.058791E-22
80,5.293956E-23
80,2.646978E-23
80,1.323489E-23
80,6.617445E-24
80,3.308722E-24
80,1.654361E-24
80,8.271806E-25
80,4.135903E-25
80,2.067952E-25
80,1.033976E-25
80,5.169879E-26
80,2.584939E-26
80,1.29247E-26
80,6.462349E-27
80,3.231174E-27
80,1.615587E-27
80,8.077936E-28
80,4.038968E-28
80,2.019484E-28
80,1.009742E-28
80,5.04871E-29
80,2.524355E-29
80,1.262177E-29
80,6.310887E-30
80,3.155444E-30
80,1.577722E-30
80,7.888609E-31
80,3.944305E-31
80,1.972152E-31
80,9.860761E-32
80,4.930381E-32
80,2.46519E-32
80,1.232595E-32
80,6.162976E-33
80,3.081488E-33
80,1.540744E-33
80,7.70372E-34
80,3.85186E-34
80,1.92593E-34
80,9.62965E-35
80,4.814825E-35
80,2.407412E-35
80,1.203706E-35
80,6.018531E-36
80,3.009266E-36
80,1.504633E-36
80,7.523164E-37
80,3.761582E-37
80,1.880791E-37
80,9.403955E-38
80,4.701977E-38
80,2.350989E-38
80,1.175494E-38
80,5.877472E-39
80,2.938736E-39
80,1.469368E-39
80,7.34684E-40
80,3.67342E-40
80,1.83671E-40
80,9.18355E-41
80,4.591775E-41
80,2.295887E-41
80,1.147944E-41
80,5.739719E-42
80,2.869859E-42
80,1.43493E-42
80,7.174648E-43
80,3.587324E-43
80,1.793662E-43
80,8.96831E-44
80,4.484155E-44
80,2.242078E-44
80,1.121039E-44
80,5.605194E-45
80,2.802597E-45
80,1.401298E-45
80,0
80,0
80,0
80,0
80,0
80,0
80,0
80,0
80,0
80,0
80,0
80,0
80,0
80,0
80,0
80,0
80,0
80,0
80,0
80,0
80,0
80,0
80,0
80,0
80,0
80,0
80,0
80,0
80,0
80,0
80,0
80,0
80,0
80,0
80,0
80,0
80,0
80,0
80,0
80,0
80,0
80,0
80,0
80,0
80,0
80,0
80,0
80,0
80,0
80,0
80,0
80,0
80,0
80,0
80,0
80,0
80,0
80,0
80,0
80,0
80,0
80,0
80,0
80,0
80,0
80,0
80,0
80,0
80,0
80,0
80,0
80,0
80,0
80,0
80,0
80,0
80,0
80,0
80,0
80,0
80,0
80,0
80,0
80,0
80,0
80,0
80,0
80,0
80,0
80,0
80,0
80,0
80,0
80,0
80,0
80,0
80,0
80,0
80,0
80,0
80,0
80,0
80,0
80,0
80,0
80,0
80,0
80,0
80,0
80,0
80,0
80,0
80,0
80,0
80,0
80,0
80,0
80,0
80,0
80,0
80,0
80,0
80,0
80,0
80,0
80,0
80,0
80,0
80,0
80,0
80,0
80,0
80,0
80,0
80,0
80,0
80,0
80,0
80,0
80,0
80,0
80,0
80,0
80,0
80,0
80,0
80,0
80,0
80,0
80,0
80,0
80,0
80,0
80,0
80,0
80,0
80,0
80,0
80,0
80,0
80,0
80,0
80,0
80,0
80,0
80,0
80,0
80,0
80,0
80,0
80,0
80,0
80,0
80,0
80,0
80,0
80,0
80,0
80,0
80,0
80,0
80,0
80,0
80,0
80,0
80,0
80,0
80,0
80,0
80,0
80,0
80,0
80,0
80,0
80,0
80,0
80,0
80,0
80,0
80,0
80,0
80,0
80,0
80,0
80,0
80,0
80,0
80,0
80,0
80,0
80,0
80,0
80,0
80,0
80,0
80,0
80,0
80,0
80,0
80,0
80,0
80,0
80,0
80,0
80,0
80,0
80,0
80,0
80,0
80,0
80,0
80,0
80,0
80,0
80,0
80,0
80,0
80,0
80,0
80,0
80,0
80,0
80,0
80,0
80,0
80,0
80,0
80,0
80,0
80,0
80,0
80,0
80,0
80,0
80,0
80,0
80,0
80,0
80,0
80,0
80,0
80,0
80,0
80,0
80,0
80,0
80,0
80,0
80,0
80,0
80,0
80,0
80,0
80,0
80,0
80,0
80,0
80,0
80,0
80,0
80,0
80,0
80,0
80,0
80,0
80,0
80,0
80,0
80,0
80,0
80,0
80,0
80,0
80,0
80,0
80,0
80,0
80,0
80,0
80,0
80,0
80,0
80,0
80,0
80,0
80,0
80,0
80,0
80,0
80,0
80,0
80,0
80,0
80,0
80,0
80,0
80,0
80,0
80,0
80,0
80,0
80,0
80,0
80,0
80,0
80,0
80,0
80,0
80,0
80,0
80,0
80,0
80,0
80,0
80,0
80,0
80,0
80,0
80,0
80,0
80,0
80,0
80,0
80,0
80,0
80,0
80,0
80,0
80,0
80,0
80,0
80,0
80,0
80,0
80,0
80,0
80,0
80,0
80,0
80,0
80,0
80,0
80,0
80,0
80,0
80,0
80,0
80,0
80,0
80,0
80,0
80,0
80,0
80,0
80,0
80,0
80,0
80,0
80,0
80,0
80,0
80,0
80,0
80,0
80,0
80,0
80,0
80,0
80,0
80,0
80,0
80,0
80,0
80,0
80,0
80,0
80,0
80,0
80,0
80,0
80,0
80,0
80,0
80,0
80,0
80,0
80,0
80,0
80,0
80,0
80,0
80,0
80,0
80,0
80,0
80,0
80,0
80,0
80,0
80,0
80,0
80,0
80,0
80,0
80,0
80,0
80,0
80,0
80,0
80,0
80,0
80,0
80,0
80,0
80,0
80,0
80,0
80,0
80,0
80,0
80,0
80,0
80,0
80,0
80,0
80,0
80,0
80,0
80,0
80,0
80,0
80,0
80,0
80,0
80,0
80,0
80,0
80,0
80,0
80,0
80,0
80,0
80,0
80,0
80,0
80,0
80,0
80,0
80,0
80,0
80,0
80,0
80,0
80,0
80,0
80,0
80,0
80,0
80,0
80,0
80,0
80,0
80,0
80,0
80,0
80,0
80,0
80,0
80,0
80,0
80,0
80,0
80,0
80,0
80,0
80,0
80,0
80,0
80,0
80,0
80,0
80,0
80,0
80,0
80,0
80,0
80,0
80,0
80,0
80,0
80,0
80,0
80,0
80,0
80,0
80,0
80,0
80,0
80,0
80,0
80,0
80,0
80,0
80,0
80,0
80,0
80,0
80,0
80,0
80,0
80,0
80,0
80,0
80,0
80,0
80,0
80,0
80,0
80,0
80,0
80,0
80,0
80,0
80,0
80,0
80,0
80,0
80,0
80,0
80,0
80,0
80,0
80,0
80,0
80,0
80,0
80,0
80,0
80,0
80,0
80,0
80,0
80,0
80,0
80,0
80,0
80,0
80,0
80,0
80,0
80,0
80,0
80,0
80,0
80,0
80,0
80,0
80,0
80,0
80,0
80,0
80,0
80,0
80,0
80,0
80,0
80,0
80,0
80,0
80,0
80,0
80,0
80,0
80,0
80,0
80,0
80,0
80,0
80,0
80,0
80,0
80,0
80,0
80,0
80,0
80,0
80,0
80,0
80,0
80,0
80,0
80,0
80,0
80,0
80,0
80,0
80,0
80,0
80,0
80,0
80,0
80,0
80,0
80,0
80,0
80,0
80,0
80,0
80,0
80,0
80,0
80,0
80,0
80,0
80,0
80,0
80,0
80,0
80,0
80,0
80,0
80,0
80,0
80,0
80,0
80,0
80,0
80,0
80,0
80,0
80,0
80,0
80,0
80,0
80,0
80,0
80,0
80,0
80,0
80,0
80,0
80,0
80,0
80,0
80,0
80,0
80,0
80,0
80,0
80,0
80,0
80,0
80,0
80,0
80,0
80,0
80,0
80,0
80,0
80,0
80,0
80,0
80,0
80,0
80,0
80,0
80,0
80,0
80,0
80,0
80,0
80,0
80,0
80,0
80,0
80,0
80,0
80,0
80,0
80,0
80,0
80,0
80,0
80,0
80,0
80,0
80,0
80,0
80,0
80,0
80,0
80,0
80,0
80,0
80,0
80,0
80,0
80,0
80,0
80,0
80,0
80,0
80,0
80,0
80,0
80,0
80,0
80,0
80,0
80,0
80,0
80,0
80,0
80,0
80,0
80,0
80,0
80,0
80,0
80,0
80,0
80,0
80,0
80,0
80,0
80,0
80,0
80,0
80,0
80,0
80,0
80,0
80,0
80,0
80,0
80,0
80,0
80,0
80,0
80,0
80,0
80,0
80,0
80,0
80,0
80,0
80,0
80,0
80,0
80,0
80,0
80,0
80,0
80,0
80,0
80,0
80,0
80,0
80,0
80,0
80,0
80,0
80,0
80,0
80,0
80,0
80,0
80,0
80,0
80,0
80,0
80,0
80,0
80,0
80,0
80,0
80,0
80,0
80,0
80,0
80,0
80,0
80,0
80,0
80,0
80,0
80,0
80,0
80,0
80,0
80,0
80,0
80,0
80,0
80,0
80,0
80,0
80,0
80,0
80,0
80,0
80,0
80,0
80,0
80,0
80,0
80,0
80,0
80,0
80,0
80,0
80,0
80,0
80,0
80,0
80,0
80,0
80,0
80,0
80,0
80,0
80,0
80,0
80,0
80,0
80,0
80,0
80,0
80,0
80,0
80,0
80,0
80,0
80,0
80,0
80,0
80,0
80,0
80,0
80,0
80,0
80,0
80,0
80,0
80,0
80,0
80,0
80,0
80,0
80,0
80,0
80,0
80,0
80,0
80,0
80,0
80,0
80,0
80,0
80,0
80,0
80,0
80,0
80,0
80,0
80,0
80,0
80,0
80,0
80,0
80,0
80,0
80,0
80,0
80,0
80,0
80,0
80,0
80,0
80,0
80,0
80,0
80,0
80,0
80,0
80,0
80,0
80,0
80,0
80,0
80,0
80,0
80,0
80,0
80,0
80,0
80,0
80,0
80,0
80,0
80,0
80,0
80,0
80,0
80,0
80,0
80,0
80,0
80,0
80,0
80,0
80,0
80,0
80,0
80,0
80,0
80,0
80,0
80,0
80,0
80,0
80,0
80,0
80,0
80,0
80,0
80,0
80,0
80,0
80,0
80,0
80,0
80,0
80,0
80,0
80,0
80,0
80,0
80,0
80,0
80,0
80,0
80,0
80,0
80,0
80,0
80,0
80,0
80,0
80,0
80,0
80,0
80,0
80,0
80,0
80,0
80,0
80,0
80,0
80,0
80,0
80,0
80,0
80,0
80,0
80,0
80,0
80,0
80,0
80,0
80,0
80,0
80,0
80,0
80,0
80,0
80,0
80,0
80,0
80,0
80,0
80,0
80,0
80,0
80,0
80,0
80,0
80,0
80,0
80,0
80,0
80,0
80,0
80,0
80,0
80,0
80,0
80,0
80,0
80,0
80,0
80,0
80,0
80,0
80,0
80,0
80,0
80,0
80,0
80,0
80,0
80,0
80,0
80,0
80,0
80,0
80,0
80,0
80,0
80,0
80,0
80,0
80,0
80,0
80,0
80,0
80,0
80,0
80,0
80,0
80,0
80,0
80,0
80,0
80,0
80,0
80,0
80,0
80,0
80,0
80,0
80,0
80,0
80,0
80,0
80,0
80,0
80,0
80,0
80,0
80,0
80,0
80,0
80,0
80,0
80,0
80,0
80,0
80,0
79,0.5
79,0.25
79,0.125
79,0.0625
79,0.03125
79,0.015625
79,0.0078125
79,0.00390625
79,0.001953125
79,0.0009765625
79,0.0004882813
79,0.0002441406
79,0.0001220703
79,6.103516E-05
79,3.051758E-05
79,1.525879E-05
79,7.629395E-06
79,3.814697E-06
79,1.907349E-06
79,9.536743E-07
79,4.768372E-07
79,2.384186E-07
79,1.192093E-07
79,5.960464E-08
79,2.980232E-08
79,1.490116E-08
79,7.450581E-09
79,3.72529E-09
79,1.862645E-09
79,9.313226E-10
79,4.656613E-10
79,2.328306E-10
79,1.164153E-10
79,5.820766E-11
79,2.910383E-11
79,1.455192E-11
79,7.275958E-12
79,3.637979E-12
79,1.818989E-12
79,9.094947E-13
79,4.547474E-13
79,2.273737E-13
79,1.136868E-13
79,5.684342E-14
79,2.842171E-14
79,1.421085E-14
79,7.105427E-15
79,3.552714E-15
79,1.776357E-15
79,8.881784E-16
79,4.440892E-16
79,2.220446E-16
79,1.110223E-16
79,5.551115E-17
79,2.775558E-17
79,1.387779E-17
79,6.938894E-18
79,3.469447E-18
79,1.734723E-18
79,8.673617E-19
79,4.336809E-19
79,2.168404E-19
79,1.084202E-19
79,5.421011E-20
79,2.710505E-20
79,1.355253E-20
79,6.776264E-21
79,3.388132E-21
79,1.694066E-21
79,8.470329E-22
79,4.235165E-22
79,2.117582E-22
79,1.058791E-22
79,5.293956E-23
79,2.646978E-23
79,1.323489E-23
79,6.617445E-24
79,3.308722E-24
79,1.654361E-24
79,8.271806E-25
79,4.135903E-25
79,2.067952E-25
79,1.033976E-25
79,5.169879E-26
79,2.584939E-26
79,1.29247E-26
79,6.462349E-27
79,3.231174E-27
79,1.615587E-27
79,8.077936E-28
79,4.038968E-28
79,2.019484E-28
79,1.009742E-28
79,5.04871E-29
79,2.524355E-29
79,1.262177E-29
79,6.310887E-30
79,3.155444E-30
79,1.577722E-30
79,7.888609E-31
79,3.944305E-31
79,1.972152E-31
79,9.860761E-32
79,4.930381E-32
79,2.46519E-32
79,1.232595E-32
79,6.162976E-33
79,3.081488E-33
79,1.540744E-33
79,7.70372E-34
79,3.85186E-34
79,1.92593E-34
79,9.62965E-35
79,4.814825E-35
79,2.407412E-35
79,1.203706E-35
79,6.018531E-36
79,3.009266E-36
79,1.504633E-36
79,7.523164E-37
79,3.761582E-37
79,1.880791E-37
79,9.403955E-38
79,4.701977E-38
79,2.350989E-38
79,1.175494E-38
79,5.877472E-39
79,2.938736E-39
79,1.469368E-39
79,7.34684E-40
79,3.67342E-40
79,1.83671E-40
79,9.18355E-41
79,4.591775E-41
79,2.295887E-41
79,1.147944E-41
79,5.739719E-42
79,2.869859E-42
79,1.43493E-42
79,7.174648E-43
79,3.587324E-43
79,1.793662E-43
79,8.96831E-44
79,4.484155E-44
79,2.242078E-44
79,1.121039E-44
79,5.605194E-45
79,2.802597E-45
79,1.401298E-45
79,0
79,0
79,0
79,0
79,0
79,0
79,0
79,0
79,0
79,0
79,0
79,0
79,0
79,0
79,0
79,0
79,0
79,0
79,0
79,0
79,0
79,0
79,0
79,0
79,0
79,0
79,0
79,0
79,0
79,0
79,0
79,0
79,0
79,0
79,0
79,0
79,0
79,0
79,0
79,0
79,0
79,0
79,0
79,0
79,0
79,0
79,0
79,0
79,0
79,0
79,0
79,0
79,0
79,0
79,0
79,0
79,0
79,0
79,0
79,0
79,0
79,0
79,0
79,0
79,0
79,0
79,0
79,0
79,0
79,0
79,0
79,0
79,0
79,0
79,0
79,0
79,0
79,0
79,0
79,0
79,0
79,0
79,0
79,0
79,0
79,0
79,0
79,0
79,0
79,0
79,0
79,0
79,0
79,0
79,0
79,0
79,0
79,0
79,0
79,0
79,0
79,0
79,0
79,0
79,0
79,0
79,0
79,0
79,0
79,0
79,0
79,0
79,0
79,0
79,0
79,0
79,0
79,0
79,0
79,0
79,0
79,0
79,0
79,0
79,0
79,0
79,0
79,0
79,0
79,0
79,0
79,0
79,0
79,0
79,0
79,0
79,0
79,0
79,0
79,0
79,0
79,0
79,0
79,0
79,0
79,0
79,0
79,0
79,0
79,0
79,0
79,0
79,0
79,0
79,0
79,0
79,0
79,0
79,0
79,0
79,0
79,0
79,0
79,0
79,0
79,0
79,0
79,0
79,0
79,0
79,0
79,0
79,0
79,0
79,0
79,0
79,0
79,0
79,0
79,0
79,0
79,0
79,0
79,0
79,0
79,0
79,0
79,0
79,0
79,0
79,0
79,0
79,0
79,0
79,0
79,0
79,0
79,0
79,0
79,0
79,0
79,0
79,0
79,0
79,0
79,0
79,0
79,0
79,0
79,0
79,0
79,0
79,0
79,0
79,0
79,0
79,0
79,0
79,0
79,0
79,0
79,0
79,0
79,0
79,0
79,0
79,0
79,0
79,0
79,0
79,0
79,0
73,3
73,1.5
73,0.75
73,0.375
73,0.1875
73,0.09375
73,0.046875
73,0.0234375
73,0.01171875
73,0.005859375
73,0.002929688
73,0.001464844
73,0.0007324219
73,0.0003662109
73,0.0001831055
73,9.155273E-05
73,4.577637E-05
73,2.288818E-05
73,1.144409E-05
73,5.722046E-06
73,2.861023E-06
73,1.430511E-06
73,7.152557E-07
73,3.576279E-07
73,1.788139E-07
73,8.940697E-08
73,4.470348E-08
73,2.235174E-08
73,1.117587E-08
73,5.587935E-09
73,2.793968E-09
73,1.396984E-09
73,6.984919E-10
73,3.49246E-10
73,1.74623E-10
73,8.731149E-11
73,4.365575E-11
73,2.182787E-11
73,1.091394E-11
73,5.456968E-12
73,2.728484E-12
73,1.364242E-12
73,6.82121E-13
73,3.410605E-13
73,1.705303E-13
73,8.526513E-14
73,4.263256E-14
73,2.131628E-14
73,1.065814E-14
73,5.329071E-15
73,2.664535E-15
73,1.332268E-15
73,6.661338E-16
73,3.330669E-16
73,1.665335E-16
73,8.326673E-17
73,4.163336E-17
73,2.081668E-17
73,1.040834E-17
73,5.20417E-18
73,2.602085E-18
73,1.301043E-18
73,6.505213E-19
73,3.252607E-19
73,1.626303E-19
73,8.131516E-20
73,4.065758E-20
73,2.032879E-20
73,1.01644E-20
73,5.082198E-21
73,2.541099E-21
73,1.270549E-21
73,6.352747E-22
73,3.176374E-22
73,1.588187E-22
73,7.940934E-23
73,3.970467E-23
73,1.985233E-23
73,9.926167E-24
73,4.963084E-24
73,2.481542E-24
73,1.240771E-24
73,6.203855E-25
73,3.101927E-25
73,1.550964E-25
73,7.754818E-26
73,3.877409E-26
73,1.938705E-26
73,9.693523E-27
73,4.846761E-27
73,2.423381E-27
73,1.21169E-27
73,6.058452E-28
73,3.029226E-28
73,1.514613E-28
73,7.573065E-29
73,3.786532E-29
73,1.893266E-29
73,9.466331E-30
73,4.733165E-30
73,2.366583E-30
73,1.183291E-30
73,5.916457E-31
73,2.958228E-31
73,1.479114E-31
73,7.395571E-32
73,3.697785E-32
73,1.848893E-32
73,9.244464E-33
73,4.622232E-33
73,2.311116E-33
73,1.155558E-33
73,5.77779E-34
73,2.888895E-34
73,1.444447E-34
73,7.222237E-35
73,3.611119E-35
73,1.805559E-35
73,9.027797E-36
73,4.513898E-36
73,2.256949E-36
73,1.128475E-36
73,5.642373E-37
73,2.821186E-37
73,1.410593E-37
73,7.052966E-38
73,3.526483E-38
73,1.763242E-38
73,8.816208E-39
73,4.408104E-39
73,2.204052E-39
73,1.102026E-39
73,5.51013E-40
73,2.755065E-40
73,1.377532E-40
73,6.887662E-41
73,3.443831E-41
73,1.721916E-41
73,8.609578E-42
73,4.304789E-42
73,2.152394E-42
73,1.076197E-42
73,5.380986E-43
73,2.690493E-43
73,1.345247E-43
73,6.726233E-44
73,3.363116E-44
73,1.681558E-44
73,8.407791E-45
73,4.203895E-45
73,2.802597E-45
73,1.401298E-45
73,0
73,0
73,0
73,0
73,0
73,0
73,0
73,0
73,0
73,0
73,0
73,0
73,0
73,0
73,0
73,0
73,0
73,0
73,0
73,0
73,0
73,0
73,0
73,0
73,0
73,0
73,0
73,0
73,0
73,0
73,0
73,0
73,0
73,0
73,0
73,0
73,0
73,0
73,0
73,0
73,0
73,0
73,0
73,0
73,0
73,0
73,0
73,0
73,0
73,0
73,0
73,0
73,0
73,0
73,0
73,0
73,0
73,0
73,0
73,0
73,0
73,0
73,0
73,0
73,0
73,0
73,0
73,0
73,0
73,0
73,0
73,0
73,0
73,0
73,0
73,0
73,0
73,0
73,0
73,0
73,0
73,0
73,0
73,0
73,0
73,0
73,0
73,0
73,0
73,0
73,0
73,0
73,0
73,0
73,0
73,0
73,0
73,0
73,0
73,0
73,0
73,0
73,0
73,0
73,0
73,0
73,0
73,0
73,0
73,0
73,0
73,0
73,0
73,0
73,0
73,0
73,0
73,0
73,0
73,0
73,0
73,0
73,0
73,0
73,0
73,0
73,0
73,0
73,0
73,0
73,0
73,0
73,0
73,0
73,0
73,0
73,0
73,0
73,0
73,0
73,0
73,0
73,0
73,0
73,0
73,0
73,0
73,0
73,0
73,0
73,0
73,0
73,0
73,0
73,0
73,0
73,0
73,0
73,0
73,0
73,0
73,0
73,0
73,0
73,0
73,0
73,0
73,0
73,0
73,0
73,0
73,0
73,0
73,0
73,0
73,0
73,0
73,0
73,0
73,0
73,0
73,0
73,0
73,0
73,0
73,0
73,0
73,0
73,0
73,0
73,0
73,0
73,0
73,0
73,0
73,0
73,0
73,0
73,0
73,0
73,0
73,0
73,0
73,0
73,0
73,0
73,0
73,0
73,0
73,0
73,0
73,0
73,0
73,0
73,0
73,0
73,0
73,0
73,0
73,0
73,0
73,0
73,0
73,0
73,0
73,0
73,0
73,0
73,0
73,0
73,0
73,0
73,0
73,0
73,0
73,0
73,0
73,0
73,0
73,0
73,0
73,0
73,0
73,0
73,0
73,0
73,0
73,0
73,0
73,0
73,0
73,0
73,0
73,0
73,0
73,0
73,0
73,0
73,0
73,0
73,0
73,0
73,0
73,0
73,0
73,0
68,2.5
68,1.25
68,0.625
68,0.3125
68,0.15625
68,0.078125
68,0.0390625
68,0.01953125
68,0.009765625
68,0.004882813
68,0.002441406
68,0.001220703
68,0.0006103516
68,0.0003051758
68,0.0001525879
68,7.629395E-05
68,3.814697E-05
68,1.907349E-05
68,9.536743E-06
68,4.768372E-06
68,2.384186E-06
68,1.192093E-06
68,5.960464E-07
68,2.980232E-07
68,1.490116E-07
68,7.450581E-08
68,3.72529E-08
68,1.862645E-08
68,9.313226E-09
68,4.656613E-09
68,2.328306E-09
68,1.164153E-09
68,5.820766E-10
68,2.910383E-10
68,1.455192E-10
68,7.275958E-11
68,3.637979E-11
68,1.818989E-11
68,9.094947E-12
68,4.547474E-12
68,2.273737E-12
68,1.136868E-12
68,5.684342E-13
68,2.842171E-13
68,1.421085E-13
68,7.105427E-14
68,3.552714E-14
68,1.776357E-14
68,8.881784E-15
68,4.440892E-15
68,2.220446E-15
68,1.110223E-15
68,5.551115E-16
68,2.775558E-16
68,1.387779E-16
68,6.938894E-17
68,3.469447E-17
68,1.734723E-17
68,8.673617E-18
68,4.336809E-18
68,2.168404E-18
68,1.084202E-18
68,5.421011E-19
68,2.710505E-19
68,1.355253E-19
68,6.776264E-20
68,3.388132E-20
68,1.694066E-20
68,8.470329E-21
68,4.235165E-21
68,2.117582E-21
68,1.058791E-21
68,5.293956E-22
68,2.646978E-22
68,1.323489E-22
68,6.617445E-23
68,3.308722E-23
68,1.654361E-23
68,8.271806E-24
68,4.135903E-24
68,2.067952E-24
68,1.033976E-24
68,5.169879E-25
68,2.584939E-25
68,1.29247E-25
68,6.462349E-26
68,3.231174E-26
68,1.615587E-26
68,8.077936E-27
68,4.038968E-27
68,2.019484E-27
68,1.009742E-27
68,5.04871E-28
68,2.524355E-28
68,1.262177E-28
68,6.310887E-29
68,3.155444E-29
68,1.577722E-29
68,7.888609E-30
68,3.944305E-30
68,1.972152E-30
68,9.860761E-31
68,4.930381E-31
68,2.46519E-31
68,1.232595E-31
68,6.162976E-32
68,3.081488E-32
68,1.540744E-32
68,7.70372E-33
68,3.85186E-33
68,1.92593E-33
68,9.62965E-34
68,4.814825E-34
68,2.407412E-34
68,1.203706E-34
68,6.018531E-35
68,3.009266E-35
68,1.504633E-35
68,7.523164E-36
68,3.761582E-36
68,1.880791E-36
68,9.403955E-37
68,4.701977E-37
68,2.350989E-37
68,1.175494E-37
68,5.877472E-38
68,2.938736E-38
68,1.469368E-38
68,7.34684E-39
68,3.67342E-39
68,1.83671E-39
68,9.18355E-40
68,4.591775E-40
68,2.295887E-40
68,1.147944E-40
68,5.739719E-41
68,2.869859E-41
68,1.43493E-41
68,7.174648E-42
68,3.587324E-42
68,1.793662E-42
68,8.96831E-43
68,4.484155E-43
68,2.242078E-43
68,1.121039E-43
68,5.605194E-44
68,2.802597E-44
68,1.401298E-44
68,7.006492E-45
68,2.802597E-45
68,1.401298E-45
68,0
68,0
68,0
68,0
68,0
68,0
68,0
68,0
68,0
68,0
68,0
68,0
68,0
68,0
68,0
68,0
68,0
68,0
68,0
68,0
68,0
68,0
68,0
68,0
68,0
68,0
68,0
68,0
68,0
68,0
68,0
68,0
68,0
68,0
68,0
68,0
68,0
68,0
68,0
68,0
68,0
68,0
68,0
68,0
68,0
68,0
68,0
68,0
68,0
68,0
68,0
68,0
68,0
68,0
68,0
68,0
68,0
68,0
68,0
68,0
68,0
68,0
68,0
68,0
68,0
68,0
68,0
68,0
68,0
68,0
68,0
68,0
68,0
68,0
68,0
68,0
68,0
68,0
68,0
68,0
68,0
68,0
68,0
68,0
68,0
68,0
68,0
68,0
68,0
68,0
68,0
68,0
68,0
68,0
68,0
68,0
68,0
68,0
68,0
68,0
68,0
68,0
68,0
68,0
68,0
68,0
68,0
68,0
68,0
68,0
68,0
68,0
68,0
68,0
68,0
68,0
68,0
68,0
68,0
68,0
68,0
68,0
68,0
68,0
68,0
68,0
68,0
68,0
68,0
68,0
68,0
68,0
68,0
68,0
68,0
68,0
68,0
68,0
68,0
68,0
68,0
68,0
68,0
68,0
68,0
68,0
68,0
68,0
68,0
68,0
68,0
68,0
68,0
68,0
68,0
68,0
68,0
68,0
68,0
68,0
68,0
68,0
68,0
68,0
68,0
68,0
68,0
68,0
68,0
68,0
68,0
68,0
68,0
68,0
68,0
68,0
68,0
68,0
68,0
68,0
68,0
68,0
68,0
68,0
68,0
68,0
68,0
68,0
68,0
68,0
68,0
68,0
68,0
68,0
68,0
68,0
68,0
68,0
68,0
68,0
68,0
68,0
68,0
68,0
68,0
68,0
68,0
68,0
68,0
68,0
68,0
68,0
68,0
68,0
68,0
68,0
68,0
68,0
68,0
59,4.5
59,2.25
59,1.125
59,0.5625
59,0.28125
59,0.140625
59,0.0703125
59,0.03515625
59,0.01757813
59,0.008789063
59,0.004394531
59,0.002197266
59,0.001098633
59,0.0005493164
59,0.0002746582
59,0.0001373291
59,6.866455E-05
59,3.433228E-05
59,1.716614E-05
59,8.583069E-06
59,4.291534E-06
59,2.145767E-06
59,1.072884E-06
59,5.364418E-07
59,2.682209E-07
59,1.341105E-07
59,6.705523E-08
59,3.352761E-08
59,1.676381E-08
59,8.381903E-09
59,4.190952E-09
59,2.095476E-09
59,1.047738E-09
59,5.238689E-10
59,2.619345E-10
59,1.309672E-10
59,6.548362E-11
59,3.274181E-11
59,1.63709E-11
59,8.185452E-12
59,4.092726E-12
59,2.046363E-12
59,1.023182E-12
59,5.115908E-13
59,2.557954E-13
59,1.278977E-13
59,6.394885E-14
59,3.197442E-14
59,1.598721E-14
59,7.993606E-15
59,3.996803E-15
59,1.998401E-15
59,9.992007E-16
59,4.996004E-16
59,2.498002E-16
59,1.249001E-16
59,6.245005E-17
59,3.122502E-17
59,1.561251E-17
59,7.806256E-18
59,3.903128E-18
59,1.951564E-18
59,9.75782E-19
59,4.87891E-19
59,2.439455E-19
59,1.219727E-19
59,6.098637E-20
59,3.049319E-20
59,1.524659E-20
59,7.623297E-21
59,3.811648E-21
59,1.905824E-21
59,9.529121E-22
59,4.76456E-22
59,2.38228E-22
59,1.19114E-22
59,5.9557E-23
59,2.97785E-23
59,1.488925E-23
59,7.444626E-24
59,3.722313E-24
59,1.861156E-24
59,9.305782E-25
59,4.652891E-25
59,2.326445E-25
59,1.163223E-25
59,5.816114E-26
59,2.908057E-26
59,1.454028E-26
59,7.270142E-27
59,3.635071E-27
59,1.817536E-27
59,9.087678E-28
59,4.543839E-28
59,2.271919E-28
59,1.13596E-28
59,5.679799E-29
59,2.839899E-29
59,1.41995E-29
59,7.099748E-30
59,3.549874E-30
59,1.774937E-30
59,8.874685E-31
59,4.437343E-31
59,2.218671E-31
59,1.109336E-31
59,5.546678E-32
59,2.773339E-32
59,1.38667E-32
59,6.933348E-33
59,3.466674E-33
59,1.733337E-33
59,8.666685E-34
59,4.333342E-34
59,2.166671E-34
59,1.083336E-34
59,5.416678E-35
59,2.708339E-35
59,1.354169E-35
59,6.770847E-36
59,3.385424E-36
59,1.692712E-36
59,8.463559E-37
59,4.23178E-37
59,2.11589E-37
59,1.057945E-37
59,5.289725E-38
59,2.644862E-38
59,1.322431E-38
59,6.612156E-39
59,3.306078E-39
59,1.653039E-39
59,8.265195E-40
59,4.132597E-40
59,2.066299E-40
59,1.033149E-40
59,5.165747E-41
59,2.582873E-41
59,1.291437E-41
59,6.457183E-42
59,3.228592E-42
59,1.614296E-42
59,8.071479E-43
59,4.03574E-43
59,2.01787E-43
59,1.008935E-43
59,5.044674E-44
59,2.522337E-44
59,1.261169E-44
59,5.605194E-45
59,2.802597E-45
59,1.401298E-45
59,0
59,0
59,0
59,0
59,0
59,0
59,0
59,0
59,0
59,0
59,0
59,0
59,0
59,0
59,0
59,0
59,0
59,0
59,0
59,0
59,0
59,0
59,0
59,0
59,0
59,0
59,0
59,0
59,0
59,0
59,0
59,0
59,0
59,0
59,0
59,0
59,0
59,0
59,0
59,0
59,0
59,0
59,0
59,0
59,0
59,0
59,0
59,0
59,0
59,0
59,0
59,0
59,0
59,0
59,0
59,0
59,0
59,0
59,0
59,0
59,0
59,0
59,0
59,0
59,0
59,0
59,0
59,0
59,0
59,0
59,0
59,0
59,0
59,0
59,0
59,0
59,0
59,0
59,0
59,0
59,0
59,0
59,0
59,0
59,0
59,0
59,0
59,0
59,0
59,0
59,0
59,0
59,0
59,0
59,0
59,0
59,0
59,0
59,0
59,0
59,0
59,0
59,0
59,0
59,0
59,0
59,0
59,0
59,0
59,0
59,0
59,0
59,0
59,0
59,0
59,0
59,0
59,0
59,0
59,0
59,0
59,0
59,0
59,0
59,0
59,0
59,0
59,0
59,0
59,0
59,0
59,0
59,0
59,0
59,0
59,0
59,0
59,0
59,0
59,0
59,0
59,0
59,0
59,0
59,0
59,0
59,0
59,0
59,0
59,0
59,0
59,0
59,0
59,0
59,0
59,0
59,0
59,0
59,0
59,0
59,0
59,0
59,0
59,0
59,0
59,0
59,0
59,0
59,0
59,0
59,0
59,0
59,0
59,0
59,0
59,0
59,0
59,0
59,0
59,0
59,0
59,0
59,0
59,0
59,0
59,0
59,0
59,0
59,0
59,0
59,0
59,0
59,0
59,0
59,0
59,0
59,0
59,0
59,0
59,0
59,0
59,0
59,0
59,0
59,0
59,0
59,0
59,0
59,0
59,0
59,0
59,0
59,0
59,0
59,0
59,0
59,0
59,0
59,0
59,0
59,0
59,0
59,0
59,0
59,0
59,0
59,0
59,0
59,0
59,0
59,0
59,0
59,0
59,0
59,0
59,0
59,0
59,0
59,0
59,0
59,0
59,0
59,0
59,0
59,0
59,0
59,0
59,0
59,0
59,0
59,0
59,0
59,0
59,0
59,0
59,0
59,0
59,0
59,0
59,0
59,0
59,0
59,0
59,0
59,0
59,0
59,0
59,0
59,0
59,0
59,0
59,0
59,0
59,0
59,0
59,0
59,0
59,0
59,0
59,0
59,0
59,0
59,0
59,0
59,0
59,0
59,0
59,0
59,0
59,0
59,0
59,0
59,0
59,0
59,0
59,0
59,0
59,0
59,0
59,0
59,0
59,0
59,0
59,0
59,0
59,0
59,0
59,0
59,0
59,0
59,0
59,0
59,0
59,0
59,0
59,0
59,0
59,0
59,0
59,0
59,0
59,0
59,0
59,0
59,0
59,0
59,0
59,0
59,0
59,0
59,0
59,0
59,0
59,0
59,0
59,0
59,0
59,0
59,0
59,0
59,0
59,0
59,0
59,0
59,0
59,0
59,0
59,0
59,0
59,0
59,0
59,0
59,0
59,0
59,0
59,0
59,0
59,0
59,0
59,0
59,0
59,0
59,0
59,0
59,0
59,0
59,0
59,0
59,0
59,0
59,0
59,0
59,0
59,0
59,0
59,0
59,0
59,0
59,0
59,0
59,0
59,0
59,0
59,0
59,0
59,0
59,0
59,0
59,0
59,0
59,0
59,0
59,0
59,0
59,0
59,0
59,0
59,0
59,0
59,0
59,0
59,0
59,0
59,0
59,0
59,0
59,0
59,0
59,0
59,0
59,0
59,0
59,0
59,0
59,0
59,0
59,0
59,0
59,0
59,0
59,0
59,0
59,0
59,0
59,0
59,0
59,0
59,0
59,0
59,0
59,0
59,0
59,0
59,0
59,0
59,0
59,0
59,0
59,0
59,0
59,0
59,0
59,0
59,0
59,0
59,0
59,0
59,0
59,0
59,0
59,0
59,0
59,0
59,0
59,0
59,0
59,0
59,0
59,0
59,0
59,0
59,0
59,0
59,0
59,0
59,0
59,0
59,0
59,0
59,0
59,0
59,0
59,0
59,0
59,0
59,0
59,0
59,0
59,0
59,0
59,0
59,0
59,0
59,0
59,0
59,0
59,0
59,0
59,0
59,0
59,0
59,0
59,0
59,0
59,0
59,0
59,0
59,0
59,0
59,0
59,0
59,0
59,0
59,0
59,0
59,0
59,0
59,0
59,0
59,0
59,0
59,0
59,0
59,0
59,0
59,0
59,0
59,0
59,0
59,0
59,0
59,0
59,0
59,0
59,0
59,0
59,0
59,0
59,0
59,0
59,0
59,0
59,0
59,0
59,0
59,0
59,0
59,0
59,0
59,0
59,0
59,0
59,0
59,0
59,0
59,0
59,0
59,0
59,0
59,0
59,0
59,0
59,0
59,0
59,0
59,0
59,0
59,0
59,0
59,0
59,0
59,0
59,0
59,0
59,0
59,0
59,0
59,0
59,0
59,0
59,0
59,0
59,0
59,0
59,0
59,0
59,0
59,0
59,0
59,0
59,0
59,0
59,0
59,0
59,0
59,0
59,0
59,0
59,0
59,0
59,0
59,0
59,0
59,0
59,0
59,0
59,0
59,0
59,0
59,0
59,0
59,0
59,0
59,0
59,0
59,0
59,0
59,0
59,0
59,0
59,0
59,0
59,0
59,0
59,0
59,0
59,0
59,0
59,0
59,0
59,0
59,0
59,0
59,0
59,0
59,0
59,0
59,0
59,0
59,0
59,0
59,0
59,0
59,0
59,0
59,0
59,0
59,0
59,0
59,0
59,0
59,0
59,0
59,0
59,0
59,0
59,0
59,0
59,0
59,0
59,0
59,0
59,0
59,0
63,2
63,1
63,0.5
63,0.25
63,0.125
63,0.0625
63,0.03125
63,0.015625
63,0.0078125
63,0.00390625
63,0.001953125
63,0.0009765625
63,0.0004882813
63,0.0002441406
63,0.0001220703
63,6.103516E-05
63,3.051758E-05
63,1.525879E-05
63,7.629395E-06
63,3.814697E-06
63,1.907349E-06
63,9.536743E-07
63,4.768372E-07
63,2.384186E-07
63,1.192093E-07
63,5.960464E-08
63,2.980232E-08
63,1.490116E-08
63,7.450581E-09
63,3.72529E-09
63,1.862645E-09
63,9.313226E-10
63,4.656613E-10
63,2.328306E-10
63,1.164153E-10
63,5.820766E-11
63,2.910383E-11
63,1.455192E-11
63,7.275958E-12
63,3.637979E-12
63,1.818989E-12
63,9.094947E-13
63,4.547474E-13
63,2.273737E-13
63,1.136868E-13
63,5.684342E-14
63,2.842171E-14
63,1.421085E-14
63,7.105427E-15
63,3.552714E-15
63,1.776357E-15
63,8.881784E-16
63,4.440892E-16
63,2.220446E-16
63,1.110223E-16
63,5.551115E-17
63,2.775558E-17
63,1.387779E-17
63,6.938894E-18
63,3.469447E-18
63,1.734723E-18
63,8.673617E-19
63,4.336809E-19
63,2.168404E-19
63,1.084202E-19
63,5.421011E-20
63,2.710505E-20
63,1.355253E-20
63,6.776264E-21
63,3.388132E-21
63,1.694066E-21
63,8.470329E-22
63,4.235165E-22
63,2.117582E-22
63,1.058791E-22
63,5.293956E-23
63,2.646978E-23
63,1.323489E-23
63,6.617445E-24
63,3.308722E-24
63,1.654361E-24
63,8.271806E-25
63,4.135903E-25
63,2.067952E-25
63,1.033976E-25
63,5.169879E-26
63,2.584939E-26
63,1.29247E-26
63,6.462349E-27
63,3.231174E-27
63,1.615587E-27
63,8.077936E-28
63,4.038968E-28
63,2.019484E-28
63,1.009742E-28
63,5.04871E-29
63,2.524355E-29
63,1.262177E-29
63,6.310887E-30
63,3.155444E-30
63,1.577722E-30
63,7.888609E-31
63,3.944305E-31
63,1.972152E-31
63,9.860761E-32
63,4.930381E-32
63,2.46519E-32
63,1.232595E-32
63,6.162976E-33
63,3.081488E-33
63,1.540744E-33
63,7.70372E-34
63,3.85186E-34
63,1.92593E-34
63,9.62965E-35
63,4.814825E-35
63,2.407412E-35
63,1.203706E-35
63,6.018531E-36
63,3.009266E-36
63,1.504633E-36
63,7.523164E-37
63,3.761582E-37
63,1.880791E-37
63,9.403955E-38
63,4.701977E-38
63,2.350989E-38
63,1.175494E-38
63,5.877472E-39
63,2.938736E-39
63,1.469368E-39
63,7.34684E-40
63,3.67342E-40
63,1.83671E-40
63,9.18355E-41
63,4.591775E-41
63,2.295887E-41
63,1.147944E-41
63,5.739719E-42
63,2.869859E-42
63,1.43493E-42
63,7.174648E-43
63,3.587324E-43
63,1.793662E-43
63,8.96831E-44
63,4.484155E-44
63,2.242078E-44
63,1.121039E-44
63,5.605194E-45
63,2.802597E-45
63,1.401298E-45
63,0
63,0
63,0
63,0
63,0
63,0
63,0
63,0
63,0
63,0
63,0
63,0
63,0
63,0
63,0
63,0
63,0
63,0
63,0
63,0
63,0
63,0
63,0
63,0
63,0
63,0
63,0
63,0
63,0
63,0
63,0
63,0
63,0
63,0
63,0
63,0
63,0
63,0
63,0
63,0
63,0
63,0
63,0
63,0
63,0
63,0
63,0
63,0
63,0
63,0
63,0
63,0
63,0
63,0
63,0
63,0
63,0
63,0
63,0
63,0
63,0
63,0
63,0
63,0
63,0
63,0
63,0
63,0
63,0
63,0
63,0
63,0
63,0
63,0
63,0
63,0
63,0
63,0
63,0
63,0
63,0
63,0
63,0
63,0
63,0
63,0
63,0
63,0
63,0
63,0
63,0
63,0
63,0
63,0
63,0
63,0
63,0
63,0
63,0
63,0
63,0
63,0
63,0
63,0
63,0
63,0
63,0
63,0
63,0
63,0
63,0
63,0
63,0
63,0
63,0
63,0
63,0
63,0
63,0
63,0
63,0
63,0
63,0
63,0
63,0
63,0
63,0
63,0
63,0
63,0
63,0
63,0
63,0
63,0
63,0
63,0
63,0
63,0
63,0
63,0
63,0
63,0
63,0
63,0
63,0
63,0
63,0
63,0
63,0
63,0
63,0
63,0
63,0
63,0
63,0
63,0
63,0
63,0
63,0
63,0
63,0
63,0
63,0
63,0
63,0
63,0
63,0
63,0
63,0
63,0
63,0
63,0
63,0
63,0
63,0
63,0
63,0
63,0
63,0
63,0
63,0
63,0
63,0
63,0
63,0
63,0
63,0
63,0
63,0
63,0
63,0
63,0
63,0
63,0
55,4
55,2
55,1
55,0.5
55,0.25
55,0.125
55,0.0625
55,0.03125
55,0.015625
55,0.0078125
55,0.00390625
55,0.001953125
55,0.0009765625
55,0.0004882813
55,0.0002441406
55,0.0001220703
55,6.103516E-05
55,3.051758E-05
55,1.525879E-05
55,7.629395E-06
55,3.814697E-06
55,1.907349E-06
55,9.536743E-07
55,4.768372E-07
55,2.384186E-07
55,1.192093E-07
55,5.960464E-08
55,2.980232E-08
55,1.490116E-08
55,7.450581E-09
55,3.72529E-09
55,1.862645E-09
55,9.313226E-10
55,4.656613E-10
55,2.328306E-10
55,1.164153E-10
55,5.820766E-11
55,2.910383E-11
55,1.455192E-11
55,7.275958E-12
55,3.637979E-12
55,1.818989E-12
55,9.094947E-13
55,4.547474E-13
55,2.273737E-13
55,1.136868E-13
55,5.684342E-14
55,2.842171E-14
55,1.421085E-14
55,7.105427E-15
55,3.552714E-15
55,1.776357E-15
55,8.881784E-16
55,4.440892E-16
55,2.220446E-16
55,1.110223E-16
55,5.551115E-17
55,2.775558E-17
55,1.387779E-17
55,6.938894E-18
55,3.469447E-18
55,1.734723E-18
55,8.673617E-19
55,4.336809E-19
55,2.168404E-19
55,1.084202E-19
55,5.421011E-20
55,2.710505E-20
55,1.355253E-20
55,6.776264E-21
55,3.388132E-21
55,1.694066E-21
55,8.470329E-22
55,4.235165E-22
55,2.117582E-22
55,1.058791E-22
55,5.293956E-23
55,2.646978E-23
55,1.323489E-23
55,6.617445E-24
55,3.308722E-24
55,1.654361E-24
55,8.271806E-25
55,4.135903E-25
55,2.067952E-25
55,1.033976E-25
55,5.169879E-26
55,2.584939E-26
55,1.29247E-26
55,6.462349E-27
55,3.231174E-27
55,1.615587E-27
55,8.077936E-28
55,4.038968E-28
55,2.019484E-28
55,1.009742E-28
55,5.04871E-29
55,2.524355E-29
55,1.262177E-29
55,6.310887E-30
55,3.155444E-30
55,1.577722E-30
55,7.888609E-31
55,3.944305E-31
55,1.972152E-31
55,9.860761E-32
55,4.930381E-32
55,2.46519E-32
55,1.232595E-32
55,6.162976E-33
55,3.081488E-33
55,1.540744E-33
55,7.70372E-34
55,3.85186E-34
55,1.92593E-34
55,9.62965E-35
55,4.814825E-35
55,2.407412E-35
55,1.203706E-35
55,6.018531E-36
55,3.009266E-36
55,1.504633E-36
55,7.523164E-37
55,3.761582E-37
55,1.880791E-37
55,9.403955E-38
55,4.701977E-38
55,2.350989E-38
55,1.175494E-38
55,5.877472E-39
55,2.938736E-39
55,1.469368E-39
55,7.34684E-40
55,3.67342E-40
55,1.83671E-40
55,9.18355E-41
55,4.591775E-41
55,2.295887E-41
55,1.147944E-41
55,5.739719E-42
55,2.869859E-42
55,1.43493E-42
55,7.174648E-43
55,3.587324E-43
55,1.793662E-43
55,8.96831E-44
55,4.484155E-44
55,2.242078E-44
55,1.121039E-44
55,5.605194E-45
55,2.802597E-45
55,1.401298E-45
55,0
55,0
55,0
55,0
55,0
55,0
55,0
55,0
55,0
55,0
55,0
55,0
55,0
55,0
55,0
55,0
55,0
55,0
55,0
55,0
55,0
55,0
55,0
55,0
55,0
55,0
55,0
55,0
55,0
55,0
55,0
55,0
55,0
55,0
55,0
55,0
55,0
55,0
55,0
55,0
55,0
55,0
55,0
55,0
55,0
55,0
55,0
55,0
55,0
55,0
55,0
55,0
55,0
55,0
55,0
55,0
55,0
55,0
55,0
55,0
55,0
55,0
55,0
55,0
55,0
55,0
55,0
55,0
55,0
55,0
55,0
55,0
55,0
55,0
55,0
55,0
55,0
55,0
55,0
55,0
55,0
55,0
55,0
55,0
55,0
55,0
55,0
55,0
55,0
55,0
55,0
55,0
55,0
55,0
55,0
55,0
55,0
55,0
55,0
55,0
55,0
55,0
55,0
55,0
55,0
55,0
55,0
55,0
55,0
55,0
55,0
55,0
55,0
55,0
55,0
55,0
55,0
55,0
55,0
55,0
55,0
55,0
55,0
55,0
55,0
55,0
55,0
55,0
55,0
55,0
55,0
55,0
55,0
55,0
55,0
55,0
55,0
55,0
55,0
55,0
55,0
55,0
55,0
55,0
55,0
55,0
55,0
55,0
55,0
55,0
55,0
55,0
55,0
55,0
55,0
55,0
55,0
55,0
55,0
55,0
55,0
55,0
55,0
55,0
55,0
55,0
55,0
55,0
55,0
55,0
55,0
55,0
55,0
55,0
55,0
55,0
55,0
55,0
55,0
55,0
55,0
55,0
55,0
55,0
55,0
55,0
55,0
55,0
55,0
55,0
55,0
55,0
55,0
55,0
55,0
55,0
55,0
55,0
55,0
55,0
55,0
55,0
55,0
55,0
55,0
55,0
55,0
55,0
55,0
55,0
55,0
55,0
55,0
55,0
55,0
55,0
55,0
55,0
55,0
55,0
55,0
56,0.5
56,0.25
56,0.125
56,0.0625
56,0.03125
56,0.015625
56,0.0078125
56,0.00390625
56,0.001953125
56,0.0009765625
56,0.0004882813
56,0.0002441406
56,0.0001220703
56,6.103516E-05
56,3.051758E-05
56,1.525879E-05
56,7.629395E-06
56,3.814697E-06
56,1.907349E-06
56,9.536743E-07
56,4.768372E-07
56,2.384186E-07
56,1.192093E-07
56,5.960464E-08
56,2.980232E-08
56,1.490116E-08
56,7.450581E-09
56,3.72529E-09
56,1.862645E-09
56,9.313226E-10
56,4.656613E-10
56,2.328306E-10
56,1.164153E-10
56,5.820766E-11
56,2.910383E-11
56,1.455192E-11
56,7.275958E-12
56,3.637979E-12
56,1.818989E-12
56,9.094947E-13
56,4.547474E-13
56,2.273737E-13
56,1.136868E-13
56,5.684342E-14
56,2.842171E-14
56,1.421085E-14
56,7.105427E-15
56,3.552714E-15
56,1.776357E-15
56,8.881784E-16
56,4.440892E-16
56,2.220446E-16
56,1.110223E-16
56,5.551115E-17
56,2.775558E-17
56,1.387779E-17
56,6.938894E-18
56,3.469447E-18
56,1.734723E-18
56,8.673617E-19
56,4.336809E-19
56,2.168404E-19
56,1.084202E-19
56,5.421011E-20
56,2.710505E-20
56,1.355253E-20
56,6.776264E-21
56,3.388132E-21
56,1.694066E-21
56,8.470329E-22
56,4.235165E-22
56,2.117582E-22
56,1.058791E-22
56,5.293956E-23
56,2.646978E-23
56,1.323489E-23
56,6.617445E-24
56,3.308722E-24
56,1.654361E-24
56,8.271806E-25
56,4.135903E-25
56,2.067952E-25
56,1.033976E-25
56,5.169879E-26
56,2.584939E-26
56,1.29247E-26
56,6.462349E-27
56,3.231174E-27
56,1.615587E-27
56,8.077936E-28
56,4.038968E-28
56,2.019484E-28
56,1.009742E-28
56,5.04871E-29
56,2.524355E-29
56,1.262177E-29
56,6.310887E-30
56,3.155444E-30
56,1.577722E-30
56,7.888609E-31
56,3.944305E-31
56,1.972152E-31
56,9.860761E-32
56,4.930381E-32
56,2.46519E-32
56,1.232595E-32
56,6.162976E-33
56,3.081488E-33
56,1.540744E-33
56,7.70372E-34
56,3.85186E-34
56,1.92593E-34
56,9.62965E-35
56,4.814825E-35
56,2.407412E-35
56,1.203706E-35
56,6.018531E-36
56,3.009266E-36
56,1.504633E-36
56,7.523164E-37
56,3.761582E-37
56,1.880791E-37
56,9.403955E-38
56,4.701977E-38
56,2.350989E-38
56,1.175494E-38
56,5.877472E-39
56,2.938736E-39
56,1.469368E-39
56,7.34684E-40
56,3.67342E-40
56,1.83671E-40
56,9.18355E-41
56,4.591775E-41
56,2.295887E-41
56,1.147944E-41
56,5.739719E-42
56,2.869859E-42
56,1.43493E-42
56,7.174648E-43
56,3.587324E-43
56,1.793662E-43
56,8.96831E-44
56,4.484155E-44
56,2.242078E-44
56,1.121039E-44
56,5.605194E-45
56,2.802597E-45
56,1.401298E-45
56,0
56,0
56,0
56,0
56,0
56,0
56,0
56,0
56,0
56,0
56,0
56,0
56,0
56,0
56,0
56,0
56,0
56,0
56,0
56,0
56,0
56,0
56,0
56,0
56,0
56,0
56,0
56,0
56,0
56,0
56,0
56,0
56,0
56,0
56,0
56,0
56,0
56,0
56,0
56,0
56,0
56,0
56,0
56,0
56,0
56,0
56,0
56,0
56,0
56,0
56,0
56,0
56,0
56,0
56,0
56,0
56,0
56,0
56,0
56,0
56,0
56,0
56,0
56,0
56,0
56,0
56,0
56,0
56,0
56,0
56,0
56,0
56,0
56,0
56,0
56,0
56,0
56,0
56,0
56,0
56,0
56,0
56,0
56,0
56,0
56,0
56,0
56,0
56,0
56,0
56,0
56,0
56,0
56,0
56,0
56,0
56,0
56,0
56,0
56,0
56,0
56,0
56,0
56,0
56,0
56,0
56,0
56,0
56,0
56,0
56,0
56,0
56,0
56,0
56,0
56,0
56,0
56,0
56,0
56,0
56,0
56,0
56,0
56,0
56,0
56,0
56,0
56,0
56,0
56,0
56,0
56,0
56,0
56,0
56,0
56,0
56,0
56,0
56,0
56,0
56,0
56,0
56,0
56,0
56,0
56,0
56,0
56,0
56,0
56,0
56,0
56,0
56,0
56,0
56,0
56,0
56,0
56,0
56,0
56,0
56,0
56,0
56,0
56,0
56,0
56,0
56,0
56,0
56,0
56,0
56,0
56,0
56,0
57,0.5
57,0.25
57,0.125
57,0.0625
57,0.03125
57,0.015625
57,0.0078125
57,0.00390625
57,0.001953125
57,0.0009765625
57,0.0004882813
57,0.0002441406
57,0.0001220703
57,6.103516E-05
57,3.051758E-05
57,1.525879E-05
57,7.629395E-06
57,3.814697E-06
57,1.907349E-06
57,9.536743E-07
57,4.768372E-07
57,2.384186E-07
57,1.192093E-07
57,5.960464E-08
57,2.980232E-08
57,1.490116E-08
57,7.450581E-09
57,3.72529E-09
57,1.862645E-09
57,9.313226E-10
57,4.656613E-10
57,2.328306E-10
57,1.164153E-10
57,5.820766E-11
57,2.910383E-11
57,1.455192E-11
57,7.275958E-12
57,3.637979E-12
57,1.818989E-12
57,9.094947E-13
57,4.547474E-13
57,2.273737E-13
57,1.136868E-13
57,5.684342E-14
57,2.842171E-14
57,1.421085E-14
57,7.105427E-15
57,3.552714E-15
57,1.776357E-15
57,8.881784E-16
57,4.440892E-16
57,2.220446E-16
57,1.110223E-16
57,5.551115E-17
57,2.775558E-17
57,1.387779E-17
57,6.938894E-18
57,3.469447E-18
57,1.734723E-18
57,8.673617E-19
57,4.336809E-19
57,2.168404E-19
57,1.084202E-19
57,5.421011E-20
57,2.710505E-20
57,1.355253E-20
57,6.776264E-21
57,3.388132E-21
57,1.694066E-21
57,8.470329E-22
57,4.235165E-22
57,2.117582E-22
57,1.058791E-22
57,5.293956E-23
57,2.646978E-23
57,1.323489E-23
57,6.617445E-24
57,3.308722E-24
57,1.654361E-24
57,8.271806E-25
57,4.135903E-25
57,2.067952E-25
57,1.033976E-25
57,5.169879E-26
57,2.584939E-26
57,1.29247E-26
57,6.462349E-27
57,3.231174E-27
57,1.615587E-27
57,8.077936E-28
57,4.038968E-28
57,2.019484E-28
57,1.009742E-28
57,5.04871E-29
57,2.524355E-29
57,1.262177E-29
57,6.310887E-30
57,3.155444E-30
57,1.577722E-30
57,7.888609E-31
57,3.944305E-31
57,1.972152E-31
57,9.860761E-32
57,4.930381E-32
57,2.46519E-32
57,1.232595E-32
57,6.162976E-33
57,3.081488E-33
57,1.540744E-33
57,7.70372E-34
57,3.85186E-34
57,1.92593E-34
57,9.62965E-35
57,4.814825E-35
57,2.407412E-35
57,1.203706E-35
57,6.018531E-36
57,3.009266E-36
57,1.504633E-36
57,7.523164E-37
57,3.761582E-37
57,1.880791E-37
57,9.403955E-38
57,4.701977E-38
57,2.350989E-38
57,1.175494E-38
57,5.877472E-39
57,2.938736E-39
57,1.469368E-39
57,7.34684E-40
57,3.67342E-40
57,1.83671E-40
57,9.18355E-41
57,4.591775E-41
57,2.295887E-41
57,1.147944E-41
57,5.739719E-42
57,2.869859E-42
57,1.43493E-42
57,7.174648E-43
57,3.587324E-43
57,1.793662E-43
57,8.96831E-44
57,4.484155E-44
57,2.242078E-44
57,1.121039E-44
57,5.605194E-45
57,2.802597E-45
57,1.401298E-45
57,0
57,0
57,0
57,0
57,0
57,0
57,0
57,0
57,0
57,0
57,0
57,0
57,0
57,0
57,0
57,0
57,0
57,0
57,0
57,0
57,0
57,0
57,0
57,0
57,0
57,0
57,0
57,0
57,0
57,0
57,0
57,0
57,0
57,0
57,0
57,0
57,0
57,0
57,0
57,0
57,0
57,0
57,0
57,0
57,0
57,0
57,0
57,0
57,0
57,0
57,0
57,0
57,0
57,0
57,0
57,0
57,0
57,0
57,0
57,0
57,0
57,0
57,0
57,0
57,0
57,0
57,0
57,0
57,0
57,0
57,0
57,0
57,0
57,0
57,0
57,0
57,0
57,0
57,0
57,0
57,0
57,0
57,0
57,0
57,0
57,0
57,0
57,0
57,0
57,0
57,0
57,0
57,0
57,0
57,0
57,0
57,0
57,0
57,0
57,0
57,0
57,0
57,0
57,0
57,0
57,0
57,0
57,0
57,0
57,0
57,0
57,0
57,0
57,0
57,0
57,0
57,0
57,0
57,0
57,0
57,0
57,0
57,0
57,0
57,0
57,0
57,0
57,0
57,0
57,0
57,0
57,0
57,0
57,0
57,0
57,0
57,0
57,0
57,0
57,0
57,0
57,0
57,0
57,0
57,0
57,0
57,0
57,0
57,0
57,0
57,0
57,0
57,0
57,0
57,0
57,0
57,0
57,0
57,0
57,0
57,0
57,0
57,0
57,0
57,0
57,0
57,0
57,0
57,0
57,0
57,0
57,0
57,0
57,0
57,0
57,0
57,0
57,0
57,0
57,0
57,0
57,0
57,0
57,0
57,0
57,0
57,0
57,0
57,0
57,0
57,0
57,0
57,0
57,0
57,0
57,0
57,0
57,0
57,0
57,0
57,0
57,0
57,0
57,0
57,0
57,0
57,0
57,0
57,0
57,0
57,0
57,0
57,0
57,0
57,0
57,0
57,0
57,0
57,0
57,0
57,0
57,0
57,0
57,0
57,0
57,0
57,0
57,0
57,0
57,0
57,0
57,0
57,0
57,0
57,0
57,0
57,0
57,0
57,0
57,0
57,0
57,0
57,0
57,0
57,0
57,0
57,0
57,0
57,0
57,0
57,0
57,0
57,0
57,0
57,0
57,0
57,0
57,0
57,0
57,0
57,0
57,0
57,0
57,0
57,0
57,0
57,0
57,0
57,0
57,0
57,0
57,0
57,0
57,0
57,0
57,0
57,0
57,0
57,0
57,0
57,0
57,0
57,0
57,0
57,0
57,0
57,0
57,0
57,0
57,0
57,0
57,0
57,0
57,0
57,0
57,0
57,0
57,0
57,0
57,0
57,0
57,0
57,0
57,0
57,0
57,0
57,0
57,0
57,0
57,0
57,0
57,0
57,0
57,0
57,0
57,0
57,0
57,0
57,0
57,0
57,0
57,0
57,0
57,0
57,0
57,0
57,0
57,0
57,0
57,0
57,0
57,0
57,0
57,0
57,0
57,0
57,0
57,0
57,0
57,0
57,0
57,0
57,0
57,0
57,0
57,0
57,0
57,0
57,0
57,0
57,0
57,0
57,0
57,0
57,0
57,0
57,0
57,0
57,0
57,0
57,0
57,0
57,0
57,0
57,0
57,0
57,0
57,0
57,0
57,0
57,0
57,0
57,0
57,0
57,0
57,0
57,0
57,0
57,0
57,0
57,0
57,0
57,0
57,0
57,0
57,0
57,0
57,0
57,0
57,0
57,0
57,0
57,0
57,0
57,0
57,0
57,0
57,0
57,0
57,0
57,0
57,0
57,0
57,0
57,0
57,0
57,0
57,0
57,0
57,0
57,0
57,0
57,0
57,0
57,0
57,0
57,0
57,0
57,0
57,0
57,0
57,0
57,0
57,0
57,0
57,0
57,0
57,0
57,0
57,0
57,0
57,0
57,0
57,0
57,0
57,0
57,0
57,0
57,0
57,0
57,0
57,0
57,0
57,0
57,0
57,0
57,0
57,0
57,0
57,0
57,0
57,0
57,0
57,0
57,0
57,0
57,0
57,0
57,0
57,0
57,0
57,0
57,0
57,0
57,0
57,0
57,0
57,0
57,0
57,0
57,0
57,0
57,0
57,0
57,0
57,0
57,0
57,0
57,0
57,0
57,0
57,0
57,0
57,0
57,0
57,0
57,0
57,0
57,0
57,0
57,0
57,0
57,0
57,0
57,0
57,0
57,0
57,0
57,0
57,0
57,0
57,0
57,0
57,0
57,0
57,0
57,0
57,0
57,0
57,0
57,0
57,0
57,0
57,0
57,0
57,0
57,0
57,0
57,0
57,0
57,0
57,0
57,0
57,0
57,0
57,0
57,0
57,0
57,0
57,0
57,0
57,0
57,0
57,0
57,0
57,0
57,0
57,0
57,0
57,0
57,0
57,0
57,0
57,0
57,0
57,0
57,0
57,0
57,0
57,0
57,0
57,0
57,0
57,0
57,0
57,0
57,0
57,0
57,0
57,0
57,0
57,0
57,0
57,0
57,0
57,0
57,0
57,0
57,0
57,0
57,0
57,0
57,0
57,0
57,0
57,0
57,0
57,0
57,0
57,0
57,0
57,0
57,0
57,0
57,0
57,0
57,0
57,0
57,0
57,0
57,0
57,0
57,0
57,0
57,0
57,0
57,0
57,0
57,0
57,0
57,0
57,0
57,0
57,0
64,3.5
64,1.75
64,0.875
64,0.4375
64,0.21875
64,0.109375
64,0.0546875
64,0.02734375
64,0.01367188
64,0.006835938
64,0.003417969
64,0.001708984
64,0.0008544922
64,0.0004272461
64,0.000213623
64,0.0001068115
64,5.340576E-05
64,2.670288E-05
64,1.335144E-05
64,6.67572E-06
64,3.33786E-06
64,1.66893E-06
64,8.34465E-07
64,4.172325E-07
64,2.086163E-07
64,1.043081E-07
64,5.215406E-08
64,2.607703E-08
64,1.303852E-08
64,6.519258E-09
64,3.259629E-09
64,1.629815E-09
64,8.149073E-10
64,4.074536E-10
64,2.037268E-10
64,1.018634E-10
64,5.09317E-11
64,2.546585E-11
64,1.273293E-11
64,6.366463E-12
64,3.183231E-12
64,1.591616E-12
64,7.958079E-13
64,3.979039E-13
64,1.98952E-13
64,9.947598E-14
64,4.973799E-14
64,2.4869E-14
64,1.24345E-14
64,6.217249E-15
64,3.108624E-15
64,1.554312E-15
64,7.771561E-16
64,3.885781E-16
64,1.94289E-16
64,9.714451E-17
64,4.857226E-17
64,2.428613E-17
64,1.214306E-17
64,6.071532E-18
64,3.035766E-18
64,1.517883E-18
64,7.589415E-19
64,3.794708E-19
64,1.897354E-19
64,9.486769E-20
64,4.743385E-20
64,2.371692E-20
64,1.185846E-20
64,5.929231E-21
64,2.964615E-21
64,1.482308E-21
64,7.411538E-22
64,3.705769E-22
64,1.852885E-22
64,9.264423E-23
64,4.632211E-23
64,2.316106E-23
64,1.158053E-23
64,5.790264E-24
64,2.895132E-24
64,1.447566E-24
64,7.23783E-25
64,3.618915E-25
64,1.809458E-25
64,9.047288E-26
64,4.523644E-26
64,2.261822E-26
64,1.130911E-26
64,5.654555E-27
64,2.827277E-27
64,1.413639E-27
64,7.068194E-28
64,3.534097E-28
64,1.767048E-28
64,8.835242E-29
64,4.417621E-29
64,2.208811E-29
64,1.104405E-29
64,5.522026E-30
64,2.761013E-30
64,1.380507E-30
64,6.902533E-31
64,3.451266E-31
64,1.725633E-31
64,8.628166E-32
64,4.314083E-32
64,2.157042E-32
64,1.078521E-32
64,5.392604E-33
64,2.696302E-33
64,1.348151E-33
64,6.740755E-34
64,3.370377E-34
64,1.685189E-34
64,8.425944E-35
64,4.212972E-35
64,2.106486E-35
64,1.053243E-35
64,5.266215E-36
64,2.633107E-36
64,1.316554E-36
64,6.582768E-37
64,3.291384E-37
64,1.645692E-37
64,8.22846E-38
64,4.11423E-38
64,2.057115E-38
64,1.028558E-38
64,5.142788E-39
64,2.571394E-39
64,1.285697E-39
64,6.428485E-40
64,3.214242E-40
64,1.607121E-40
64,8.035606E-41
64,4.017803E-41
64,2.008901E-41
64,1.004451E-41
64,5.022254E-42
64,2.511127E-42
64,1.255563E-42
64,6.277817E-43
64,3.138909E-43
64,1.569454E-43
64,7.847271E-44
64,3.923636E-44
64,1.961818E-44
64,9.809089E-45
64,5.605194E-45
64,2.802597E-45
64,1.401298E-45
64,0
64,0
64,0
64,0
64,0
64,0
64,0
64,0
64,0
64,0
64,0
64,0
64,0
64,0
64,0
64,0
64,0
64,0
64,0
64,0
64,0
64,0
64,0
64,0
64,0
64,0
64,0
64,0
64,0
64,0
64,0
64,0
64,0
64,0
64,0
64,0
64,0
64,0
64,0
64,0
64,0
64,0
64,0
64,0
64,0
64,0
64,0
64,0
64,0
64,0
64,0
64,0
64,0
64,0
64,0
64,0
64,0
64,0
64,0
64,0
64,0
64,0
64,0
64,0
64,0
64,0
64,0
64,0
64,0
64,0
64,0
64,0
64,0
64,0
64,0
64,0
64,0
64,0
64,0
64,0
64,0
64,0
64,0
64,0
64,0
64,0
64,0
64,0
64,0
64,0
64,0
64,0
64,0
64,0
64,0
64,0
64,0
64,0
64,0
64,0
64,0
64,0
64,0
64,0
64,0
64,0
64,0
64,0
64,0
64,0
64,0
64,0
64,0
64,0
64,0
64,0
64,0
64,0
64,0
64,0
64,0
64,0
64,0
64,0
64,0
64,0
64,0
64,0
64,0
64,0
64,0
64,0
64,0
64,0
64,0
64,0
64,0
64,0
64,0
64,0
64,0
64,0
64,0
64,0
64,0
64,0
64,0
64,0
64,0
64,0
64,0
64,0
64,0
64,0
64,0
64,0
64,0
64,0
64,0
64,0
64,0
64,0
64,0
64,0
64,0
64,0
64,0
64,0
64,0
64,0
64,0
64,0
64,0
64,0
64,0
64,0
64,0
64,0
64,0
64,0
64,0
64,0
64,0
64,0
64,0
64,0
64,0
64,0
64,0
64,0
64,0
64,0
64,0
64,0
64,0
64,0
64,0
64,0
64,0
64,0
64,0
64,0
64,0
64,0
64,0
64,0
64,0
64,0
64,0
64,0
64,0
64,0
64,0
64,0
64,0
64,0
64,0
69,2.5
69,1.25
69,0.625
69,0.3125
69,0.15625
69,0.078125
69,0.0390625
69,0.01953125
69,0.009765625
69,0.004882813
69,0.002441406
69,0.001220703
69,0.0006103516
69,0.0003051758
69,0.0001525879
69,7.629395E-05
69,3.814697E-05
69,1.907349E-05
69,9.536743E-06
69,4.768372E-06
69,2.384186E-06
69,1.192093E-06
69,5.960464E-07
69,2.980232E-07
69,1.490116E-07
69,7.450581E-08
69,3.72529E-08
69,1.862645E-08
69,9.313226E-09
69,4.656613E-09
69,2.328306E-09
69,1.164153E-09
69,5.820766E-10
69,2.910383E-10
69,1.455192E-10
69,7.275958E-11
69,3.637979E-11
69,1.818989E-11
69,9.094947E-12
69,4.547474E-12
69,2.273737E-12
69,1.136868E-12
69,5.684342E-13
69,2.842171E-13
69,1.421085E-13
69,7.105427E-14
69,3.552714E-14
69,1.776357E-14
69,8.881784E-15
69,4.440892E-15
69,2.220446E-15
69,1.110223E-15
69,5.551115E-16
69,2.775558E-16
69,1.387779E-16
69,6.938894E-17
69,3.469447E-17
69,1.734723E-17
69,8.673617E-18
69,4.336809E-18
69,2.168404E-18
69,1.084202E-18
69,5.421011E-19
69,2.710505E-19
69,1.355253E-19
69,6.776264E-20
69,3.388132E-20
69,1.694066E-20
69,8.470329E-21
69,4.235165E-21
69,2.117582E-21
69,1.058791E-21
69,5.293956E-22
69,2.646978E-22
69,1.323489E-22
69,6.617445E-23
69,3.308722E-23
69,1.654361E-23
69,8.271806E-24
69,4.135903E-24
69,2.067952E-24
69,1.033976E-24
69,5.169879E-25
69,2.584939E-25
69,1.29247E-25
69,6.462349E-26
69,3.231174E-26
69,1.615587E-26
69,8.077936E-27
69,4.038968E-27
69,2.019484E-27
69,1.009742E-27
69,5.04871E-28
69,2.524355E-28
69,1.262177E-28
69,6.310887E-29
69,3.155444E-29
69,1.577722E-29
69,7.888609E-30
69,3.944305E-30
69,1.972152E-30
69,9.860761E-31
69,4.930381E-31
69,2.46519E-31
69,1.232595E-31
69,6.162976E-32
69,3.081488E-32
69,1.540744E-32
69,7.70372E-33
69,3.85186E-33
69,1.92593E-33
69,9.62965E-34
69,4.814825E-34
69,2.407412E-34
69,1.203706E-34
69,6.018531E-35
69,3.009266E-35
69,1.504633E-35
69,7.523164E-36
69,3.761582E-36
69,1.880791E-36
69,9.403955E-37
69,4.701977E-37
69,2.350989E-37
69,1.175494E-37
69,5.877472E-38
69,2.938736E-38
69,1.469368E-38
69,7.34684E-39
69,3.67342E-39
69,1.83671E-39
69,9.18355E-40
69,4.591775E-40
69,2.295887E-40
69,1.147944E-40
69,5.739719E-41
69,2.869859E-41
69,1.43493E-41
69,7.174648E-42
69,3.587324E-42
69,1.793662E-42
69,8.96831E-43
69,4.484155E-43
69,2.242078E-43
69,1.121039E-43
69,5.605194E-44
69,2.802597E-44
69,1.401298E-44
69,7.006492E-45
69,2.802597E-45
69,1.401298E-45
69,0
69,0
69,0
69,0
69,0
69,0
69,0
69,0
69,0
69,0
69,0
69,0
69,0
69,0
69,0
69,0
69,0
69,0
69,0
69,0
69,0
69,0
69,0
69,0
69,0
69,0
69,0
69,0
69,0
69,0
69,0
69,0
69,0
69,0
69,0
69,0
69,0
69,0
69,0
69,0
69,0
69,0
69,0
69,0
69,0
69,0
69,0
69,0
69,0
69,0
69,0
69,0
69,0
69,0
69,0
69,0
69,0
69,0
69,0
69,0
69,0
69,0
69,0
69,0
69,0
69,0
69,0
69,0
69,0
69,0
69,0
69,0
69,0
69,0
69,0
69,0
69,0
69,0
69,0
69,0
69,0
69,0
69,0
69,0
69,0
69,0
69,0
69,0
69,0
69,0
69,0
69,0
69,0
69,0
69,0
69,0
69,0
69,0
69,0
69,0
69,0
69,0
69,0
69,0
69,0
69,0
69,0
69,0
69,0
69,0
69,0
69,0
69,0
69,0
69,0
69,0
69,0
69,0
69,0
69,0
69,0
69,0
69,0
69,0
69,0
69,0
69,0
69,0
69,0
69,0
69,0
69,0
69,0
69,0
69,0
69,0
69,0
69,0
69,0
69,0
69,0
69,0
69,0
69,0
69,0
69,0
69,0
69,0
69,0
69,0
69,0
69,0
69,0
69,0
69,0
69,0
69,0
69,0
69,0
69,0
69,0
69,0
69,0
69,0
69,0
69,0
69,0
69,0
69,0
69,0
69,0
69,0
69,0
69,0
69,0
69,0
69,0
69,0
69,0
69,0
69,0
69,0
69,0
69,0
69,0
69,0
69,0
69,0
69,0
69,0
69,0
69,0
69,0
69,0
69,0
69,0
69,0
69,0
69,0
69,0
69,0
69,0
69,0
69,0
69,0
69,0
69,0
69,0
69,0
69,0
69,0
69,0
69,0
69,0
69,0
69,0
69,0
69,0
69,0
69,0
69,0
69,0
66,1.5
66,0.75
66,0.375
66,0.1875
66,0.09375
66,0.046875
66,0.0234375
66,0.01171875
66,0.005859375
66,0.002929688
66,0.001464844
66,0.0007324219
66,0.0003662109
66,0.0001831055
66,9.155273E-05
66,4.577637E-05
66,2.288818E-05
66,1.144409E-05
66,5.722046E-06
66,2.861023E-06
66,1.430511E-06
66,7.152557E-07
66,3.576279E-07
66,1.788139E-07
66,8.940697E-08
66,4.470348E-08
66,2.235174E-08
66,1.117587E-08
66,5.587935E-09
66,2.793968E-09
66,1.396984E-09
66,6.984919E-10
66,3.49246E-10
66,1.74623E-10
66,8.731149E-11
66,4.365575E-11
66,2.182787E-11
66,1.091394E-11
66,5.456968E-12
66,2.728484E-12
66,1.364242E-12
66,6.82121E-13
66,3.410605E-13
66,1.705303E-13
66,8.526513E-14
66,4.263256E-14
66,2.131628E-14
66,1.065814E-14
66,5.329071E-15
66,2.664535E-15
66,1.332268E-15
66,6.661338E-16
66,3.330669E-16
66,1.665335E-16
66,8.326673E-17
66,4.163336E-17
66,2.081668E-17
66,1.040834E-17
66,5.20417E-18
66,2.602085E-18
66,1.301043E-18
66,6.505213E-19
66,3.252607E-19
66,1.626303E-19
66,8.131516E-20
66,4.065758E-20
66,2.032879E-20
66,1.01644E-20
66,5.082198E-21
66,2.541099E-21
66,1.270549E-21
66,6.352747E-22
66,3.176374E-22
66,1.588187E-22
66,7.940934E-23
66,3.970467E-23
66,1.985233E-23
66,9.926167E-24
66,4.963084E-24
66,2.481542E-24
66,1.240771E-24
66,6.203855E-25
66,3.101927E-25
66,1.550964E-25
66,7.754818E-26
66,3.877409E-26
66,1.938705E-26
66,9.693523E-27
66,4.846761E-27
66,2.423381E-27
66,1.21169E-27
66,6.058452E-28
66,3.029226E-28
66,1.514613E-28
66,7.573065E-29
66,3.786532E-29
66,1.893266E-29
66,9.466331E-30
66,4.733165E-30
66,2.366583E-30
66,1.183291E-30
66,5.916457E-31
66,2.958228E-31
66,1.479114E-31
66,7.395571E-32
66,3.697785E-32
66,1.848893E-32
66,9.244464E-33
66,4.622232E-33
66,2.311116E-33
66,1.155558E-33
66,5.77779E-34
66,2.888895E-34
66,1.444447E-34
66,7.222237E-35
66,3.611119E-35
66,1.805559E-35
66,9.027797E-36
66,4.513898E-36
66,2.256949E-36
66,1.128475E-36
66,5.642373E-37
66,2.821186E-37
66,1.410593E-37
66,7.052966E-38
66,3.526483E-38
66,1.763242E-38
66,8.816208E-39
66,4.408104E-39
66,2.204052E-39
66,1.102026E-39
66,5.51013E-40
66,2.755065E-40
66,1.377532E-40
66,6.887662E-41
66,3.443831E-41
66,1.721916E-41
66,8.609578E-42
66,4.304789E-42
66,2.152394E-42
66,1.076197E-42
66,5.380986E-43
66,2.690493E-43
66,1.345247E-43
66,6.726233E-44
66,3.363116E-44
66,1.681558E-44
66,8.407791E-45
66,4.203895E-45
66,2.802597E-45
66,1.401298E-45
66,0
66,0
66,0
66,0
66,0
66,0
66,0
66,0
66,0
66,0
66,0
66,0
66,0
66,0
66,0
66,0
66,0
66,0
66,0
66,0
66,0
66,0
66,0
66,0
66,0
66,0
66,0
66,0
66,0
66,0
66,0
66,0
66,0
66,0
66,0
66,0
66,0
66,0
66,0
66,0
66,0
66,0
66,0
66,0
66,0
66,0
66,0
66,0
66,0
66,0
66,0
66,0
66,0
66,0
66,0
66,0
66,0
66,0
66,0
66,0
66,0
66,0
66,0
66,0
66,0
66,0
66,0
66,0
66,0
66,0
66,0
66,0
66,0
66,0
66,0
66,0
66,0
66,0
66,0
66,0
66,0
66,0
66,0
66,0
66,0
66,0
66,0
66,0
66,0
66,0
66,0
66,0
66,0
66,0
66,0
66,0
66,0
66,0
66,0
66,0
66,0
66,0
66,0
66,0
66,0
66,0
66,0
66,0
66,0
66,0
66,0
66,0
66,0
66,0
66,0
66,0
66,0
66,0
66,0
66,0
66,0
66,0
66,0
66,0
66,0
66,0
66,0
66,0
66,0
66,0
66,0
66,0
66,0
66,0
66,0
66,0
66,0
66,0
66,0
66,0
66,0
66,0
66,0
66,0
66,0
66,0
66,0
66,0
66,0
66,0
66,0
66,0
66,0
66,0
66,0
66,0
66,0
66,0
66,0
66,0
66,0
66,0
66,0
66,0
66,0
66,0
66,0
66,0
66,0
66,0
66,0
66,0
66,0
66,0
66,0
75,4.5
75,2.25
75,1.125
75,0.5625
75,0.28125
75,0.140625
75,0.0703125
75,0.03515625
75,0.01757813
75,0.008789063
75,0.004394531
75,0.002197266
75,0.001098633
75,0.0005493164
75,0.0002746582
75,0.0001373291
75,6.866455E-05
75,3.433228E-05
75,1.716614E-05
75,8.583069E-06
75,4.291534E-06
75,2.145767E-06
75,1.072884E-06
75,5.364418E-07
75,2.682209E-07
75,1.341105E-07
75,6.705523E-08
75,3.352761E-08
75,1.676381E-08
75,8.381903E-09
75,4.190952E-09
75,2.095476E-09
75,1.047738E-09
75,5.238689E-10
75,2.619345E-10
75,1.309672E-10
75,6.548362E-11
75,3.274181E-11
75,1.63709E-11
75,8.185452E-12
75,4.092726E-12
75,2.046363E-12
75,1.023182E-12
75,5.115908E-13
75,2.557954E-13
75,1.278977E-13
75,6.394885E-14
75,3.197442E-14
75,1.598721E-14
75,7.993606E-15
75,3.996803E-15
75,1.998401E-15
75,9.992007E-16
75,4.996004E-16
75,2.498002E-16
75,1.249001E-16
75,6.245005E-17
75,3.122502E-17
75,1.561251E-17
75,7.806256E-18
75,3.903128E-18
75,1.951564E-18
75,9.75782E-19
75,4.87891E-19
75,2.439455E-19
75,1.219727E-19
75,6.098637E-20
75,3.049319E-20
75,1.524659E-20
75,7.623297E-21
75,3.811648E-21
75,1.905824E-21
75,9.529121E-22
75,4.76456E-22
75,2.38228E-22
75,1.19114E-22
75,5.9557E-23
75,2.97785E-23
75,1.488925E-23
75,7.444626E-24
75,3.722313E-24
75,1.861156E-24
75,9.305782E-25
75,4.652891E-25
75,2.326445E-25
75,1.163223E-25
75,5.816114E-26
75,2.908057E-26
75,1.454028E-26
75,7.270142E-27
75,3.635071E-27
75,1.817536E-27
75,9.087678E-28
75,4.543839E-28
75,2.271919E-28
75,1.13596E-28
75,5.679799E-29
75,2.839899E-29
75,1.41995E-29
75,7.099748E-30
75,3.549874E-30
75,1.774937E-30
75,8.874685E-31
75,4.437343E-31
75,2.218671E-31
75,1.109336E-31
75,5.546678E-32
75,2.773339E-32
75,1.38667E-32
75,6.933348E-33
75,3.466674E-33
75,1.733337E-33
75,8.666685E-34
75,4.333342E-34
75,2.166671E-34
75,1.083336E-34
75,5.416678E-35
75,2.708339E-35
75,1.354169E-35
75,6.770847E-36
75,3.385424E-36
75,1.692712E-36
75,8.463559E-37
75,4.23178E-37
75,2.11589E-37
75,1.057945E-37
75,5.289725E-38
75,2.644862E-38
75,1.322431E-38
75,6.612156E-39
75,3.306078E-39
75,1.653039E-39
75,8.265195E-40
75,4.132597E-40
75,2.066299E-40
75,1.033149E-40
75,5.165747E-41
75,2.582873E-41
75,1.291437E-41
75,6.457183E-42
75,3.228592E-42
75,1.614296E-42
75,8.071479E-43
75,4.03574E-43
75,2.01787E-43
75,1.008935E-43
75,5.044674E-44
75,2.522337E-44
75,1.261169E-44
75,5.605194E-45
75,2.802597E-45
75,1.401298E-45
75,0
75,0
75,0
75,0
75,0
75,0
75,0
75,0
75,0
75,0
75,0
75,0
75,0
75,0
75,0
75,0
75,0
75,0
75,0
75,0
75,0
75,0
75,0
75,0
75,0
75,0
75,0
75,0
75,0
75,0
75,0
75,0
75,0
75,0
75,0
75,0
75,0
75,0
75,0
75,0
75,0
75,0
75,0
75,0
75,0
75,0
75,0
75,0
75,0
75,0
75,0
75,0
75,0
75,0
75,0
75,0
75,0
75,0
75,0
75,0
75,0
75,0
75,0
75,0
75,0
75,0
75,0
75,0
75,0
75,0
75,0
75,0
75,0
75,0
75,0
75,0
75,0
75,0
75,0
75,0
75,0
75,0
75,0
75,0
75,0
75,0
75,0
75,0
75,0
75,0
75,0
75,0
75,0
75,0
75,0
75,0
75,0
75,0
75,0
75,0
75,0
75,0
75,0
75,0
75,0
75,0
75,0
75,0
75,0
75,0
75,0
75,0
75,0
75,0
75,0
75,0
75,0
75,0
75,0
75,0
75,0
75,0
75,0
75,0
75,0
75,0
75,0
75,0
75,0
75,0
75,0
75,0
75,0
75,0
75,0
75,0
75,0
75,0
75,0
75,0
75,0
75,0
75,0
75,0
75,0
75,0
75,0
82,3.5
82,1.75
82,0.875
82,0.4375
82,0.21875
82,0.109375
82,0.0546875
82,0.02734375
82,0.01367188
82,0.006835938
82,0.003417969
82,0.001708984
82,0.0008544922
82,0.0004272461
82,0.000213623
82,0.0001068115
82,5.340576E-05
82,2.670288E-05
82,1.335144E-05
82,6.67572E-06
82,3.33786E-06
82,1.66893E-06
82,8.34465E-07
82,4.172325E-07
82,2.086163E-07
82,1.043081E-07
82,5.215406E-08
82,2.607703E-08
82,1.303852E-08
82,6.519258E-09
82,3.259629E-09
82,1.629815E-09
82,8.149073E-10
82,4.074536E-10
82,2.037268E-10
82,1.018634E-10
82,5.09317E-11
82,2.546585E-11
82,1.273293E-11
82,6.366463E-12
82,3.183231E-12
82,1.591616E-12
82,7.958079E-13
82,3.979039E-13
82,1.98952E-13
82,9.947598E-14
82,4.973799E-14
82,2.4869E-14
82,1.24345E-14
82,6.217249E-15
82,3.108624E-15
82,1.554312E-15
82,7.771561E-16
82,3.885781E-16
82,1.94289E-16
82,9.714451E-17
82,4.857226E-17
82,2.428613E-17
82,1.214306E-17
82,6.071532E-18
82,3.035766E-18
82,1.517883E-18
82,7.589415E-19
82,3.794708E-19
82,1.897354E-19
82,9.486769E-20
82,4.743385E-20
82,2.371692E-20
82,1.185846E-20
82,5.929231E-21
82,2.964615E-21
82,1.482308E-21
82,7.411538E-22
82,3.705769E-22
82,1.852885E-22
82,9.264423E-23
82,4.632211E-23
82,2.316106E-23
82,1.158053E-23
82,5.790264E-24
82,2.895132E-24
82,1.447566E-24
82,7.23783E-25
82,3.618915E-25
82,1.809458E-25
82,9.047288E-26
82,4.523644E-26
82,2.261822E-26
82,1.130911E-26
82,5.654555E-27
82,2.827277E-27
82,1.413639E-27
82,7.068194E-28
82,3.534097E-28
82,1.767048E-28
82,8.835242E-29
82,4.417621E-29
82,2.208811E-29
82,1.104405E-29
82,5.522026E-30
82,2.761013E-30
82,1.380507E-30
82,6.902533E-31
82,3.451266E-31
82,1.725633E-31
82,8.628166E-32
82,4.314083E-32
82,2.157042E-32
82,1.078521E-32
82,5.392604E-33
82,2.696302E-33
82,1.348151E-33
82,6.740755E-34
82,3.370377E-34
82,1.685189E-34
82,8.425944E-35
82,4.212972E-35
82,2.106486E-35
82,1.053243E-35
82,5.266215E-36
82,2.633107E-36
82,1.316554E-36
82,6.582768E-37
82,3.291384E-37
82,1.645692E-37
82,8.22846E-38
82,4.11423E-38
82,2.057115E-38
82,1.028558E-38
82,5.142788E-39
82,2.571394E-39
82,1.285697E-39
82,6.428485E-40
82,3.214242E-40
82,1.607121E-40
82,8.035606E-41
82,4.017803E-41
82,2.008901E-41
82,1.004451E-41
82,5.022254E-42
82,2.511127E-42
82,1.255563E-42
82,6.277817E-43
82,3.138909E-43
82,1.569454E-43
82,7.847271E-44
82,3.923636E-44
82,1.961818E-44
82,9.809089E-45
82,5.605194E-45
82,2.802597E-45
82,1.401298E-45
82,0
82,0
82,0
82,0
82,0
82,0
82,0
82,0
82,0
82,0
82,0
82,0
82,0
82,0
82,0
82,0
82,0
82,0
82,0
82,0
82,0
82,0
82,0
82,0
82,0
82,0
82,0
82,0
82,0
82,0
82,0
82,0
82,0
82,0
82,0
82,0
82,0
82,0
82,0
82,0
82,0
82,0
82,0
82,0
82,0
82,0
82,0
82,0
82,0
82,0
82,0
82,0
82,0
82,0
82,0
82,0
82,0
82,0
82,0
82,0
82,0
82,0
82,0
82,0
82,0
82,0
82,0
82,0
82,0
82,0
82,0
82,0
82,0
82,0
82,0
82,0
82,0
82,0
82,0
82,0
82,0
82,0
82,0
82,0
82,0
82,0
82,0
82,0
82,0
82,0
82,0
82,0
82,0
82,0
82,0
82,0
82,0
82,0
82,0
82,0
82,0
82,0
82,0
82,0
82,0
82,0
82,0
82,0
82,0
82,0
82,0
82,0
82,0
82,0
82,0
82,0
82,0
82,0
82,0
82,0
82,0
82,0
82,0
82,0
82,0
82,0
82,0
82,0
82,0
82,0
82,0
82,0
82,0
82,0
82,0
82,0
82,0
82,0
82,0
82,0
82,0
82,0
82,0
82,0
82,0
82,0
82,0
82,0
82,0
82,0
82,0
82,0
82,0
82,0
82,0
82,0
82,0
82,0
82,0
82,0
82,0
82,0
82,0
82,0
82,0
82,0
82,0
82,0
82,0
82,0
82,0
82,0
82,0
82,0
82,0
82,0
82,0
82,0
82,0
82,0
82,0
82,0
82,0
82,0
82,0
82,0
82,0
82,0
82,0
82,0
82,0
82,0
82,0
82,0
82,0
82,0
82,0
82,0
82,0
82,0
82,0
82,0
82,0
82,0
82,0
82,0
82,0
82,0
82,0
82,0
82,0
82,0
82,0
82,0
85,1.5
85,0.75
85,0.375
85,0.1875
85,0.09375
85,0.046875
85,0.0234375
85,0.01171875
85,0.005859375
85,0.002929688
85,0.001464844
85,0.0007324219
85,0.0003662109
85,0.0001831055
85,9.155273E-05
85,4.577637E-05
85,2.288818E-05
85,1.144409E-05
85,5.722046E-06
85,2.861023E-06
85,1.430511E-06
85,7.152557E-07
85,3.576279E-07
85,1.788139E-07
85,8.940697E-08
85,4.470348E-08
85,2.235174E-08
85,1.117587E-08
85,5.587935E-09
85,2.793968E-09
85,1.396984E-09
85,6.984919E-10
85,3.49246E-10
85,1.74623E-10
85,8.731149E-11
85,4.365575E-11
85,2.182787E-11
85,1.091394E-11
85,5.456968E-12
85,2.728484E-12
85,1.364242E-12
85,6.82121E-13
85,3.410605E-13
85,1.705303E-13
85,8.526513E-14
85,4.263256E-14
85,2.131628E-14
85,1.065814E-14
85,5.329071E-15
85,2.664535E-15
85,1.332268E-15
85,6.661338E-16
85,3.330669E-16
85,1.665335E-16
85,8.326673E-17
85,4.163336E-17
85,2.081668E-17
85,1.040834E-17
85,5.20417E-18
85,2.602085E-18
85,1.301043E-18
85,6.505213E-19
85,3.252607E-19
85,1.626303E-19
85,8.131516E-20
85,4.065758E-20
85,2.032879E-20
85,1.01644E-20
85,5.082198E-21
85,2.541099E-21
85,1.270549E-21
85,6.352747E-22
85,3.176374E-22
85,1.588187E-22
85,7.940934E-23
85,3.970467E-23
85,1.985233E-23
85,9.926167E-24
85,4.963084E-24
85,2.481542E-24
85,1.240771E-24
85,6.203855E-25
85,3.101927E-25
85,1.550964E-25
85,7.754818E-26
85,3.877409E-26
85,1.938705E-26
85,9.693523E-27
85,4.846761E-27
85,2.423381E-27
85,1.21169E-27
85,6.058452E-28
85,3.029226E-28
85,1.514613E-28
85,7.573065E-29
85,3.786532E-29
85,1.893266E-29
85,9.466331E-30
85,4.733165E-30
85,2.366583E-30
85,1.183291E-30
85,5.916457E-31
85,2.958228E-31
85,1.479114E-31
85,7.395571E-32
85,3.697785E-32
85,1.848893E-32
85,9.244464E-33
85,4.622232E-33
85,2.311116E-33
85,1.155558E-33
85,5.77779E-34
85,2.888895E-34
85,1.444447E-34
85,7.222237E-35
85,3.611119E-35
85,1.805559E-35
85,9.027797E-36
85,4.513898E-36
85,2.256949E-36
85,1.128475E-36
85,5.642373E-37
85,2.821186E-37
85,1.410593E-37
85,7.052966E-38
85,3.526483E-38
85,1.763242E-38
85,8.816208E-39
85,4.408104E-39
85,2.204052E-39
85,1.102026E-39
85,5.51013E-40
85,2.755065E-40
85,1.377532E-40
85,6.887662E-41
85,3.443831E-41
85,1.721916E-41
85,8.609578E-42
85,4.304789E-42
85,2.152394E-42
85,1.076197E-42
85,5.380986E-43
85,2.690493E-43
85,1.345247E-43
85,6.726233E-44
85,3.363116E-44
85,1.681558E-44
85,8.407791E-45
85,4.203895E-45
85,2.802597E-45
85,1.401298E-45
85,0
85,0
85,0
85,0
85,0
85,0
85,0
85,0
85,0
85,0
85,0
85,0
85,0
85,0
85,0
85,0
85,0
85,0
85,0
85,0
85,0
85,0
85,0
85,0
85,0
85,0
85,0
85,0
85,0
85,0
85,0
85,0
85,0
85,0
85,0
85,0
85,0
85,0
85,0
85,0
85,0
85,0
85,0
85,0
85,0
85,0
85,0
85,0
85,0
85,0
85,0
85,0
85,0
85,0
85,0
85,0
85,0
85,0
85,0
85,0
85,0
85,0
85,0
85,0
85,0
85,0
85,0
85,0
85,0
85,0
85,0
85,0
85,0
85,0
85,0
85,0
85,0
85,0
85,0
85,0
85,0
85,0
85,0
85,0
85,0
85,0
85,0
85,0
85,0
85,0
85,0
85,0
85,0
85,0
85,0
85,0
85,0
85,0
85,0
85,0
85,0
85,0
85,0
85,0
85,0
85,0
85,0
85,0
85,0
85,0
85,0
85,0
85,0
85,0
85,0
85,0
85,0
85,0
85,0
85,0
85,0
85,0
85,0
85,0
85,0
85,0
85,0
85,0
85,0
85,0
85,0
85,0
85,0
85,0
85,0
85,0
85,0
85,0
85,0
85,0
85,0
85,0
85,0
85,0
85,0
85,0
85,0
85,0
85,0
85,0
85,0
85,0
85,0
85,0
85,0
85,0
85,0
85,0
85,0
85,0
85,0
85,0
85,0
85,0
85,0
76,4.5
76,2.25
76,1.125
76,0.5625
76,0.28125
76,0.140625
76,0.0703125
76,0.03515625
76,0.01757813
76,0.008789063
76,0.004394531
76,0.002197266
76,0.001098633
76,0.0005493164
76,0.0002746582
76,0.0001373291
76,6.866455E-05
76,3.433228E-05
76,1.716614E-05
76,8.583069E-06
76,4.291534E-06
76,2.145767E-06
76,1.072884E-06
76,5.364418E-07
76,2.682209E-07
76,1.341105E-07
76,6.705523E-08
76,3.352761E-08
76,1.676381E-08
76,8.381903E-09
76,4.190952E-09
76,2.095476E-09
76,1.047738E-09
76,5.238689E-10
76,2.619345E-10
76,1.309672E-10
76,6.548362E-11
76,3.274181E-11
76,1.63709E-11
76,8.185452E-12
76,4.092726E-12
76,2.046363E-12
76,1.023182E-12
76,5.115908E-13
76,2.557954E-13
76,1.278977E-13
76,6.394885E-14
76,3.197442E-14
76,1.598721E-14
76,7.993606E-15
76,3.996803E-15
76,1.998401E-15
76,9.992007E-16
76,4.996004E-16
76,2.498002E-16
76,1.249001E-16
76,6.245005E-17
76,3.122502E-17
76,1.561251E-17
76,7.806256E-18
76,3.903128E-18
76,1.951564E-18
76,9.75782E-19
76,4.87891E-19
76,2.439455E-19
76,1.219727E-19
76,6.098637E-20
76,3.049319E-20
76,1.524659E-20
76,7.623297E-21
76,3.811648E-21
76,1.905824E-21
76,9.529121E-22
76,4.76456E-22
76,2.38228E-22
76,1.19114E-22
76,5.9557E-23
76,2.97785E-23
76,1.488925E-23
76,7.444626E-24
76,3.722313E-24
76,1.861156E-24
76,9.305782E-25
76,4.652891E-25
76,2.326445E-25
76,1.163223E-25
76,5.816114E-26
76,2.908057E-26
76,1.454028E-26
76,7.270142E-27
76,3.635071E-27
76,1.817536E-27
76,9.087678E-28
76,4.543839E-28
76,2.271919E-28
76,1.13596E-28
76,5.679799E-29
76,2.839899E-29
76,1.41995E-29
76,7.099748E-30
76,3.549874E-30
76,1.774937E-30
76,8.874685E-31
76,4.437343E-31
76,2.218671E-31
76,1.109336E-31
76,5.546678E-32
76,2.773339E-32
76,1.38667E-32
76,6.933348E-33
76,3.466674E-33
76,1.733337E-33
76,8.666685E-34
76,4.333342E-34
76,2.166671E-34
76,1.083336E-34
76,5.416678E-35
76,2.708339E-35
76,1.354169E-35
76,6.770847E-36
76,3.385424E-36
76,1.692712E-36
76,8.463559E-37
76,4.23178E-37
76,2.11589E-37
76,1.057945E-37
76,5.289725E-38
76,2.644862E-38
76,1.322431E-38
76,6.612156E-39
76,3.306078E-39
76,1.653039E-39
76,8.265195E-40
76,4.132597E-40
76,2.066299E-40
76,1.033149E-40
76,5.165747E-41
76,2.582873E-41
76,1.291437E-41
76,6.457183E-42
76,3.228592E-42
76,1.614296E-42
76,8.071479E-43
76,4.03574E-43
76,2.01787E-43
76,1.008935E-43
76,5.044674E-44
76,2.522337E-44
76,1.261169E-44
76,5.605194E-45
76,2.802597E-45
76,1.401298E-45
76,0
76,0
76,0
76,0
76,0
76,0
76,0
76,0
76,0
76,0
76,0
76,0
76,0
76,0
76,0
76,0
76,0
76,0
76,0
76,0
76,0
76,0
76,0
76,0
76,0
76,0
76,0
76,0
76,0
76,0
76,0
76,0
76,0
76,0
76,0
76,0
76,0
76,0
76,0
76,0
76,0
76,0
76,0
76,0
76,0
76,0
76,0
76,0
76,0
76,0
76,0
76,0
76,0
76,0
76,0
76,0
76,0
76,0
76,0
76,0
76,0
76,0
76,0
76,0
76,0
76,0
76,0
76,0
76,0
76,0
76,0
76,0
76,0
76,0
76,0
76,0
76,0
76,0
76,0
76,0
76,0
76,0
76,0
76,0
76,0
76,0
76,0
76,0
76,0
76,0
76,0
76,0
76,0
76,0
76,0
76,0
76,0
76,0
76,0
76,0
76,0
76,0
76,0
76,0
76,0
76,0
76,0
76,0
76,0
76,0
76,0
76,0
76,0
76,0
76,0
76,0
76,0
76,0
76,0
76,0
76,0
76,0
76,0
76,0
76,0
76,0
76,0
76,0
76,0
76,0
76,0
76,0
76,0
76,0
76,0
76,0
76,0
76,0
76,0
76,0
76,0
76,0
76,0
76,0
76,0
76,0
76,0
76,0
76,0
76,0
76,0
76,0
76,0
76,0
76,0
76,0
76,0
76,0
76,0
76,0
76,0
76,0
76,0
76,0
76,0
76,0
76,0
76,0
76,0
76,0
76,0
76,0
76,0
76,0
76,0
76,0
76,0
76,0
76,0
76,0
76,0
76,0
76,0
76,0
76,0
76,0
76,0
76,0
76,0
76,0
76,0
76,0
77,0.5
77,0.25
77,0.125
77,0.0625
77,0.03125
77,0.015625
77,0.0078125
77,0.00390625
77,0.001953125
77,0.0009765625
77,0.0004882813
77,0.0002441406
77,0.0001220703
77,6.103516E-05
77,3.051758E-05
77,1.525879E-05
77,7.629395E-06
77,3.814697E-06
77,1.907349E-06
77,9.536743E-07
77,4.768372E-07
77,2.384186E-07
77,1.192093E-07
77,5.960464E-08
77,2.980232E-08
77,1.490116E-08
77,7.450581E-09
77,3.72529E-09
77,1.862645E-09
77,9.313226E-10
77,4.656613E-10
77,2.328306E-10
77,1.164153E-10
77,5.820766E-11
77,2.910383E-11
77,1.455192E-11
77,7.275958E-12
77,3.637979E-12
77,1.818989E-12
77,9.094947E-13
77,4.547474E-13
77,2.273737E-13
77,1.136868E-13
77,5.684342E-14
77,2.842171E-14
77,1.421085E-14
77,7.105427E-15
77,3.552714E-15
77,1.776357E-15
77,8.881784E-16
77,4.440892E-16
77,2.220446E-16
77,1.110223E-16
77,5.551115E-17
77,2.775558E-17
77,1.387779E-17
77,6.938894E-18
77,3.469447E-18
77,1.734723E-18
77,8.673617E-19
77,4.336809E-19
77,2.168404E-19
77,1.084202E-19
77,5.421011E-20
77,2.710505E-20
77,1.355253E-20
77,6.776264E-21
77,3.388132E-21
77,1.694066E-21
77,8.470329E-22
77,4.235165E-22
77,2.117582E-22
77,1.058791E-22
77,5.293956E-23
77,2.646978E-23
77,1.323489E-23
77,6.617445E-24
77,3.308722E-24
77,1.654361E-24
77,8.271806E-25
77,4.135903E-25
77,2.067952E-25
77,1.033976E-25
77,5.169879E-26
77,2.584939E-26
77,1.29247E-26
77,6.462349E-27
77,3.231174E-27
77,1.615587E-27
77,8.077936E-28
77,4.038968E-28
77,2.019484E-28
77,1.009742E-28
77,5.04871E-29
77,2.524355E-29
77,1.262177E-29
77,6.310887E-30
77,3.155444E-30
77,1.577722E-30
77,7.888609E-31
77,3.944305E-31
77,1.972152E-31
77,9.860761E-32
77,4.930381E-32
77,2.46519E-32
77,1.232595E-32
77,6.162976E-33
77,3.081488E-33
77,1.540744E-33
77,7.70372E-34
77,3.85186E-34
77,1.92593E-34
77,9.62965E-35
77,4.814825E-35
77,2.407412E-35
77,1.203706E-35
77,6.018531E-36
77,3.009266E-36
77,1.504633E-36
77,7.523164E-37
77,3.761582E-37
77,1.880791E-37
77,9.403955E-38
77,4.701977E-38
77,2.350989E-38
77,1.175494E-38
77,5.877472E-39
77,2.938736E-39
77,1.469368E-39
77,7.34684E-40
77,3.67342E-40
77,1.83671E-40
77,9.18355E-41
77,4.591775E-41
77,2.295887E-41
77,1.147944E-41
77,5.739719E-42
77,2.869859E-42
77,1.43493E-42
77,7.174648E-43
77,3.587324E-43
77,1.793662E-43
77,8.96831E-44
77,4.484155E-44
77,2.242078E-44
77,1.121039E-44
77,5.605194E-45
77,2.802597E-45
77,1.401298E-45
77,0
77,0
77,0
77,0
77,0
77,0
77,0
77,0
77,0
77,0
77,0
77,0
77,0
77,0
77,0
77,0
77,0
77,0
77,0
77,0
77,0
77,0
77,0
77,0
77,0
77,0
77,0
77,0
77,0
77,0
77,0
77,0
77,0
77,0
77,0
77,0
77,0
77,0
77,0
77,0
77,0
77,0
77,0
77,0
77,0
77,0
77,0
77,0
77,0
77,0
77,0
77,0
77,0
77,0
77,0
77,0
77,0
77,0
77,0
77,0
77,0
77,0
77,0
77,0
77,0
77,0
77,0
77,0
77,0
77,0
77,0
77,0
77,0
77,0
77,0
77,0
77,0
77,0
77,0
77,0
77,0
77,0
77,0
77,0
77,0
77,0
77,0
77,0
77,0
77,0
77,0
77,0
77,0
77,0
77,0
77,0
77,0
77,0
77,0
77,0
77,0
77,0
77,0
77,0
77,0
77,0
77,0
77,0
77,0
77,0
77,0
77,0
77,0
77,0
77,0
77,0
77,0
77,0
77,0
77,0
77,0
77,0
77,0
77,0
77,0
77,0
77,0
77,0
77,0
77,0
77,0
77,0
77,0
77,0
77,0
77,0
77,0
77,0
77,0
77,0
77,0
77,0
77,0
77,0
77,0
77,0
77,0
77,0
77,0
77,0
77,0
77,0
77,0
77,0
77,0
77,0
77,0
77,0
77,0
77,0
77,0
77,0
77,0
77,0
77,0
77,0
77,0
77,0
77,0
77,0
77,0
77,0
77,0
77,0
77,0
77,0
77,0
77,0
77,0
77,0
77,0
77,0
77,0
77,0
77,0
77,0
77,0
77,0
77,0
77,0
77,0
77,0
77,0
77,0
77,0
77,0
77,0
77,0
77,0
77,0
77,0
77,0
77,0
77,0
77,0
77,0
77,0
77,0
77,0
77,0
77,0
77,0
77,0
77,0
77,0
77,0
77,0
77,0
77,0
77,0
77,0
77,0
77,0
77,0
77,0
77,0
77,0
77,0
77,0
77,0
77,0
77,0
77,0
77,0
77,0
77,0
77,0
77,0
77,0
71,3
71,1.5
71,0.75
71,0.375
71,0.1875
71,0.09375
71,0.046875
71,0.0234375
71,0.01171875
71,0.005859375
71,0.002929688
71,0.001464844
71,0.0007324219
71,0.0003662109
71,0.0001831055
71,9.155273E-05
71,4.577637E-05
71,2.288818E-05
71,1.144409E-05
71,5.722046E-06
71,2.861023E-06
71,1.430511E-06
71,7.152557E-07
71,3.576279E-07
71,1.788139E-07
71,8.940697E-08
71,4.470348E-08
71,2.235174E-08
71,1.117587E-08
71,5.587935E-09
71,2.793968E-09
71,1.396984E-09
71,6.984919E-10
71,3.49246E-10
71,1.74623E-10
71,8.731149E-11
71,4.365575E-11
71,2.182787E-11
71,1.091394E-11
71,5.456968E-12
71,2.728484E-12
71,1.364242E-12
71,6.82121E-13
71,3.410605E-13
71,1.705303E-13
71,8.526513E-14
71,4.263256E-14
71,2.131628E-14
71,1.065814E-14
71,5.329071E-15
71,2.664535E-15
71,1.332268E-15
71,6.661338E-16
71,3.330669E-16
71,1.665335E-16
71,8.326673E-17
71,4.163336E-17
71,2.081668E-17
71,1.040834E-17
71,5.20417E-18
71,2.602085E-18
71,1.301043E-18
71,6.505213E-19
71,3.252607E-19
71,1.626303E-19
71,8.131516E-20
71,4.065758E-20
71,2.032879E-20
71,1.01644E-20
71,5.082198E-21
71,2.541099E-21
71,1.270549E-21
71,6.352747E-22
71,3.176374E-22
71,1.588187E-22
71,7.940934E-23
71,3.970467E-23
71,1.985233E-23
71,9.926167E-24
71,4.963084E-24
71,2.481542E-24
71,1.240771E-24
71,6.203855E-25
71,3.101927E-25
71,1.550964E-25
71,7.754818E-26
71,3.877409E-26
71,1.938705E-26
71,9.693523E-27
71,4.846761E-27
71,2.423381E-27
71,1.21169E-27
71,6.058452E-28
71,3.029226E-28
71,1.514613E-28
71,7.573065E-29
71,3.786532E-29
71,1.893266E-29
71,9.466331E-30
71,4.733165E-30
71,2.366583E-30
71,1.183291E-30
71,5.916457E-31
71,2.958228E-31
71,1.479114E-31
71,7.395571E-32
71,3.697785E-32
71,1.848893E-32
71,9.244464E-33
71,4.622232E-33
71,2.311116E-33
71,1.155558E-33
71,5.77779E-34
71,2.888895E-34
71,1.444447E-34
71,7.222237E-35
71,3.611119E-35
71,1.805559E-35
71,9.027797E-36
71,4.513898E-36
71,2.256949E-36
71,1.128475E-36
71,5.642373E-37
71,2.821186E-37
71,1.410593E-37
71,7.052966E-38
71,3.526483E-38
71,1.763242E-38
71,8.816208E-39
71,4.408104E-39
71,2.204052E-39
71,1.102026E-39
71,5.51013E-40
71,2.755065E-40
71,1.377532E-40
71,6.887662E-41
71,3.443831E-41
71,1.721916E-41
71,8.609578E-42
71,4.304789E-42
71,2.152394E-42
71,1.076197E-42
71,5.380986E-43
71,2.690493E-43
71,1.345247E-43
71,6.726233E-44
71,3.363116E-44
71,1.681558E-44
71,8.407791E-45
71,4.203895E-45
71,2.802597E-45
71,1.401298E-45
71,0
71,0
71,0
71,0
71,0
71,0
71,0
71,0
71,0
71,0
71,0
71,0
71,0
71,0
71,0
71,0
71,0
71,0
71,0
71,0
71,0
71,0
71,0
71,0
71,0
71,0
71,0
71,0
71,0
71,0
71,0
71,0
71,0
71,0
71,0
71,0
71,0
71,0
71,0
71,0
71,0
71,0
71,0
71,0
71,0
71,0
71,0
71,0
71,0
71,0
71,0
71,0
71,0
71,0
71,0
71,0
71,0
71,0
71,0
71,0
71,0
71,0
71,0
71,0
71,0
71,0
71,0
71,0
71,0
71,0
71,0
71,0
71,0
71,0
71,0
71,0
71,0
71,0
71,0
71,0
71,0
71,0
71,0
71,0
71,0
71,0
71,0
71,0
71,0
71,0
71,0
71,0
71,0
71,0
71,0
71,0
71,0
71,0
71,0
71,0
71,0
71,0
71,0
71,0
71,0
71,0
71,0
71,0
71,0
71,0
71,0
71,0
71,0
71,0
71,0
71,0
71,0
71,0
71,0
71,0
71,0
71,0
71,0
71,0
71,0
71,0
71,0
71,0
71,0
71,0
71,0
71,0
71,0
71,0
71,0
71,0
71,0
71,0
71,0
71,0
71,0
71,0
71,0
71,0
71,0
71,0
71,0
71,0
71,0
71,0
71,0
71,0
71,0
71,0
71,0
71,0
71,0
71,0
71,0
71,0
71,0
71,0
71,0
71,0
71,0
71,0
71,0
71,0
71,0
71,0
71,0
71,0
71,0
71,0
71,0
71,0
71,0
71,0
71,0
71,0
71,0
71,0
71,0
71,0
71,0
71,0
71,0
71,0
71,0
71,0
71,0
71,0
71,0
71,0
71,0
71,0
71,0
71,0
71,0
71,0
71,0
71,0
71,0
71,0
71,0
71,0
71,0
71,0
71,0
71,0
62,4.5
62,2.25
62,1.125
62,0.5625
62,0.28125
62,0.140625
62,0.0703125
62,0.03515625
62,0.01757813
62,0.008789063
62,0.004394531
62,0.002197266
62,0.001098633
62,0.0005493164
62,0.0002746582
62,0.0001373291
62,6.866455E-05
62,3.433228E-05
62,1.716614E-05
62,8.583069E-06
62,4.291534E-06
62,2.145767E-06
62,1.072884E-06
62,5.364418E-07
62,2.682209E-07
62,1.341105E-07
62,6.705523E-08
62,3.352761E-08
62,1.676381E-08
62,8.381903E-09
62,4.190952E-09
62,2.095476E-09
62,1.047738E-09
62,5.238689E-10
62,2.619345E-10
62,1.309672E-10
62,6.548362E-11
62,3.274181E-11
62,1.63709E-11
62,8.185452E-12
62,4.092726E-12
62,2.046363E-12
62,1.023182E-12
62,5.115908E-13
62,2.557954E-13
62,1.278977E-13
62,6.394885E-14
62,3.197442E-14
62,1.598721E-14
62,7.993606E-15
62,3.996803E-15
62,1.998401E-15
62,9.992007E-16
62,4.996004E-16
62,2.498002E-16
62,1.249001E-16
62,6.245005E-17
62,3.122502E-17
62,1.561251E-17
62,7.806256E-18
62,3.903128E-18
62,1.951564E-18
62,9.75782E-19
62,4.87891E-19
62,2.439455E-19
62,1.219727E-19
62,6.098637E-20
62,3.049319E-20
62,1.524659E-20
62,7.623297E-21
62,3.811648E-21
62,1.905824E-21
62,9.529121E-22
62,4.76456E-22
62,2.38228E-22
62,1.19114E-22
62,5.9557E-23
62,2.97785E-23
62,1.488925E-23
62,7.444626E-24
62,3.722313E-24
62,1.861156E-24
62,9.305782E-25
62,4.652891E-25
62,2.326445E-25
62,1.163223E-25
62,5.816114E-26
62,2.908057E-26
62,1.454028E-26
62,7.270142E-27
62,3.635071E-27
62,1.817536E-27
62,9.087678E-28
62,4.543839E-28
62,2.271919E-28
62,1.13596E-28
62,5.679799E-29
62,2.839899E-29
62,1.41995E-29
62,7.099748E-30
62,3.549874E-30
62,1.774937E-30
62,8.874685E-31
62,4.437343E-31
62,2.218671E-31
62,1.109336E-31
62,5.546678E-32
62,2.773339E-32
62,1.38667E-32
62,6.933348E-33
62,3.466674E-33
62,1.733337E-33
62,8.666685E-34
62,4.333342E-34
62,2.166671E-34
62,1.083336E-34
62,5.416678E-35
62,2.708339E-35
62,1.354169E-35
62,6.770847E-36
62,3.385424E-36
62,1.692712E-36
62,8.463559E-37
62,4.23178E-37
62,2.11589E-37
62,1.057945E-37
62,5.289725E-38
62,2.644862E-38
62,1.322431E-38
62,6.612156E-39
62,3.306078E-39
62,1.653039E-39
62,8.265195E-40
62,4.132597E-40
62,2.066299E-40
62,1.033149E-40
62,5.165747E-41
62,2.582873E-41
62,1.291437E-41
62,6.457183E-42
62,3.228592E-42
62,1.614296E-42
62,8.071479E-43
62,4.03574E-43
62,2.01787E-43
62,1.008935E-43
62,5.044674E-44
62,2.522337E-44
62,1.261169E-44
62,5.605194E-45
62,2.802597E-45
62,1.401298E-45
62,0
62,0
62,0
62,0
62,0
62,0
62,0
62,0
62,0
62,0
62,0
62,0
62,0
62,0
62,0
62,0
62,0
62,0
62,0
62,0
62,0
62,0
62,0
62,0
62,0
62,0
62,0
62,0
62,0
62,0
62,0
62,0
62,0
62,0
62,0
62,0
62,0
62,0
62,0
62,0
62,0
62,0
62,0
62,0
62,0
62,0
62,0
62,0
62,0
62,0
62,0
62,0
62,0
62,0
62,0
62,0
62,0
62,0
62,0
62,0
62,0
62,0
62,0
62,0
62,0
62,0
62,0
62,0
62,0
62,0
62,0
62,0
62,0
62,0
62,0
62,0
62,0
62,0
62,0
62,0
62,0
62,0
62,0
62,0
62,0
62,0
62,0
62,0
62,0
62,0
62,0
62,0
62,0
62,0
62,0
62,0
62,0
62,0
62,0
62,0
62,0
62,0
62,0
62,0
62,0
62,0
62,0
62,0
62,0
62,0
62,0
62,0
62,0
62,0
62,0
62,0
62,0
62,0
62,0
62,0
62,0
62,0
62,0
62,0
62,0
62,0
62,0
62,0
62,0
62,0
62,0
62,0
62,0
62,0
62,0
62,0
62,0
62,0
62,0
62,0
62,0
62,0
62,0
62,0
62,0
62,0
62,0
62,0
62,0
62,0
62,0
62,0
62,0
62,0
62,0
62,0
62,0
62,0
62,0
62,0
62,0
62,0
62,0
62,0
62,0
62,0
62,0
62,0
62,0
62,0
62,0
62,0
62,0
62,0
62,0
62,0
62,0
62,0
62,0
62,0
62,0
62,0
62,0
62,0
62,0
62,0
62,0
62,0
62,0
62,0
62,0
62,0
62,0
62,0
62,0
62,0
62,0
62,0
62,0
62,0
62,0
62,0
62,0
62,0
62,0
62,0
62,0
62,0
62,0
62,0
62,0
62,0
62,0
62,0
62,0
62,0
62,0
62,0
62,0
62,0
62,0
62,0
62,0
62,0
62,0
62,0
62,0
62,0
62,0
62,0
62,0
62,0
62,0
62,0
62,0
62,0
62,0
62,0
62,0
62,0
62,0
62,0
62,0
62,0
62,0
62,0
62,0
62,0
62,0
62,0
62,0
62,0
62,0
62,0
62,0
62,0
62,0
62,0
62,0
62,0
62,0
62,0
62,0
62,0
62,0
62,0
62,0
62,0
62,0
62,0
62,0
62,0
62,0
62,0
61,0.5
61,0.25
61,0.125
61,0.0625
61,0.03125
61,0.015625
61,0.0078125
61,0.00390625
61,0.001953125
61,0.0009765625
61,0.0004882813
61,0.0002441406
61,0.0001220703
61,6.103516E-05
61,3.051758E-05
61,1.525879E-05
61,7.629395E-06
61,3.814697E-06
61,1.907349E-06
61,9.536743E-07
61,4.768372E-07
61,2.384186E-07
61,1.192093E-07
61,5.960464E-08
61,2.980232E-08
61,1.490116E-08
61,7.450581E-09
61,3.72529E-09
61,1.862645E-09
61,9.313226E-10
61,4.656613E-10
61,2.328306E-10
61,1.164153E-10
61,5.820766E-11
61,2.910383E-11
61,1.455192E-11
61,7.275958E-12
61,3.637979E-12
61,1.818989E-12
61,9.094947E-13
61,4.547474E-13
61,2.273737E-13
61,1.136868E-13
61,5.684342E-14
61,2.842171E-14
61,1.421085E-14
61,7.105427E-15
61,3.552714E-15
61,1.776357E-15
61,8.881784E-16
61,4.440892E-16
61,2.220446E-16
61,1.110223E-16
61,5.551115E-17
61,2.775558E-17
61,1.387779E-17
61,6.938894E-18
61,3.469447E-18
61,1.734723E-18
61,8.673617E-19
61,4.336809E-19
61,2.168404E-19
61,1.084202E-19
61,5.421011E-20
61,2.710505E-20
61,1.355253E-20
61,6.776264E-21
61,3.388132E-21
61,1.694066E-21
61,8.470329E-22
61,4.235165E-22
61,2.117582E-22
61,1.058791E-22
61,5.293956E-23
61,2.646978E-23
61,1.323489E-23
61,6.617445E-24
61,3.308722E-24
61,1.654361E-24
61,8.271806E-25
61,4.135903E-25
61,2.067952E-25
61,1.033976E-25
61,5.169879E-26
61,2.584939E-26
61,1.29247E-26
61,6.462349E-27
61,3.231174E-27
61,1.615587E-27
61,8.077936E-28
61,4.038968E-28
61,2.019484E-28
61,1.009742E-28
61,5.04871E-29
61,2.524355E-29
61,1.262177E-29
61,6.310887E-30
61,3.155444E-30
61,1.577722E-30
61,7.888609E-31
61,3.944305E-31
61,1.972152E-31
61,9.860761E-32
61,4.930381E-32
61,2.46519E-32
61,1.232595E-32
61,6.162976E-33
61,3.081488E-33
61,1.540744E-33
61,7.70372E-34
