-1,0
-1,0
-1,0
-1,0
-1,0
-1,0
-1,0
-1,0
-1,0
-1,0
-1,0
-1,0
-1,0
-1,0
-1,0
-1,0
-1,0
-1,0
-1,0
-1,0
-1,0
-1,0
-1,0
-1,0
-1,0
-1,0
-1,0
-1,0
-1,0
-1,0
-1,0
-1,0
-1,0
-1,0
-1,0
-1,0
-1,0
-1,0
-1,0
-1,0
-1,0
-1,0
-1,0
-1,0
-1,0
-1,0
-1,0
-1,0
-1,0
-1,0
-1,0
-1,0
-1,0
-1,0
-1,0
-1,0
-1,0
-1,0
-1,0
-1,0
-1,0
-1,0
-1,0
-1,0
-1,0
-1,0
-1,0
-1,0
-1,0
-1,0
-1,0
-1,0
-1,0
-1,0
-1,0
-1,0
-1,0
-1,0
-1,0
-1,0
-1,0
-1,0
-1,0
-1,0
-1,0
-1,0
-1,0
-1,0
-1,0
-1,0
-1,0
-1,0
-1,0
-1,0
-1,0
-1,0
-1,0
-1,0
-1,0
-1,0
-1,0
-1,0
-1,0
-1,0
-1,0
-1,0
-1,0
-1,0
-1,0
-1,0
-1,0
-1,0
-1,0
-1,0
-1,0
-1,0
-1,0
-1,0
-1,0
-1,0
-1,0
-1,0
-1,0
-1,0
-1,0
-1,0
-1,0
-1,0
-1,0
-1,0
-1,0
-1,0
-1,0
-1,0
-1,0
-1,0
-1,0
-1,0
-1,0
-1,0
-1,0
-1,0
-1,0
-1,0
-1,0
-1,0
-1,0
-1,0
-1,0
-1,0
-1,0
-1,0
-1,0
-1,0
-1,0
-1,0
-1,0
-1,0
-1,0
-1,0
-1,0
-1,0
-1,0
-1,0
-1,0
-1,0
-1,0
-1,0
-1,0
-1,0
-1,0
-1,0
-1,0
-1,0
-1,0
-1,0
-1,0
-1,0
-1,0
-1,0
-1,0
-1,0
-1,0
-1,0
-1,0
-1,0
-1,0
-1,0
-1,0
-1,0
-1,0
-1,0
-1,0
-1,0
-1,0
-1,0
-1,0
-1,0
-1,0
-1,0
-1,0
-1,0
-1,0
-1,0
-1,0
-1,0
-1,0
-1,0
-1,0
-1,0
-1,0
-1,0
-1,0
-1,0
-1,0
-1,0
-1,0
-1,0
-1,0
-1,0
-1,0
-1,0
-1,0
-1,0
-1,0
-1,0
-1,0
-1,0
-1,0
-1,0
-1,0
-1,0
-1,0
-1,0
-1,0
-1,0
-1,0
-1,0
-1,0
-1,0
-1,0
-1,0
-1,0
-1,0
-1,0
-1,0
-1,0
-1,0
-1,0
-1,0
-1,0
-1,0
-1,0
-1,0
-1,0
-1,0
-1,0
-1,0
-1,0
-1,0
-1,0
-1,0
-1,0
-1,0
-1,0
-1,0
-1,0
140,0
140,0
140,0
140,0
140,0
140,0
140,0
140,0
140,0
140,0
140,0
140,0
140,0
140,0
140,0
140,0
140,0
140,0
140,0
140,0
140,0
140,0
140,0
140,0
140,0
140,0
140,0
140,0
140,0
140,0
140,0
140,0
140,0
140,0
140,0
140,0
140,0
140,0
140,0
140,0
140,0
140,0
140,0
140,0
140,0
140,0
140,0
140,0
140,0
140,0
140,0
140,0
140,0
140,0
140,0
140,0
140,0
140,0
140,0
140,0
140,0
140,0
140,0
140,0
140,0
140,0
140,0
140,0
140,0
140,0
140,0
140,0
140,0
140,0
140,0
140,0
140,0
140,0
140,0
140,0
140,0
140,0
140,0
140,0
140,0
140,0
140,0
140,0
140,0
140,0
140,0
140,0
140,0
140,0
140,0
140,0
140,0
140,0
140,0
140,0
140,0
140,0
140,0
140,0
140,0
140,0
140,0
140,0
140,0
140,0
140,0
140,0
140,0
140,0
140,0
140,0
140,0
140,0
140,0
140,0
140,0
140,0
140,0
140,0
140,0
140,0
140,0
140,0
140,0
140,0
140,0
140,0
140,0
140,0
140,0
140,0
140,0
140,0
140,0
140,0
140,0
140,0
140,0
140,0
140,0
140,0
140,0
140,0
140,0
140,0
140,0
140,0
140,0
140,0
140,0
140,0
140,0
140,0
140,0
140,0
140,0
140,0
140,0
140,0
140,0
140,0
140,0
140,0
140,0
140,0
140,0
140,0
140,0
140,0
140,0
140,0
140,0
140,0
140,0
140,0
140,0
140,0
140,0
140,0
140,0
140,0
140,0
140,0
140,0
140,0
140,0
140,0
140,0
140,0
140,0
140,0
140,0
140,0
140,0
140,0
140,0
140,0
140,0
140,0
140,0
140,0
140,0
140,0
140,0
140,0
140,0
140,0
140,0
140,0
140,0
140,0
140,0
140,0
140,0
140,0
140,0
140,0
140,0
140,0
140,0
140,0
140,0
140,0
140,0
140,0
140,0
140,0
140,0
140,0
140,0
140,0
140,0
140,0
140,0
140,0
140,0
140,0
140,0
140,0
140,0
140,0
140,0
140,0
140,0
140,0
140,0
140,0
140,0
140,0
140,0
140,0
140,0
140,0
140,0
140,0
140,0
140,0
140,0
140,0
140,0
140,0
140,0
140,0
140,0
140,0
140,0
140,0
140,0
140,0
140,0
140,0
140,0
140,0
140,0
140,0
140,0
140,0
140,0
140,0
140,0
140,0
140,0
140,0
140,0
140,0
140,0
140,0
140,0
140,0
140,0
140,0
140,0
140,0
140,0
140,0
140,0
140,0
140,0
140,0
140,0
140,0
140,0
140,0
140,0
140,0
140,0
140,0
140,0
140,0
140,0
140,0
140,0
140,0
140,0
140,0
140,0
140,0
140,0
140,0
140,0
140,0
140,0
140,0
140,0
140,0
140,0
140,0
140,0
140,0
140,0
140,0
140,0
140,0
140,0
140,0
140,0
140,0
140,0
140,0
140,0
140,0
140,0
140,0
140,0
140,0
140,0
140,0
140,0
140,0
140,0
140,0
140,0
140,0
140,0
140,0
140,0
140,0
140,0
140,0
140,0
140,0
140,0
140,0
140,0
140,0
140,0
140,0
140,0
140,0
140,0
140,0
140,0
140,0
140,0
140,0
140,0
140,0
140,0
140,0
140,0
140,0
140,0
140,0
140,0
261,60.5
261,30.25
261,15.125
261,7.5625
261,3.78125
261,1.890625
261,0.9453125
261,0.4726563
261,0.2363281
261,0.1181641
261,0.05908203
261,0.02954102
261,0.01477051
261,0.007385254
261,0.003692627
261,0.001846313
261,0.0009231567
261,0.0004615784
261,0.0002307892
261,0.0001153946
261,5.76973E-05
261,2.884865E-05
261,1.442432E-05
261,7.212162E-06
261,3.606081E-06
261,1.803041E-06
261,9.015203E-07
261,4.507601E-07
261,2.253801E-07
261,1.1269E-07
261,5.634502E-08
261,2.817251E-08
261,1.408625E-08
261,7.043127E-09
261,3.521563E-09
261,1.760782E-09
261,8.803909E-10
261,4.401954E-10
261,2.200977E-10
261,1.100489E-10
261,5.502443E-11
261,2.751221E-11
261,1.375611E-11
261,6.878054E-12
261,3.439027E-12
261,1.719513E-12
261,8.597567E-13
261,4.298784E-13
261,2.149392E-13
261,1.074696E-13
261,5.373479E-14
261,2.68674E-14
261,1.34337E-14
261,6.716849E-15
261,3.358425E-15
261,1.679212E-15
261,8.396062E-16
261,4.198031E-16
261,2.099015E-16
261,1.049508E-16
261,5.247539E-17
261,2.623769E-17
261,1.311885E-17
261,6.559423E-18
261,3.279712E-18
261,1.639856E-18
261,8.199279E-19
261,4.099639E-19
261,2.04982E-19
261,1.02491E-19
261,5.124549E-20
261,2.562275E-20
261,1.281137E-20
261,6.405687E-21
261,3.202843E-21
261,1.601422E-21
261,8.007108E-22
261,4.003554E-22
261,2.001777E-22
261,1.000889E-22
261,5.004443E-23
261,2.502221E-23
261,1.251111E-23
261,6.255553E-24
261,3.127777E-24
261,1.563888E-24
261,7.819442E-25
261,3.909721E-25
261,1.95486E-25
261,9.774302E-26
261,4.887151E-26
261,2.443576E-26
261,1.221788E-26
261,6.108939E-27
261,3.054469E-27
261,1.527235E-27
261,7.636174E-28
261,3.818087E-28
261,1.909043E-28
261,9.545217E-29
261,4.772608E-29
261,2.386304E-29
261,1.193152E-29
261,5.965761E-30
261,2.98288E-30
261,1.49144E-30
261,7.457201E-31
261,3.7286E-31
261,1.8643E-31
261,9.321501E-32
261,4.66075E-32
261,2.330375E-32
261,1.165188E-32
261,5.825938E-33
261,2.912969E-33
261,1.456485E-33
261,7.282423E-34
261,3.641211E-34
261,1.820606E-34
261,9.103028E-35
261,4.551514E-35
261,2.275757E-35
261,1.137879E-35
261,5.689393E-36
261,2.844696E-36
261,1.422348E-36
261,7.111741E-37
261,3.55587E-37
261,1.777935E-37
261,8.889676E-38
261,4.444838E-38
261,2.222419E-38
261,1.11121E-38
261,5.556048E-39
261,2.778024E-39
261,1.389012E-39
261,6.945059E-40
261,3.47253E-40
261,1.736265E-40
261,8.681324E-41
261,4.340662E-41
261,2.170331E-41
261,1.085166E-41
261,5.425828E-42
261,2.712914E-42
261,1.356457E-42
261,6.782285E-43
261,3.391142E-43
261,1.695571E-43
261,8.407791E-44
261,4.203895E-44
261,2.101948E-44
261,1.121039E-44
261,5.605194E-45
261,2.802597E-45
261,1.401298E-45
249,6
249,3
249,1.5
249,0.75
249,0.375
249,0.1875
249,0.09375
249,0.046875
249,0.0234375
249,0.01171875
249,0.005859375
249,0.002929688
249,0.001464844
249,0.0007324219
249,0.0003662109
249,0.0001831055
249,9.155273E-05
249,4.577637E-05
249,2.288818E-05
249,1.144409E-05
249,5.722046E-06
249,2.861023E-06
249,1.430511E-06
249,7.152557E-07
249,3.576279E-07
249,1.788139E-07
249,8.940697E-08
249,4.470348E-08
249,2.235174E-08
249,1.117587E-08
249,5.587935E-09
249,2.793968E-09
249,1.396984E-09
249,6.984919E-10
249,3.49246E-10
249,1.74623E-10
249,8.731149E-11
249,4.365575E-11
249,2.182787E-11
249,1.091394E-11
249,5.456968E-12
249,2.728484E-12
249,1.364242E-12
249,6.82121E-13
249,3.410605E-13
249,1.705303E-13
249,8.526513E-14
249,4.263256E-14
249,2.131628E-14
249,1.065814E-14
249,5.329071E-15
249,2.664535E-15
249,1.332268E-15
249,6.661338E-16
249,3.330669E-16
249,1.665335E-16
249,8.326673E-17
249,4.163336E-17
249,2.081668E-17
249,1.040834E-17
249,5.20417E-18
249,2.602085E-18
249,1.301043E-18
249,6.505213E-19
249,3.252607E-19
249,1.626303E-19
249,8.131516E-20
249,4.065758E-20
249,2.032879E-20
249,1.01644E-20
249,5.082198E-21
249,2.541099E-21
249,1.270549E-21
249,6.352747E-22
249,3.176374E-22
249,1.588187E-22
249,7.940934E-23
249,3.970467E-23
249,1.985233E-23
249,9.926167E-24
249,4.963084E-24
249,2.481542E-24
249,1.240771E-24
249,6.203855E-25
249,3.101927E-25
249,1.550964E-25
249,7.754818E-26
249,3.877409E-26
249,1.938705E-26
249,9.693523E-27
249,4.846761E-27
249,2.423381E-27
249,1.21169E-27
249,6.058452E-28
249,3.029226E-28
249,1.514613E-28
249,7.573065E-29
249,3.786532E-29
249,1.893266E-29
249,9.466331E-30
249,4.733165E-30
249,2.366583E-30
249,1.183291E-30
249,5.916457E-31
249,2.958228E-31
249,1.479114E-31
249,7.395571E-32
249,3.697785E-32
249,1.848893E-32
249,9.244464E-33
249,4.622232E-33
249,2.311116E-33
249,1.155558E-33
249,5.77779E-34
249,2.888895E-34
249,1.444447E-34
249,7.222237E-35
249,3.611119E-35
249,1.805559E-35
249,9.027797E-36
249,4.513898E-36
249,2.256949E-36
249,1.128475E-36
249,5.642373E-37
249,2.821186E-37
249,1.410593E-37
249,7.052966E-38
249,3.526483E-38
249,1.763242E-38
249,8.816208E-39
249,4.408104E-39
249,2.204052E-39
249,1.102026E-39
249,5.51013E-40
249,2.755065E-40
249,1.377532E-40
249,6.887662E-41
249,3.443831E-41
249,1.721916E-41
249,8.609578E-42
249,4.304789E-42
249,2.152394E-42
249,1.076197E-42
249,5.380986E-43
249,2.690493E-43
249,1.345247E-43
249,6.726233E-44
249,3.363116E-44
249,1.681558E-44
249,8.407791E-45
249,4.203895E-45
249,2.802597E-45
249,1.401298E-45
249,0
249,0
249,0
249,0
249,0
249,0
249,0
249,0
249,0
249,0
249,0
249,0
249,0
249,0
249,0
249,0
249,0
249,0
249,0
249,0
249,0
249,0
249,0
249,0
249,0
249,0
249,0
249,0
249,0
249,0
249,0
249,0
249,0
249,0
249,0
249,0
249,0
249,0
249,0
249,0
249,0
249,0
249,0
249,0
249,0
249,0
249,0
249,0
249,0
249,0
249,0
249,0
249,0
249,0
249,0
249,0
249,0
249,0
249,0
249,0
249,0
249,0
249,0
249,0
249,0
249,0
249,0
249,0
249,0
249,0
249,0
249,0
249,0
249,0
249,0
249,0
249,0
249,0
249,0
234,7.5
234,3.75
234,1.875
234,0.9375
234,0.46875
234,0.234375
234,0.1171875
234,0.05859375
234,0.02929688
234,0.01464844
234,0.007324219
234,0.003662109
234,0.001831055
234,0.0009155273
234,0.0004577637
234,0.0002288818
234,0.0001144409
234,5.722046E-05
234,2.861023E-05
234,1.430511E-05
234,7.152557E-06
234,3.576279E-06
234,1.788139E-06
234,8.940697E-07
234,4.470348E-07
234,2.235174E-07
234,1.117587E-07
234,5.587935E-08
234,2.793968E-08
234,1.396984E-08
234,6.984919E-09
234,3.49246E-09
234,1.74623E-09
234,8.731149E-10
234,4.365575E-10
234,2.182787E-10
234,1.091394E-10
234,5.456968E-11
234,2.728484E-11
234,1.364242E-11
234,6.82121E-12
234,3.410605E-12
234,1.705303E-12
234,8.526513E-13
234,4.263256E-13
234,2.131628E-13
234,1.065814E-13
234,5.329071E-14
234,2.664535E-14
234,1.332268E-14
234,6.661338E-15
234,3.330669E-15
234,1.665335E-15
234,8.326673E-16
234,4.163336E-16
234,2.081668E-16
234,1.040834E-16
234,5.20417E-17
234,2.602085E-17
234,1.301043E-17
234,6.505213E-18
234,3.252607E-18
234,1.626303E-18
234,8.131516E-19
234,4.065758E-19
234,2.032879E-19
234,1.01644E-19
234,5.082198E-20
234,2.541099E-20
234,1.270549E-20
234,6.352747E-21
234,3.176374E-21
234,1.588187E-21
234,7.940934E-22
234,3.970467E-22
234,1.985233E-22
234,9.926167E-23
234,4.963084E-23
234,2.481542E-23
234,1.240771E-23
234,6.203855E-24
234,3.101927E-24
234,1.550964E-24
234,7.754818E-25
234,3.877409E-25
234,1.938705E-25
234,9.693523E-26
234,4.846761E-26
234,2.423381E-26
234,1.21169E-26
234,6.058452E-27
234,3.029226E-27
234,1.514613E-27
234,7.573065E-28
234,3.786532E-28
234,1.893266E-28
234,9.466331E-29
234,4.733165E-29
234,2.366583E-29
234,1.183291E-29
234,5.916457E-30
234,2.958228E-30
234,1.479114E-30
234,7.395571E-31
234,3.697785E-31
234,1.848893E-31
234,9.244464E-32
234,4.622232E-32
234,2.311116E-32
234,1.155558E-32
234,5.77779E-33
234,2.888895E-33
234,1.444447E-33
234,7.222237E-34
234,3.611119E-34
234,1.805559E-34
234,9.027797E-35
234,4.513898E-35
234,2.256949E-35
234,1.128475E-35
234,5.642373E-36
234,2.821186E-36
234,1.410593E-36
234,7.052966E-37
234,3.526483E-37
234,1.763242E-37
234,8.816208E-38
234,4.408104E-38
234,2.204052E-38
234,1.102026E-38
234,5.51013E-39
234,2.755065E-39
234,1.377532E-39
234,6.887662E-40
234,3.443831E-40
234,1.721916E-40
234,8.609578E-41
234,4.304789E-41
234,2.152394E-41
234,1.076197E-41
234,5.380986E-42
234,2.690493E-42
234,1.345247E-42
234,6.726233E-43
234,3.363116E-43
234,1.681558E-43
234,8.407791E-44
234,4.203895E-44
234,2.101948E-44
234,1.121039E-44
234,5.605194E-45
234,2.802597E-45
234,1.401298E-45
234,0
234,0
234,0
234,0
234,0
234,0
234,0
234,0
234,0
234,0
234,0
234,0
234,0
234,0
234,0
234,0
234,0
234,0
234,0
234,0
234,0
234,0
234,0
234,0
234,0
234,0
234,0
234,0
234,0
234,0
234,0
234,0
234,0
234,0
234,0
234,0
234,0
234,0
234,0
234,0
234,0
234,0
234,0
234,0
234,0
234,0
234,0
234,0
234,0
234,0
234,0
234,0
234,0
234,0
234,0
234,0
234,0
234,0
234,0
234,0
234,0
234,0
234,0
234,0
234,0
234,0
234,0
234,0
234,0
234,0
234,0
234,0
234,0
234,0
234,0
234,0
234,0
234,0
234,0
234,0
234,0
234,0
234,0
234,0
234,0
234,0
234,0
234,0
234,0
234,0
234,0
234,0
234,0
234,0
234,0
234,0
234,0
234,0
234,0
234,0
234,0
234,0
234,0
234,0
234,0
234,0
234,0
234,0
234,0
234,0
234,0
234,0
234,0
234,0
234,0
234,0
234,0
234,0
234,0
234,0
234,0
234,0
234,0
234,0
234,0
234,0
234,0
234,0
234,0
234,0
234,0
234,0
234,0
234,0
234,0
234,0
234,0
234,0
234,0
234,0
234,0
234,0
234,0
234,0
234,0
234,0
234,0
234,0
234,0
234,0
234,0
234,0
234,0
234,0
234,0
234,0
234,0
234,0
234,0
234,0
234,0
234,0
234,0
234,0
234,0
234,0
234,0
234,0
234,0
234,0
234,0
234,0
234,0
234,0
234,0
234,0
234,0
234,0
234,0
234,0
234,0
234,0
234,0
234,0
234,0
234,0
234,0
234,0
234,0
234,0
234,0
234,0
234,0
234,0
234,0
234,0
234,0
234,0
234,0
234,0
234,0
234,0
234,0
234,0
234,0
234,0
234,0
241,3.5
241,1.75
241,0.875
241,0.4375
241,0.21875
241,0.109375
241,0.0546875
241,0.02734375
241,0.01367188
241,0.006835938
241,0.003417969
241,0.001708984
241,0.0008544922
241,0.0004272461
241,0.000213623
241,0.0001068115
241,5.340576E-05
241,2.670288E-05
241,1.335144E-05
241,6.67572E-06
241,3.33786E-06
241,1.66893E-06
241,8.34465E-07
241,4.172325E-07
241,2.086163E-07
241,1.043081E-07
241,5.215406E-08
241,2.607703E-08
241,1.303852E-08
241,6.519258E-09
241,3.259629E-09
241,1.629815E-09
241,8.149073E-10
241,4.074536E-10
241,2.037268E-10
241,1.018634E-10
241,5.09317E-11
241,2.546585E-11
241,1.273293E-11
241,6.366463E-12
241,3.183231E-12
241,1.591616E-12
241,7.958079E-13
241,3.979039E-13
241,1.98952E-13
241,9.947598E-14
241,4.973799E-14
241,2.4869E-14
241,1.24345E-14
241,6.217249E-15
241,3.108624E-15
241,1.554312E-15
241,7.771561E-16
241,3.885781E-16
241,1.94289E-16
241,9.714451E-17
241,4.857226E-17
241,2.428613E-17
241,1.214306E-17
241,6.071532E-18
241,3.035766E-18
241,1.517883E-18
241,7.589415E-19
241,3.794708E-19
241,1.897354E-19
241,9.486769E-20
241,4.743385E-20
241,2.371692E-20
241,1.185846E-20
241,5.929231E-21
241,2.964615E-21
241,1.482308E-21
241,7.411538E-22
241,3.705769E-22
241,1.852885E-22
241,9.264423E-23
241,4.632211E-23
241,2.316106E-23
241,1.158053E-23
241,5.790264E-24
241,2.895132E-24
241,1.447566E-24
241,7.23783E-25
241,3.618915E-25
241,1.809458E-25
241,9.047288E-26
241,4.523644E-26
241,2.261822E-26
241,1.130911E-26
241,5.654555E-27
241,2.827277E-27
241,1.413639E-27
241,7.068194E-28
241,3.534097E-28
241,1.767048E-28
241,8.835242E-29
241,4.417621E-29
241,2.208811E-29
241,1.104405E-29
241,5.522026E-30
241,2.761013E-30
241,1.380507E-30
241,6.902533E-31
241,3.451266E-31
241,1.725633E-31
241,8.628166E-32
241,4.314083E-32
241,2.157042E-32
241,1.078521E-32
241,5.392604E-33
241,2.696302E-33
241,1.348151E-33
241,6.740755E-34
241,3.370377E-34
241,1.685189E-34
241,8.425944E-35
241,4.212972E-35
241,2.106486E-35
241,1.053243E-35
241,5.266215E-36
241,2.633107E-36
241,1.316554E-36
241,6.582768E-37
241,3.291384E-37
241,1.645692E-37
241,8.22846E-38
241,4.11423E-38
241,2.057115E-38
241,1.028558E-38
241,5.142788E-39
241,2.571394E-39
241,1.285697E-39
241,6.428485E-40
241,3.214242E-40
241,1.607121E-40
241,8.035606E-41
241,4.017803E-41
241,2.008901E-41
241,1.004451E-41
241,5.022254E-42
241,2.511127E-42
241,1.255563E-42
241,6.277817E-43
241,3.138909E-43
241,1.569454E-43
241,7.847271E-44
241,3.923636E-44
241,1.961818E-44
241,9.809089E-45
241,5.605194E-45
241,2.802597E-45
241,1.401298E-45
241,0
241,0
241,0
241,0
241,0
241,0
241,0
241,0
241,0
241,0
241,0
241,0
241,0
241,0
241,0
241,0
241,0
241,0
241,0
241,0
241,0
241,0
241,0
241,0
241,0
241,0
241,0
241,0
241,0
241,0
241,0
241,0
241,0
241,0
241,0
241,0
241,0
241,0
241,0
241,0
241,0
241,0
241,0
241,0
241,0
241,0
241,0
241,0
241,0
241,0
241,0
241,0
241,0
241,0
241,0
241,0
241,0
241,0
241,0
241,0
241,0
241,0
241,0
241,0
241,0
241,0
241,0
241,0
241,0
241,0
241,0
241,0
241,0
241,0
241,0
241,0
241,0
241,0
241,0
241,0
241,0
241,0
241,0
241,0
241,0
233,4
233,2
233,1
233,0.5
233,0.25
233,0.125
233,0.0625
233,0.03125
233,0.015625
233,0.0078125
233,0.00390625
233,0.001953125
233,0.0009765625
233,0.0004882813
233,0.0002441406
233,0.0001220703
233,6.103516E-05
233,3.051758E-05
233,1.525879E-05
233,7.629395E-06
233,3.814697E-06
233,1.907349E-06
233,9.536743E-07
233,4.768372E-07
233,2.384186E-07
233,1.192093E-07
233,5.960464E-08
233,2.980232E-08
233,1.490116E-08
233,7.450581E-09
233,3.72529E-09
233,1.862645E-09
233,9.313226E-10
233,4.656613E-10
233,2.328306E-10
233,1.164153E-10
233,5.820766E-11
233,2.910383E-11
233,1.455192E-11
233,7.275958E-12
233,3.637979E-12
233,1.818989E-12
233,9.094947E-13
233,4.547474E-13
233,2.273737E-13
233,1.136868E-13
233,5.684342E-14
233,2.842171E-14
233,1.421085E-14
233,7.105427E-15
233,3.552714E-15
233,1.776357E-15
233,8.881784E-16
233,4.440892E-16
233,2.220446E-16
233,1.110223E-16
233,5.551115E-17
233,2.775558E-17
233,1.387779E-17
233,6.938894E-18
233,3.469447E-18
233,1.734723E-18
233,8.673617E-19
233,4.336809E-19
233,2.168404E-19
233,1.084202E-19
233,5.421011E-20
233,2.710505E-20
233,1.355253E-20
233,6.776264E-21
233,3.388132E-21
233,1.694066E-21
233,8.470329E-22
233,4.235165E-22
233,2.117582E-22
233,1.058791E-22
233,5.293956E-23
233,2.646978E-23
233,1.323489E-23
233,6.617445E-24
233,3.308722E-24
233,1.654361E-24
233,8.271806E-25
233,4.135903E-25
233,2.067952E-25
233,1.033976E-25
233,5.169879E-26
233,2.584939E-26
233,1.29247E-26
233,6.462349E-27
233,3.231174E-27
233,1.615587E-27
233,8.077936E-28
233,4.038968E-28
233,2.019484E-28
233,1.009742E-28
233,5.04871E-29
233,2.524355E-29
233,1.262177E-29
233,6.310887E-30
233,3.155444E-30
233,1.577722E-30
233,7.888609E-31
233,3.944305E-31
233,1.972152E-31
233,9.860761E-32
233,4.930381E-32
233,2.46519E-32
233,1.232595E-32
233,6.162976E-33
233,3.081488E-33
233,1.540744E-33
233,7.70372E-34
233,3.85186E-34
233,1.92593E-34
233,9.62965E-35
233,4.814825E-35
233,2.407412E-35
233,1.203706E-35
233,6.018531E-36
233,3.009266E-36
233,1.504633E-36
233,7.523164E-37
233,3.761582E-37
233,1.880791E-37
233,9.403955E-38
233,4.701977E-38
233,2.350989E-38
233,1.175494E-38
233,5.877472E-39
233,2.938736E-39
233,1.469368E-39
233,7.34684E-40
233,3.67342E-40
233,1.83671E-40
233,9.18355E-41
233,4.591775E-41
233,2.295887E-41
233,1.147944E-41
233,5.739719E-42
233,2.869859E-42
233,1.43493E-42
233,7.174648E-43
233,3.587324E-43
233,1.793662E-43
233,8.96831E-44
233,4.484155E-44
233,2.242078E-44
233,1.121039E-44
233,5.605194E-45
233,2.802597E-45
233,1.401298E-45
233,0
233,0
233,0
233,0
233,0
233,0
233,0
233,0
233,0
233,0
233,0
233,0
233,0
233,0
233,0
233,0
233,0
233,0
233,0
233,0
233,0
233,0
233,0
233,0
233,0
233,0
233,0
233,0
233,0
233,0
233,0
233,0
233,0
233,0
233,0
233,0
233,0
233,0
233,0
233,0
233,0
233,0
233,0
233,0
233,0
233,0
233,0
233,0
233,0
233,0
233,0
233,0
233,0
233,0
233,0
233,0
233,0
233,0
233,0
233,0
233,0
233,0
233,0
233,0
233,0
233,0
233,0
233,0
233,0
233,0
233,0
233,0
233,0
233,0
233,0
233,0
233,0
233,0
233,0
233,0
233,0
233,0
233,0
233,0
233,0
233,0
233,0
233,0
233,0
233,0
233,0
233,0
233,0
233,0
233,0
233,0
233,0
233,0
233,0
233,0
233,0
233,0
233,0
233,0
233,0
233,0
233,0
233,0
233,0
233,0
233,0
233,0
233,0
233,0
233,0
233,0
233,0
233,0
233,0
233,0
233,0
217,8
217,4
217,2
217,1
217,0.5
217,0.25
217,0.125
217,0.0625
217,0.03125
217,0.015625
217,0.0078125
217,0.00390625
217,0.001953125
217,0.0009765625
217,0.0004882813
217,0.0002441406
217,0.0001220703
217,6.103516E-05
217,3.051758E-05
217,1.525879E-05
217,7.629395E-06
217,3.814697E-06
217,1.907349E-06
217,9.536743E-07
217,4.768372E-07
217,2.384186E-07
217,1.192093E-07
217,5.960464E-08
217,2.980232E-08
217,1.490116E-08
217,7.450581E-09
217,3.72529E-09
217,1.862645E-09
217,9.313226E-10
217,4.656613E-10
217,2.328306E-10
217,1.164153E-10
217,5.820766E-11
217,2.910383E-11
217,1.455192E-11
217,7.275958E-12
217,3.637979E-12
217,1.818989E-12
217,9.094947E-13
217,4.547474E-13
217,2.273737E-13
217,1.136868E-13
217,5.684342E-14
217,2.842171E-14
217,1.421085E-14
217,7.105427E-15
217,3.552714E-15
217,1.776357E-15
217,8.881784E-16
217,4.440892E-16
217,2.220446E-16
217,1.110223E-16
217,5.551115E-17
217,2.775558E-17
217,1.387779E-17
217,6.938894E-18
217,3.469447E-18
217,1.734723E-18
217,8.673617E-19
217,4.336809E-19
217,2.168404E-19
217,1.084202E-19
217,5.421011E-20
217,2.710505E-20
217,1.355253E-20
217,6.776264E-21
217,3.388132E-21
217,1.694066E-21
217,8.470329E-22
217,4.235165E-22
217,2.117582E-22
217,1.058791E-22
217,5.293956E-23
217,2.646978E-23
217,1.323489E-23
217,6.617445E-24
217,3.308722E-24
217,1.654361E-24
217,8.271806E-25
217,4.135903E-25
217,2.067952E-25
217,1.033976E-25
217,5.169879E-26
217,2.584939E-26
217,1.29247E-26
217,6.462349E-27
217,3.231174E-27
217,1.615587E-27
217,8.077936E-28
217,4.038968E-28
217,2.019484E-28
217,1.009742E-28
217,5.04871E-29
217,2.524355E-29
217,1.262177E-29
217,6.310887E-30
217,3.155444E-30
217,1.577722E-30
217,7.888609E-31
217,3.944305E-31
217,1.972152E-31
217,9.860761E-32
217,4.930381E-32
217,2.46519E-32
217,1.232595E-32
217,6.162976E-33
217,3.081488E-33
217,1.540744E-33
217,7.70372E-34
217,3.85186E-34
217,1.92593E-34
217,9.62965E-35
217,4.814825E-35
217,2.407412E-35
217,1.203706E-35
217,6.018531E-36
217,3.009266E-36
217,1.504633E-36
217,7.523164E-37
217,3.761582E-37
217,1.880791E-37
217,9.403955E-38
217,4.701977E-38
217,2.350989E-38
217,1.175494E-38
217,5.877472E-39
217,2.938736E-39
217,1.469368E-39
217,7.34684E-40
217,3.67342E-40
217,1.83671E-40
217,9.18355E-41
217,4.591775E-41
217,2.295887E-41
217,1.147944E-41
217,5.739719E-42
217,2.869859E-42
217,1.43493E-42
217,7.174648E-43
217,3.587324E-43
217,1.793662E-43
217,8.96831E-44
217,4.484155E-44
217,2.242078E-44
217,1.121039E-44
217,5.605194E-45
217,2.802597E-45
217,1.401298E-45
217,0
217,0
217,0
217,0
217,0
217,0
217,0
217,0
217,0
217,0
217,0
217,0
217,0
217,0
217,0
217,0
217,0
217,0
217,0
217,0
217,0
217,0
217,0
217,0
217,0
217,0
217,0
217,0
217,0
217,0
217,0
217,0
217,0
217,0
217,0
217,0
217,0
217,0
217,0
217,0
217,0
217,0
217,0
217,0
217,0
217,0
217,0
217,0
217,0
217,0
217,0
217,0
217,0
217,0
217,0
217,0
217,0
217,0
217,0
217,0
217,0
217,0
217,0
217,0
217,0
217,0
217,0
217,0
217,0
217,0
217,0
217,0
217,0
217,0
217,0
217,0
217,0
217,0
217,0
217,0
217,0
217,0
217,0
217,0
217,0
217,0
217,0
217,0
217,0
217,0
217,0
217,0
217,0
217,0
217,0
217,0
217,0
217,0
217,0
217,0
217,0
217,0
217,0
217,0
217,0
223,3
223,1.5
223,0.75
223,0.375
223,0.1875
223,0.09375
223,0.046875
223,0.0234375
223,0.01171875
223,0.005859375
223,0.002929688
223,0.001464844
223,0.0007324219
223,0.0003662109
223,0.0001831055
223,9.155273E-05
223,4.577637E-05
223,2.288818E-05
223,1.144409E-05
223,5.722046E-06
223,2.861023E-06
223,1.430511E-06
223,7.152557E-07
223,3.576279E-07
223,1.788139E-07
223,8.940697E-08
223,4.470348E-08
223,2.235174E-08
223,1.117587E-08
223,5.587935E-09
223,2.793968E-09
223,1.396984E-09
223,6.984919E-10
223,3.49246E-10
223,1.74623E-10
223,8.731149E-11
223,4.365575E-11
223,2.182787E-11
223,1.091394E-11
223,5.456968E-12
223,2.728484E-12
223,1.364242E-12
223,6.82121E-13
223,3.410605E-13
223,1.705303E-13
223,8.526513E-14
223,4.263256E-14
223,2.131628E-14
223,1.065814E-14
223,5.329071E-15
223,2.664535E-15
223,1.332268E-15
223,6.661338E-16
223,3.330669E-16
223,1.665335E-16
223,8.326673E-17
223,4.163336E-17
223,2.081668E-17
223,1.040834E-17
223,5.20417E-18
223,2.602085E-18
223,1.301043E-18
223,6.505213E-19
223,3.252607E-19
223,1.626303E-19
223,8.131516E-20
223,4.065758E-20
223,2.032879E-20
223,1.01644E-20
223,5.082198E-21
223,2.541099E-21
223,1.270549E-21
223,6.352747E-22
223,3.176374E-22
223,1.588187E-22
223,7.940934E-23
223,3.970467E-23
223,1.985233E-23
223,9.926167E-24
223,4.963084E-24
223,2.481542E-24
223,1.240771E-24
223,6.203855E-25
223,3.101927E-25
223,1.550964E-25
223,7.754818E-26
223,3.877409E-26
223,1.938705E-26
223,9.693523E-27
223,4.846761E-27
223,2.423381E-27
223,1.21169E-27
223,6.058452E-28
223,3.029226E-28
223,1.514613E-28
223,7.573065E-29
223,3.786532E-29
223,1.893266E-29
223,9.466331E-30
223,4.733165E-30
223,2.366583E-30
223,1.183291E-30
223,5.916457E-31
223,2.958228E-31
223,1.479114E-31
223,7.395571E-32
223,3.697785E-32
223,1.848893E-32
223,9.244464E-33
223,4.622232E-33
223,2.311116E-33
223,1.155558E-33
223,5.77779E-34
223,2.888895E-34
223,1.444447E-34
223,7.222237E-35
223,3.611119E-35
223,1.805559E-35
223,9.027797E-36
223,4.513898E-36
223,2.256949E-36
223,1.128475E-36
223,5.642373E-37
223,2.821186E-37
223,1.410593E-37
223,7.052966E-38
223,3.526483E-38
223,1.763242E-38
223,8.816208E-39
223,4.408104E-39
223,2.204052E-39
223,1.102026E-39
223,5.51013E-40
223,2.755065E-40
223,1.377532E-40
223,6.887662E-41
223,3.443831E-41
223,1.721916E-41
223,8.609578E-42
223,4.304789E-42
223,2.152394E-42
223,1.076197E-42
223,5.380986E-43
223,2.690493E-43
223,1.345247E-43
223,6.726233E-44
223,3.363116E-44
223,1.681558E-44
223,8.407791E-45
223,4.203895E-45
223,2.802597E-45
223,1.401298E-45
223,0
223,0
223,0
223,0
223,0
223,0
223,0
223,0
223,0
223,0
223,0
223,0
223,0
223,0
223,0
223,0
223,0
223,0
223,0
223,0
223,0
223,0
223,0
223,0
223,0
223,0
223,0
223,0
223,0
223,0
223,0
223,0
223,0
223,0
223,0
223,0
223,0
223,0
223,0
223,0
223,0
223,0
223,0
223,0
223,0
223,0
223,0
223,0
223,0
223,0
223,0
223,0
223,0
223,0
223,0
223,0
223,0
223,0
223,0
223,0
223,0
223,0
223,0
223,0
223,0
223,0
223,0
223,0
223,0
223,0
223,0
223,0
223,0
223,0
223,0
223,0
223,0
223,0
223,0
223,0
223,0
223,0
223,0
222,0.5
222,0.25
222,0.125
222,0.0625
222,0.03125
222,0.015625
222,0.0078125
222,0.00390625
222,0.001953125
222,0.0009765625
222,0.0004882813
222,0.0002441406
222,0.0001220703
222,6.103516E-05
222,3.051758E-05
222,1.525879E-05
222,7.629395E-06
222,3.814697E-06
222,1.907349E-06
222,9.536743E-07
222,4.768372E-07
222,2.384186E-07
222,1.192093E-07
222,5.960464E-08
222,2.980232E-08
222,1.490116E-08
222,7.450581E-09
222,3.72529E-09
222,1.862645E-09
222,9.313226E-10
222,4.656613E-10
222,2.328306E-10
222,1.164153E-10
222,5.820766E-11
222,2.910383E-11
222,1.455192E-11
222,7.275958E-12
222,3.637979E-12
222,1.818989E-12
222,9.094947E-13
222,4.547474E-13
222,2.273737E-13
222,1.136868E-13
222,5.684342E-14
222,2.842171E-14
222,1.421085E-14
222,7.105427E-15
222,3.552714E-15
222,1.776357E-15
222,8.881784E-16
222,4.440892E-16
222,2.220446E-16
222,1.110223E-16
222,5.551115E-17
222,2.775558E-17
222,1.387779E-17
222,6.938894E-18
222,3.469447E-18
222,1.734723E-18
222,8.673617E-19
222,4.336809E-19
222,2.168404E-19
222,1.084202E-19
222,5.421011E-20
222,2.710505E-20
222,1.355253E-20
222,6.776264E-21
222,3.388132E-21
222,1.694066E-21
222,8.470329E-22
222,4.235165E-22
222,2.117582E-22
222,1.058791E-22
222,5.293956E-23
222,2.646978E-23
222,1.323489E-23
222,6.617445E-24
222,3.308722E-24
222,1.654361E-24
222,8.271806E-25
222,4.135903E-25
222,2.067952E-25
222,1.033976E-25
222,5.169879E-26
222,2.584939E-26
222,1.29247E-26
222,6.462349E-27
222,3.231174E-27
222,1.615587E-27
222,8.077936E-28
222,4.038968E-28
222,2.019484E-28
222,1.009742E-28
222,5.04871E-29
222,2.524355E-29
222,1.262177E-29
222,6.310887E-30
222,3.155444E-30
222,1.577722E-30
222,7.888609E-31
222,3.944305E-31
222,1.972152E-31
222,9.860761E-32
222,4.930381E-32
222,2.46519E-32
222,1.232595E-32
222,6.162976E-33
222,3.081488E-33
222,1.540744E-33
222,7.70372E-34
222,3.85186E-34
222,1.92593E-34
222,9.62965E-35
222,4.814825E-35
222,2.407412E-35
222,1.203706E-35
222,6.018531E-36
222,3.009266E-36
222,1.504633E-36
222,7.523164E-37
222,3.761582E-37
222,1.880791E-37
222,9.403955E-38
222,4.701977E-38
222,2.350989E-38
222,1.175494E-38
222,5.877472E-39
222,2.938736E-39
222,1.469368E-39
222,7.34684E-40
222,3.67342E-40
222,1.83671E-40
222,9.18355E-41
222,4.591775E-41
222,2.295887E-41
222,1.147944E-41
222,5.739719E-42
222,2.869859E-42
222,1.43493E-42
222,7.174648E-43
222,3.587324E-43
222,1.793662E-43
222,8.96831E-44
222,4.484155E-44
222,2.242078E-44
222,1.121039E-44
222,5.605194E-45
222,2.802597E-45
222,1.401298E-45
222,0
222,0
222,0
222,0
222,0
222,0
222,0
222,0
222,0
222,0
222,0
222,0
222,0
222,0
222,0
222,0
222,0
222,0
222,0
222,0
222,0
222,0
222,0
222,0
222,0
222,0
222,0
222,0
222,0
222,0
222,0
222,0
222,0
222,0
222,0
222,0
222,0
222,0
222,0
222,0
222,0
222,0
222,0
222,0
222,0
222,0
222,0
222,0
222,0
222,0
222,0
222,0
222,0
222,0
222,0
222,0
222,0
222,0
222,0
222,0
222,0
222,0
222,0
222,0
222,0
222,0
222,0
222,0
222,0
222,0
222,0
222,0
222,0
222,0
222,0
222,0
222,0
222,0
222,0
222,0
222,0
222,0
222,0
222,0
222,0
222,0
222,0
222,0
222,0
222,0
222,0
222,0
222,0
222,0
222,0
222,0
222,0
222,0
222,0
222,0
222,0
222,0
222,0
222,0
222,0
222,0
222,0
222,0
215,3.5
215,1.75
215,0.875
215,0.4375
215,0.21875
215,0.109375
215,0.0546875
215,0.02734375
215,0.01367188
215,0.006835938
215,0.003417969
215,0.001708984
215,0.0008544922
215,0.0004272461
215,0.000213623
215,0.0001068115
215,5.340576E-05
215,2.670288E-05
215,1.335144E-05
215,6.67572E-06
215,3.33786E-06
215,1.66893E-06
215,8.34465E-07
215,4.172325E-07
215,2.086163E-07
215,1.043081E-07
215,5.215406E-08
215,2.607703E-08
215,1.303852E-08
215,6.519258E-09
215,3.259629E-09
215,1.629815E-09
215,8.149073E-10
215,4.074536E-10
215,2.037268E-10
215,1.018634E-10
215,5.09317E-11
215,2.546585E-11
215,1.273293E-11
215,6.366463E-12
215,3.183231E-12
215,1.591616E-12
215,7.958079E-13
215,3.979039E-13
215,1.98952E-13
215,9.947598E-14
215,4.973799E-14
215,2.4869E-14
215,1.24345E-14
215,6.217249E-15
215,3.108624E-15
215,1.554312E-15
215,7.771561E-16
215,3.885781E-16
215,1.94289E-16
215,9.714451E-17
215,4.857226E-17
215,2.428613E-17
215,1.214306E-17
215,6.071532E-18
215,3.035766E-18
215,1.517883E-18
215,7.589415E-19
215,3.794708E-19
215,1.897354E-19
215,9.486769E-20
215,4.743385E-20
215,2.371692E-20
215,1.185846E-20
215,5.929231E-21
215,2.964615E-21
215,1.482308E-21
215,7.411538E-22
215,3.705769E-22
215,1.852885E-22
215,9.264423E-23
215,4.632211E-23
215,2.316106E-23
215,1.158053E-23
215,5.790264E-24
215,2.895132E-24
215,1.447566E-24
215,7.23783E-25
215,3.618915E-25
215,1.809458E-25
215,9.047288E-26
215,4.523644E-26
215,2.261822E-26
215,1.130911E-26
215,5.654555E-27
215,2.827277E-27
215,1.413639E-27
215,7.068194E-28
215,3.534097E-28
215,1.767048E-28
215,8.835242E-29
215,4.417621E-29
215,2.208811E-29
215,1.104405E-29
215,5.522026E-30
215,2.761013E-30
215,1.380507E-30
215,6.902533E-31
215,3.451266E-31
215,1.725633E-31
215,8.628166E-32
215,4.314083E-32
215,2.157042E-32
215,1.078521E-32
215,5.392604E-33
215,2.696302E-33
215,1.348151E-33
215,6.740755E-34
215,3.370377E-34
215,1.685189E-34
215,8.425944E-35
215,4.212972E-35
215,2.106486E-35
215,1.053243E-35
215,5.266215E-36
215,2.633107E-36
215,1.316554E-36
215,6.582768E-37
215,3.291384E-37
215,1.645692E-37
215,8.22846E-38
215,4.11423E-38
215,2.057115E-38
215,1.028558E-38
215,5.142788E-39
215,2.571394E-39
215,1.285697E-39
215,6.428485E-40
215,3.214242E-40
215,1.607121E-40
215,8.035606E-41
215,4.017803E-41
215,2.008901E-41
215,1.004451E-41
215,5.022254E-42
215,2.511127E-42
215,1.255563E-42
215,6.277817E-43
215,3.138909E-43
215,1.569454E-43
215,7.847271E-44
215,3.923636E-44
215,1.961818E-44
215,9.809089E-45
215,5.605194E-45
215,2.802597E-45
215,1.401298E-45
215,0
215,0
215,0
215,0
215,0
215,0
215,0
215,0
215,0
215,0
215,0
215,0
215,0
215,0
215,0
215,0
215,0
215,0
215,0
215,0
215,0
215,0
215,0
215,0
215,0
215,0
215,0
215,0
215,0
215,0
215,0
215,0
215,0
215,0
215,0
215,0
215,0
215,0
215,0
215,0
215,0
215,0
215,0
215,0
215,0
215,0
215,0
215,0
215,0
215,0
215,0
215,0
215,0
215,0
215,0
215,0
215,0
215,0
215,0
215,0
215,0
215,0
215,0
215,0
215,0
215,0
215,0
215,0
215,0
215,0
215,0
215,0
215,0
215,0
215,0
215,0
215,0
215,0
215,0
215,0
215,0
215,0
215,0
215,0
215,0
215,0
215,0
215,0
215,0
215,0
215,0
215,0
215,0
215,0
215,0
215,0
215,0
215,0
215,0
215,0
215,0
215,0
215,0
215,0
215,0
215,0
215,0
215,0
215,0
215,0
215,0
215,0
215,0
215,0
215,0
215,0
215,0
215,0
215,0
215,0
215,0
215,0
215,0
215,0
215,0
215,0
215,0
215,0
215,0
215,0
215,0
215,0
215,0
215,0
215,0
215,0
215,0
215,0
215,0
215,0
215,0
215,0
215,0
215,0
215,0
215,0
215,0
215,0
215,0
215,0
215,0
215,0
215,0
215,0
215,0
215,0
215,0
215,0
215,0
215,0
215,0
215,0
215,0
215,0
215,0
215,0
215,0
215,0
215,0
215,0
215,0
215,0
215,0
215,0
215,0
215,0
215,0
215,0
215,0
215,0
215,0
215,0
215,0
215,0
215,0
215,0
215,0
215,0
215,0
215,0
215,0
215,0
215,0
215,0
215,0
215,0
215,0
215,0
215,0
215,0
215,0
215,0
215,0
215,0
215,0
215,0
215,0
215,0
215,0
215,0
215,0
215,0
215,0
215,0
215,0
215,0
215,0
215,0
215,0
215,0
215,0
215,0
215,0
215,0
215,0
215,0
215,0
215,0
215,0
215,0
215,0
215,0
215,0
215,0
215,0
215,0
215,0
215,0
215,0
215,0
215,0
215,0
215,0
215,0
215,0
215,0
215,0
215,0
215,0
215,0
215,0
215,0
215,0
215,0
215,0
215,0
215,0
215,0
215,0
215,0
215,0
215,0
215,0
215,0
215,0
215,0
215,0
215,0
215,0
215,0
215,0
215,0
215,0
215,0
215,0
215,0
215,0
215,0
215,0
215,0
215,0
215,0
215,0
215,0
215,0
215,0
215,0
215,0
215,0
215,0
215,0
215,0
215,0
215,0
215,0
215,0
215,0
215,0
215,0
215,0
215,0
215,0
215,0
215,0
215,0
215,0
215,0
215,0
215,0
215,0
215,0
215,0
215,0
215,0
215,0
215,0
215,0
215,0
215,0
215,0
215,0
215,0
215,0
215,0
215,0
215,0
215,0
215,0
215,0
215,0
215,0
215,0
215,0
215,0
215,0
215,0
215,0
215,0
215,0
215,0
215,0
215,0
215,0
215,0
215,0
215,0
215,0
215,0
215,0
215,0
215,0
215,0
215,0
215,0
215,0
215,0
215,0
215,0
215,0
215,0
215,0
215,0
215,0
215,0
215,0
215,0
215,0
215,0
215,0
215,0
215,0
215,0
215,0
215,0
215,0
215,0
215,0
215,0
215,0
215,0
215,0
215,0
215,0
215,0
215,0
215,0
215,0
215,0
215,0
215,0
215,0
215,0
215,0
215,0
215,0
215,0
215,0
215,0
215,0
215,0
215,0
215,0
215,0
215,0
215,0
215,0
215,0
215,0
215,0
215,0
215,0
215,0
215,0
215,0
215,0
215,0
215,0
215,0
215,0
215,0
215,0
215,0
215,0
215,0
215,0
215,0
215,0
215,0
215,0
222,3.5
222,1.75
222,0.875
222,0.4375
222,0.21875
222,0.109375
222,0.0546875
222,0.02734375
222,0.01367188
222,0.006835938
222,0.003417969
222,0.001708984
222,0.0008544922
222,0.0004272461
222,0.000213623
222,0.0001068115
222,5.340576E-05
222,2.670288E-05
222,1.335144E-05
222,6.67572E-06
222,3.33786E-06
222,1.66893E-06
222,8.34465E-07
222,4.172325E-07
222,2.086163E-07
222,1.043081E-07
222,5.215406E-08
222,2.607703E-08
222,1.303852E-08
222,6.519258E-09
222,3.259629E-09
222,1.629815E-09
222,8.149073E-10
222,4.074536E-10
222,2.037268E-10
222,1.018634E-10
222,5.09317E-11
222,2.546585E-11
222,1.273293E-11
222,6.366463E-12
222,3.183231E-12
222,1.591616E-12
222,7.958079E-13
222,3.979039E-13
222,1.98952E-13
222,9.947598E-14
222,4.973799E-14
222,2.4869E-14
222,1.24345E-14
222,6.217249E-15
222,3.108624E-15
222,1.554312E-15
222,7.771561E-16
222,3.885781E-16
222,1.94289E-16
222,9.714451E-17
222,4.857226E-17
222,2.428613E-17
222,1.214306E-17
222,6.071532E-18
222,3.035766E-18
222,1.517883E-18
222,7.589415E-19
222,3.794708E-19
222,1.897354E-19
222,9.486769E-20
222,4.743385E-20
222,2.371692E-20
222,1.185846E-20
222,5.929231E-21
222,2.964615E-21
222,1.482308E-21
222,7.411538E-22
222,3.705769E-22
222,1.852885E-22
222,9.264423E-23
222,4.632211E-23
222,2.316106E-23
222,1.158053E-23
222,5.790264E-24
222,2.895132E-24
222,1.447566E-24
222,7.23783E-25
222,3.618915E-25
222,1.809458E-25
222,9.047288E-26
222,4.523644E-26
222,2.261822E-26
222,1.130911E-26
222,5.654555E-27
222,2.827277E-27
222,1.413639E-27
222,7.068194E-28
222,3.534097E-28
222,1.767048E-28
222,8.835242E-29
222,4.417621E-29
222,2.208811E-29
222,1.104405E-29
222,5.522026E-30
222,2.761013E-30
222,1.380507E-30
222,6.902533E-31
222,3.451266E-31
222,1.725633E-31
222,8.628166E-32
222,4.314083E-32
222,2.157042E-32
222,1.078521E-32
222,5.392604E-33
222,2.696302E-33
222,1.348151E-33
222,6.740755E-34
222,3.370377E-34
222,1.685189E-34
222,8.425944E-35
222,4.212972E-35
222,2.106486E-35
222,1.053243E-35
222,5.266215E-36
222,2.633107E-36
222,1.316554E-36
222,6.582768E-37
222,3.291384E-37
222,1.645692E-37
222,8.22846E-38
222,4.11423E-38
222,2.057115E-38
222,1.028558E-38
222,5.142788E-39
222,2.571394E-39
222,1.285697E-39
222,6.428485E-40
222,3.214242E-40
222,1.607121E-40
222,8.035606E-41
222,4.017803E-41
222,2.008901E-41
222,1.004451E-41
222,5.022254E-42
222,2.511127E-42
222,1.255563E-42
222,6.277817E-43
222,3.138909E-43
222,1.569454E-43
222,7.847271E-44
222,3.923636E-44
222,1.961818E-44
222,9.809089E-45
222,5.605194E-45
222,2.802597E-45
222,1.401298E-45
222,0
222,0
222,0
222,0
222,0
222,0
222,0
222,0
222,0
222,0
222,0
222,0
222,0
222,0
222,0
222,0
222,0
222,0
222,0
222,0
222,0
222,0
222,0
222,0
222,0
222,0
222,0
222,0
222,0
222,0
222,0
222,0
222,0
222,0
222,0
222,0
222,0
222,0
222,0
222,0
222,0
222,0
222,0
222,0
222,0
222,0
222,0
222,0
222,0
222,0
222,0
222,0
222,0
222,0
222,0
222,0
222,0
222,0
222,0
222,0
222,0
222,0
222,0
222,0
222,0
222,0
222,0
222,0
222,0
222,0
222,0
222,0
222,0
222,0
222,0
222,0
222,0
222,0
222,0
222,0
222,0
222,0
222,0
222,0
222,0
222,0
222,0
222,0
222,0
222,0
222,0
222,0
216,3
216,1.5
216,0.75
216,0.375
216,0.1875
216,0.09375
216,0.046875
216,0.0234375
216,0.01171875
216,0.005859375
216,0.002929688
216,0.001464844
216,0.0007324219
216,0.0003662109
216,0.0001831055
216,9.155273E-05
216,4.577637E-05
216,2.288818E-05
216,1.144409E-05
216,5.722046E-06
216,2.861023E-06
216,1.430511E-06
216,7.152557E-07
216,3.576279E-07
216,1.788139E-07
216,8.940697E-08
216,4.470348E-08
216,2.235174E-08
216,1.117587E-08
216,5.587935E-09
216,2.793968E-09
216,1.396984E-09
216,6.984919E-10
216,3.49246E-10
216,1.74623E-10
216,8.731149E-11
216,4.365575E-11
216,2.182787E-11
216,1.091394E-11
216,5.456968E-12
216,2.728484E-12
216,1.364242E-12
216,6.82121E-13
216,3.410605E-13
216,1.705303E-13
216,8.526513E-14
216,4.263256E-14
216,2.131628E-14
216,1.065814E-14
216,5.329071E-15
216,2.664535E-15
216,1.332268E-15
216,6.661338E-16
216,3.330669E-16
216,1.665335E-16
216,8.326673E-17
216,4.163336E-17
216,2.081668E-17
216,1.040834E-17
216,5.20417E-18
216,2.602085E-18
216,1.301043E-18
216,6.505213E-19
216,3.252607E-19
216,1.626303E-19
216,8.131516E-20
216,4.065758E-20
216,2.032879E-20
216,1.01644E-20
216,5.082198E-21
216,2.541099E-21
216,1.270549E-21
216,6.352747E-22
216,3.176374E-22
216,1.588187E-22
216,7.940934E-23
216,3.970467E-23
216,1.985233E-23
216,9.926167E-24
216,4.963084E-24
216,2.481542E-24
216,1.240771E-24
216,6.203855E-25
216,3.101927E-25
216,1.550964E-25
216,7.754818E-26
216,3.877409E-26
216,1.938705E-26
216,9.693523E-27
216,4.846761E-27
216,2.423381E-27
216,1.21169E-27
216,6.058452E-28
216,3.029226E-28
216,1.514613E-28
216,7.573065E-29
216,3.786532E-29
216,1.893266E-29
216,9.466331E-30
216,4.733165E-30
216,2.366583E-30
216,1.183291E-30
216,5.916457E-31
216,2.958228E-31
216,1.479114E-31
216,7.395571E-32
216,3.697785E-32
216,1.848893E-32
216,9.244464E-33
216,4.622232E-33
216,2.311116E-33
216,1.155558E-33
216,5.77779E-34
216,2.888895E-34
216,1.444447E-34
216,7.222237E-35
216,3.611119E-35
216,1.805559E-35
216,9.027797E-36
216,4.513898E-36
216,2.256949E-36
216,1.128475E-36
216,5.642373E-37
216,2.821186E-37
216,1.410593E-37
216,7.052966E-38
216,3.526483E-38
216,1.763242E-38
216,8.816208E-39
216,4.408104E-39
216,2.204052E-39
216,1.102026E-39
216,5.51013E-40
216,2.755065E-40
216,1.377532E-40
216,6.887662E-41
216,3.443831E-41
216,1.721916E-41
216,8.609578E-42
216,4.304789E-42
216,2.152394E-42
216,1.076197E-42
216,5.380986E-43
216,2.690493E-43
216,1.345247E-43
216,6.726233E-44
216,3.363116E-44
216,1.681558E-44
216,8.407791E-45
216,4.203895E-45
216,2.802597E-45
216,1.401298E-45
216,0
216,0
216,0
216,0
216,0
216,0
216,0
216,0
216,0
216,0
216,0
216,0
216,0
216,0
216,0
216,0
216,0
216,0
216,0
216,0
216,0
216,0
216,0
216,0
216,0
216,0
216,0
216,0
216,0
216,0
216,0
216,0
216,0
216,0
216,0
216,0
216,0
216,0
216,0
216,0
216,0
216,0
216,0
216,0
216,0
216,0
216,0
216,0
216,0
216,0
216,0
216,0
216,0
216,0
216,0
216,0
216,0
216,0
216,0
216,0
216,0
216,0
216,0
216,0
216,0
216,0
216,0
216,0
216,0
216,0
216,0
216,0
216,0
216,0
216,0
216,0
216,0
216,0
216,0
216,0
216,0
216,0
216,0
216,0
216,0
216,0
216,0
216,0
216,0
216,0
216,0
216,0
216,0
216,0
216,0
216,0
216,0
216,0
216,0
216,0
216,0
216,0
216,0
216,0
216,0
216,0
216,0
216,0
216,0
216,0
216,0
222,3
222,1.5
222,0.75
222,0.375
222,0.1875
222,0.09375
222,0.046875
222,0.0234375
222,0.01171875
222,0.005859375
222,0.002929688
222,0.001464844
222,0.0007324219
222,0.0003662109
222,0.0001831055
222,9.155273E-05
222,4.577637E-05
222,2.288818E-05
222,1.144409E-05
222,5.722046E-06
222,2.861023E-06
222,1.430511E-06
222,7.152557E-07
222,3.576279E-07
222,1.788139E-07
222,8.940697E-08
222,4.470348E-08
222,2.235174E-08
222,1.117587E-08
222,5.587935E-09
222,2.793968E-09
222,1.396984E-09
222,6.984919E-10
222,3.49246E-10
222,1.74623E-10
222,8.731149E-11
222,4.365575E-11
222,2.182787E-11
222,1.091394E-11
222,5.456968E-12
222,2.728484E-12
222,1.364242E-12
222,6.82121E-13
222,3.410605E-13
222,1.705303E-13
222,8.526513E-14
222,4.263256E-14
222,2.131628E-14
222,1.065814E-14
222,5.329071E-15
222,2.664535E-15
222,1.332268E-15
222,6.661338E-16
222,3.330669E-16
222,1.665335E-16
222,8.326673E-17
222,4.163336E-17
222,2.081668E-17
222,1.040834E-17
222,5.20417E-18
222,2.602085E-18
222,1.301043E-18
222,6.505213E-19
222,3.252607E-19
222,1.626303E-19
222,8.131516E-20
222,4.065758E-20
222,2.032879E-20
222,1.01644E-20
222,5.082198E-21
222,2.541099E-21
222,1.270549E-21
222,6.352747E-22
222,3.176374E-22
222,1.588187E-22
222,7.940934E-23
222,3.970467E-23
222,1.985233E-23
222,9.926167E-24
222,4.963084E-24
222,2.481542E-24
222,1.240771E-24
222,6.203855E-25
222,3.101927E-25
222,1.550964E-25
222,7.754818E-26
222,3.877409E-26
222,1.938705E-26
222,9.693523E-27
222,4.846761E-27
222,2.423381E-27
222,1.21169E-27
222,6.058452E-28
222,3.029226E-28
222,1.514613E-28
222,7.573065E-29
222,3.786532E-29
222,1.893266E-29
222,9.466331E-30
222,4.733165E-30
222,2.366583E-30
222,1.183291E-30
222,5.916457E-31
222,2.958228E-31
222,1.479114E-31
222,7.395571E-32
222,3.697785E-32
222,1.848893E-32
222,9.244464E-33
222,4.622232E-33
222,2.311116E-33
222,1.155558E-33
222,5.77779E-34
222,2.888895E-34
222,1.444447E-34
222,7.222237E-35
222,3.611119E-35
222,1.805559E-35
222,9.027797E-36
222,4.513898E-36
222,2.256949E-36
222,1.128475E-36
222,5.642373E-37
222,2.821186E-37
222,1.410593E-37
222,7.052966E-38
222,3.526483E-38
222,1.763242E-38
222,8.816208E-39
222,4.408104E-39
222,2.204052E-39
222,1.102026E-39
222,5.51013E-40
222,2.755065E-40
222,1.377532E-40
222,6.887662E-41
222,3.443831E-41
222,1.721916E-41
222,8.609578E-42
222,4.304789E-42
222,2.152394E-42
222,1.076197E-42
222,5.380986E-43
222,2.690493E-43
222,1.345247E-43
222,6.726233E-44
222,3.363116E-44
222,1.681558E-44
222,8.407791E-45
222,4.203895E-45
222,2.802597E-45
222,1.401298E-45
222,0
222,0
222,0
222,0
222,0
222,0
222,0
222,0
222,0
222,0
222,0
222,0
222,0
222,0
222,0
222,0
222,0
222,0
222,0
222,0
222,0
222,0
222,0
222,0
222,0
222,0
222,0
222,0
222,0
222,0
222,0
222,0
222,0
222,0
222,0
222,0
222,0
222,0
222,0
222,0
222,0
222,0
222,0
222,0
222,0
222,0
222,0
222,0
222,0
222,0
222,0
222,0
222,0
222,0
222,0
222,0
222,0
222,0
222,0
222,0
222,0
222,0
222,0
222,0
222,0
222,0
222,0
222,0
222,0
222,0
222,0
222,0
222,0
222,0
222,0
222,0
222,0
222,0
222,0
222,0
222,0
222,0
222,0
222,0
222,0
222,0
222,0
222,0
222,0
222,0
222,0
222,0
222,0
222,0
222,0
222,0
222,0
222,0
222,0
222,0
222,0
222,0
222,0
222,0
222,0
222,0
222,0
222,0
222,0
222,0
222,0
222,0
222,0
222,0
222,0
222,0
222,0
222,0
222,0
222,0
222,0
222,0
222,0
222,0
222,0
222,0
222,0
222,0
222,0
222,0
222,0
222,0
222,0
222,0
222,0
222,0
222,0
222,0
222,0
222,0
222,0
222,0
222,0
222,0
222,0
222,0
222,0
222,0
222,0
222,0
222,0
222,0
222,0
222,0
222,0
222,0
222,0
222,0
222,0
298,38
298,19
298,9.5
298,4.75
298,2.375
298,1.1875
298,0.59375
298,0.296875
298,0.1484375
298,0.07421875
298,0.03710938
298,0.01855469
298,0.009277344
298,0.004638672
298,0.002319336
298,0.001159668
298,0.000579834
298,0.000289917
298,0.0001449585
298,7.247925E-05
298,3.623962E-05
298,1.811981E-05
298,9.059906E-06
298,4.529953E-06
298,2.264977E-06
298,1.132488E-06
298,5.662441E-07
298,2.831221E-07
298,1.41561E-07
298,7.078052E-08
298,3.539026E-08
298,1.769513E-08
298,8.847564E-09
298,4.423782E-09
298,2.211891E-09
298,1.105946E-09
298,5.529728E-10
298,2.764864E-10
298,1.382432E-10
298,6.91216E-11
298,3.45608E-11
298,1.72804E-11
298,8.6402E-12
298,4.3201E-12
298,2.16005E-12
298,1.080025E-12
298,5.400125E-13
298,2.700062E-13
298,1.350031E-13
298,6.750156E-14
298,3.375078E-14
298,1.687539E-14
298,8.437695E-15
298,4.218847E-15
298,2.109424E-15
298,1.054712E-15
298,5.273559E-16
298,2.63678E-16
298,1.31839E-16
298,6.591949E-17
298,3.295975E-17
298,1.647987E-17
298,8.239937E-18
298,4.119968E-18
298,2.059984E-18
298,1.029992E-18
298,5.14996E-19
298,2.57498E-19
298,1.28749E-19
298,6.43745E-20
298,3.218725E-20
298,1.609363E-20
298,8.046813E-21
298,4.023406E-21
298,2.011703E-21
298,1.005852E-21
298,5.029258E-22
298,2.514629E-22
298,1.257315E-22
298,6.286573E-23
298,3.143286E-23
298,1.571643E-23
298,7.858216E-24
298,3.929108E-24
298,1.964554E-24
298,9.82277E-25
298,4.911385E-25
298,2.455692E-25
298,1.227846E-25
298,6.139231E-26
298,3.069616E-26
298,1.534808E-26
298,7.674039E-27
298,3.837019E-27
298,1.91851E-27
298,9.592549E-28
298,4.796274E-28
298,2.398137E-28
298,1.199069E-28
298,5.995343E-29
298,2.997671E-29
298,1.498836E-29
298,7.494179E-30
298,3.747089E-30
298,1.873545E-30
298,9.367723E-31
298,4.683862E-31
298,2.341931E-31
298,1.170965E-31
298,5.854827E-32
298,2.927414E-32
298,1.463707E-32
298,7.318534E-33
298,3.659267E-33
298,1.829633E-33
298,9.148167E-34
298,4.574084E-34
298,2.287042E-34
298,1.143521E-34
298,5.717605E-35
298,2.858802E-35
298,1.429401E-35
298,7.147006E-36
298,3.573503E-36
298,1.786751E-36
298,8.933757E-37
298,4.466879E-37
298,2.233439E-37
298,1.11672E-37
298,5.583598E-38
298,2.791799E-38
298,1.3959E-38
298,6.979498E-39
298,3.489749E-39
298,1.744874E-39
298,8.724372E-40
298,4.362186E-40
298,2.181093E-40
298,1.090547E-40
298,5.452733E-41
298,2.726366E-41
298,1.363183E-41
298,6.815916E-42
298,3.407958E-42
298,1.703979E-42
298,8.519895E-43
298,4.259947E-43
298,2.129974E-43
298,1.064987E-43
298,5.324934E-44
298,2.662467E-44
298,1.401298E-44
298,7.006492E-45
298,2.802597E-45
298,1.401298E-45
298,0
298,0
298,0
298,0
298,0
298,0
298,0
298,0
298,0
298,0
298,0
298,0
298,0
298,0
298,0
298,0
298,0
298,0
298,0
298,0
298,0
298,0
298,0
298,0
298,0
298,0
298,0
298,0
298,0
298,0
298,0
298,0
298,0
298,0
298,0
298,0
298,0
298,0
298,0
298,0
298,0
298,0
298,0
298,0
298,0
298,0
298,0
298,0
298,0
298,0
298,0
298,0
298,0
298,0
298,0
298,0
298,0
298,0
268,15
268,7.5
268,3.75
268,1.875
268,0.9375
268,0.46875
268,0.234375
268,0.1171875
268,0.05859375
268,0.02929688
268,0.01464844
268,0.007324219
268,0.003662109
268,0.001831055
268,0.0009155273
268,0.0004577637
268,0.0002288818
268,0.0001144409
268,5.722046E-05
268,2.861023E-05
268,1.430511E-05
268,7.152557E-06
268,3.576279E-06
268,1.788139E-06
268,8.940697E-07
268,4.470348E-07
268,2.235174E-07
268,1.117587E-07
268,5.587935E-08
268,2.793968E-08
268,1.396984E-08
268,6.984919E-09
268,3.49246E-09
268,1.74623E-09
268,8.731149E-10
268,4.365575E-10
268,2.182787E-10
268,1.091394E-10
268,5.456968E-11
268,2.728484E-11
268,1.364242E-11
268,6.82121E-12
268,3.410605E-12
268,1.705303E-12
268,8.526513E-13
268,4.263256E-13
268,2.131628E-13
268,1.065814E-13
268,5.329071E-14
268,2.664535E-14
268,1.332268E-14
268,6.661338E-15
268,3.330669E-15
268,1.665335E-15
268,8.326673E-16
268,4.163336E-16
268,2.081668E-16
268,1.040834E-16
268,5.20417E-17
268,2.602085E-17
268,1.301043E-17
268,6.505213E-18
268,3.252607E-18
268,1.626303E-18
268,8.131516E-19
268,4.065758E-19
268,2.032879E-19
268,1.01644E-19
268,5.082198E-20
268,2.541099E-20
268,1.270549E-20
268,6.352747E-21
268,3.176374E-21
268,1.588187E-21
268,7.940934E-22
268,3.970467E-22
268,1.985233E-22
268,9.926167E-23
268,4.963084E-23
268,2.481542E-23
268,1.240771E-23
268,6.203855E-24
268,3.101927E-24
268,1.550964E-24
268,7.754818E-25
268,3.877409E-25
268,1.938705E-25
268,9.693523E-26
268,4.846761E-26
268,2.423381E-26
268,1.21169E-26
268,6.058452E-27
268,3.029226E-27
268,1.514613E-27
268,7.573065E-28
268,3.786532E-28
268,1.893266E-28
268,9.466331E-29
268,4.733165E-29
268,2.366583E-29
268,1.183291E-29
268,5.916457E-30
268,2.958228E-30
268,1.479114E-30
268,7.395571E-31
268,3.697785E-31
268,1.848893E-31
268,9.244464E-32
268,4.622232E-32
268,2.311116E-32
268,1.155558E-32
268,5.77779E-33
268,2.888895E-33
268,1.444447E-33
268,7.222237E-34
268,3.611119E-34
268,1.805559E-34
268,9.027797E-35
268,4.513898E-35
268,2.256949E-35
268,1.128475E-35
268,5.642373E-36
268,2.821186E-36
268,1.410593E-36
268,7.052966E-37
268,3.526483E-37
268,1.763242E-37
268,8.816208E-38
268,4.408104E-38
268,2.204052E-38
268,1.102026E-38
268,5.51013E-39
268,2.755065E-39
268,1.377532E-39
268,6.887662E-40
268,3.443831E-40
268,1.721916E-40
268,8.609578E-41
268,4.304789E-41
268,2.152394E-41
268,1.076197E-41
268,5.380986E-42
268,2.690493E-42
268,1.345247E-42
268,6.726233E-43
268,3.363116E-43
268,1.681558E-43
268,8.407791E-44
268,4.203895E-44
268,2.101948E-44
268,1.121039E-44
268,5.605194E-45
268,2.802597E-45
268,1.401298E-45
268,0
268,0
268,0
268,0
268,0
268,0
268,0
268,0
268,0
268,0
268,0
268,0
268,0
268,0
268,0
268,0
268,0
268,0
268,0
268,0
268,0
268,0
268,0
268,0
268,0
268,0
268,0
268,0
268,0
268,0
268,0
268,0
268,0
268,0
268,0
268,0
268,0
268,0
268,0
268,0
268,0
268,0
268,0
268,0
268,0
268,0
268,0
268,0
268,0
268,0
268,0
268,0
268,0
268,0
268,0
268,0
268,0
268,0
268,0
268,0
268,0
268,0
268,0
268,0
268,0
268,0
268,0
268,0
268,0
268,0
268,0
268,0
268,0
268,0
268,0
268,0
268,0
268,0
268,0
268,0
268,0
268,0
268,0
268,0
268,0
268,0
268,0
268,0
268,0
268,0
268,0
268,0
268,0
268,0
268,0
268,0
268,0
268,0
268,0
268,0
268,0
268,0
268,0
268,0
268,0
268,0
268,0
268,0
268,0
268,0
268,0
268,0
268,0
268,0
268,0
268,0
268,0
268,0
268,0
268,0
268,0
268,0
268,0
268,0
268,0
268,0
268,0
268,0
268,0
268,0
268,0
268,0
268,0
268,0
268,0
268,0
268,0
268,0
268,0
268,0
268,0
268,0
268,0
268,0
268,0
268,0
268,0
268,0
268,0
268,0
268,0
259,4.5
259,2.25
259,1.125
259,0.5625
259,0.28125
259,0.140625
259,0.0703125
259,0.03515625
259,0.01757813
259,0.008789063
259,0.004394531
259,0.002197266
259,0.001098633
259,0.0005493164
259,0.0002746582
259,0.0001373291
259,6.866455E-05
259,3.433228E-05
259,1.716614E-05
259,8.583069E-06
259,4.291534E-06
259,2.145767E-06
259,1.072884E-06
259,5.364418E-07
259,2.682209E-07
259,1.341105E-07
259,6.705523E-08
259,3.352761E-08
259,1.676381E-08
259,8.381903E-09
259,4.190952E-09
259,2.095476E-09
259,1.047738E-09
259,5.238689E-10
259,2.619345E-10
259,1.309672E-10
259,6.548362E-11
259,3.274181E-11
259,1.63709E-11
259,8.185452E-12
259,4.092726E-12
259,2.046363E-12
259,1.023182E-12
259,5.115908E-13
259,2.557954E-13
259,1.278977E-13
259,6.394885E-14
259,3.197442E-14
259,1.598721E-14
259,7.993606E-15
259,3.996803E-15
259,1.998401E-15
259,9.992007E-16
259,4.996004E-16
259,2.498002E-16
259,1.249001E-16
259,6.245005E-17
259,3.122502E-17
259,1.561251E-17
259,7.806256E-18
259,3.903128E-18
259,1.951564E-18
259,9.75782E-19
259,4.87891E-19
259,2.439455E-19
259,1.219727E-19
259,6.098637E-20
259,3.049319E-20
259,1.524659E-20
259,7.623297E-21
259,3.811648E-21
259,1.905824E-21
259,9.529121E-22
259,4.76456E-22
259,2.38228E-22
259,1.19114E-22
259,5.9557E-23
259,2.97785E-23
259,1.488925E-23
259,7.444626E-24
259,3.722313E-24
259,1.861156E-24
259,9.305782E-25
259,4.652891E-25
259,2.326445E-25
259,1.163223E-25
259,5.816114E-26
259,2.908057E-26
259,1.454028E-26
259,7.270142E-27
259,3.635071E-27
259,1.817536E-27
259,9.087678E-28
259,4.543839E-28
259,2.271919E-28
259,1.13596E-28
259,5.679799E-29
259,2.839899E-29
259,1.41995E-29
259,7.099748E-30
259,3.549874E-30
259,1.774937E-30
259,8.874685E-31
259,4.437343E-31
259,2.218671E-31
259,1.109336E-31
259,5.546678E-32
259,2.773339E-32
259,1.38667E-32
259,6.933348E-33
259,3.466674E-33
259,1.733337E-33
259,8.666685E-34
259,4.333342E-34
259,2.166671E-34
259,1.083336E-34
259,5.416678E-35
259,2.708339E-35
259,1.354169E-35
259,6.770847E-36
259,3.385424E-36
259,1.692712E-36
259,8.463559E-37
259,4.23178E-37
259,2.11589E-37
259,1.057945E-37
259,5.289725E-38
259,2.644862E-38
259,1.322431E-38
259,6.612156E-39
259,3.306078E-39
259,1.653039E-39
259,8.265195E-40
259,4.132597E-40
259,2.066299E-40
259,1.033149E-40
259,5.165747E-41
259,2.582873E-41
259,1.291437E-41
259,6.457183E-42
259,3.228592E-42
259,1.614296E-42
259,8.071479E-43
259,4.03574E-43
259,2.01787E-43
259,1.008935E-43
259,5.044674E-44
259,2.522337E-44
259,1.261169E-44
259,5.605194E-45
259,2.802597E-45
259,1.401298E-45
259,0
259,0
259,0
259,0
259,0
259,0
259,0
259,0
259,0
259,0
259,0
259,0
259,0
259,0
259,0
259,0
259,0
259,0
259,0
259,0
259,0
259,0
259,0
259,0
259,0
259,0
259,0
259,0
259,0
259,0
259,0
259,0
259,0
259,0
259,0
259,0
259,0
259,0
259,0
259,0
259,0
259,0
259,0
259,0
259,0
259,0
259,0
259,0
259,0
259,0
259,0
259,0
259,0
259,0
259,0
259,0
259,0
259,0
259,0
259,0
259,0
259,0
259,0
259,0
259,0
259,0
259,0
259,0
259,0
259,0
259,0
259,0
259,0
259,0
259,0
259,0
259,0
259,0
259,0
259,0
259,0
259,0
259,0
259,0
259,0
259,0
259,0
259,0
259,0
259,0
259,0
259,0
259,0
259,0
259,0
259,0
259,0
259,0
259,0
259,0
259,0
259,0
259,0
259,0
259,0
259,0
259,0
259,0
259,0
259,0
259,0
259,0
259,0
259,0
259,0
259,0
259,0
259,0
259,0
259,0
259,0
259,0
241,9
241,4.5
241,2.25
241,1.125
241,0.5625
241,0.28125
241,0.140625
241,0.0703125
241,0.03515625
241,0.01757813
241,0.008789063
241,0.004394531
241,0.002197266
241,0.001098633
241,0.0005493164
241,0.0002746582
241,0.0001373291
241,6.866455E-05
241,3.433228E-05
241,1.716614E-05
241,8.583069E-06
241,4.291534E-06
241,2.145767E-06
241,1.072884E-06
241,5.364418E-07
241,2.682209E-07
241,1.341105E-07
241,6.705523E-08
241,3.352761E-08
241,1.676381E-08
241,8.381903E-09
241,4.190952E-09
241,2.095476E-09
241,1.047738E-09
241,5.238689E-10
241,2.619345E-10
241,1.309672E-10
241,6.548362E-11
241,3.274181E-11
241,1.63709E-11
241,8.185452E-12
241,4.092726E-12
241,2.046363E-12
241,1.023182E-12
241,5.115908E-13
241,2.557954E-13
241,1.278977E-13
241,6.394885E-14
241,3.197442E-14
241,1.598721E-14
241,7.993606E-15
241,3.996803E-15
241,1.998401E-15
241,9.992007E-16
241,4.996004E-16
241,2.498002E-16
241,1.249001E-16
241,6.245005E-17
241,3.122502E-17
241,1.561251E-17
241,7.806256E-18
241,3.903128E-18
241,1.951564E-18
241,9.75782E-19
241,4.87891E-19
241,2.439455E-19
241,1.219727E-19
241,6.098637E-20
241,3.049319E-20
241,1.524659E-20
241,7.623297E-21
241,3.811648E-21
241,1.905824E-21
241,9.529121E-22
241,4.76456E-22
241,2.38228E-22
241,1.19114E-22
241,5.9557E-23
241,2.97785E-23
241,1.488925E-23
241,7.444626E-24
241,3.722313E-24
241,1.861156E-24
241,9.305782E-25
241,4.652891E-25
241,2.326445E-25
241,1.163223E-25
241,5.816114E-26
241,2.908057E-26
241,1.454028E-26
241,7.270142E-27
241,3.635071E-27
241,1.817536E-27
241,9.087678E-28
241,4.543839E-28
241,2.271919E-28
241,1.13596E-28
241,5.679799E-29
241,2.839899E-29
241,1.41995E-29
241,7.099748E-30
241,3.549874E-30
241,1.774937E-30
241,8.874685E-31
241,4.437343E-31
241,2.218671E-31
241,1.109336E-31
241,5.546678E-32
241,2.773339E-32
241,1.38667E-32
241,6.933348E-33
241,3.466674E-33
241,1.733337E-33
241,8.666685E-34
241,4.333342E-34
241,2.166671E-34
241,1.083336E-34
241,5.416678E-35
241,2.708339E-35
241,1.354169E-35
241,6.770847E-36
241,3.385424E-36
241,1.692712E-36
241,8.463559E-37
241,4.23178E-37
241,2.11589E-37
241,1.057945E-37
241,5.289725E-38
241,2.644862E-38
241,1.322431E-38
241,6.612156E-39
241,3.306078E-39
241,1.653039E-39
241,8.265195E-40
241,4.132597E-40
241,2.066299E-40
241,1.033149E-40
241,5.165747E-41
241,2.582873E-41
241,1.291437E-41
241,6.457183E-42
241,3.228592E-42
241,1.614296E-42
241,8.071479E-43
241,4.03574E-43
241,2.01787E-43
241,1.008935E-43
241,5.044674E-44
241,2.522337E-44
241,1.261169E-44
241,5.605194E-45
241,2.802597E-45
241,1.401298E-45
241,0
241,0
241,0
241,0
241,0
241,0
241,0
241,0
241,0
241,0
241,0
241,0
241,0
241,0
241,0
241,0
241,0
241,0
241,0
241,0
241,0
241,0
241,0
241,0
241,0
241,0
241,0
241,0
241,0
241,0
241,0
241,0
241,0
241,0
241,0
241,0
241,0
241,0
241,0
241,0
241,0
241,0
241,0
241,0
241,0
241,0
241,0
241,0
241,0
241,0
241,0
241,0
241,0
241,0
241,0
241,0
241,0
241,0
241,0
241,0
241,0
241,0
241,0
241,0
241,0
241,0
241,0
241,0
241,0
241,0
241,0
241,0
241,0
241,0
241,0
241,0
241,0
241,0
241,0
241,0
241,0
241,0
241,0
241,0
241,0
241,0
241,0
241,0
241,0
241,0
241,0
241,0
241,0
241,0
241,0
241,0
241,0
241,0
241,0
241,0
241,0
241,0
241,0
241,0
241,0
241,0
241,0
241,0
241,0
241,0
241,0
241,0
241,0
241,0
241,0
241,0
241,0
241,0
241,0
241,0
241,0
241,0
241,0
241,0
241,0
241,0
241,0
241,0
241,0
241,0
241,0
241,0
241,0
241,0
241,0
241,0
241,0
241,0
241,0
241,0
241,0
241,0
241,0
241,0
241,0
241,0
241,0
241,0
241,0
264,11.5
264,5.75
264,2.875
264,1.4375
264,0.71875
264,0.359375
264,0.1796875
264,0.08984375
264,0.04492188
264,0.02246094
264,0.01123047
264,0.005615234
264,0.002807617
264,0.001403809
264,0.0007019043
264,0.0003509521
264,0.0001754761
264,8.773804E-05
264,4.386902E-05
264,2.193451E-05
264,1.096725E-05
264,5.483627E-06
264,2.741814E-06
264,1.370907E-06
264,6.854534E-07
264,3.427267E-07
264,1.713634E-07
264,8.568168E-08
264,4.284084E-08
264,2.142042E-08
264,1.071021E-08
264,5.355105E-09
264,2.677552E-09
264,1.338776E-09
264,6.693881E-10
264,3.346941E-10
264,1.67347E-10
264,8.367351E-11
264,4.183676E-11
264,2.091838E-11
264,1.045919E-11
264,5.229595E-12
264,2.614797E-12
264,1.307399E-12
264,6.536993E-13
264,3.268497E-13
264,1.634248E-13
264,8.171241E-14
264,4.085621E-14
264,2.04281E-14
264,1.021405E-14
264,5.107026E-15
264,2.553513E-15
264,1.276756E-15
264,6.383782E-16
264,3.191891E-16
264,1.595946E-16
264,7.979728E-17
264,3.989864E-17
264,1.994932E-17
264,9.97466E-18
264,4.98733E-18
264,2.493665E-18
264,1.246832E-18
264,6.234162E-19
264,3.117081E-19
264,1.558541E-19
264,7.792703E-20
264,3.896352E-20
264,1.948176E-20
264,9.740879E-21
264,4.870439E-21
264,2.43522E-21
264,1.21761E-21
264,6.088049E-22
264,3.044025E-22
264,1.522012E-22
264,7.610062E-23
264,3.805031E-23
264,1.902515E-23
264,9.512577E-24
264,4.756289E-24
264,2.378144E-24
264,1.189072E-24
264,5.945361E-25
264,2.97268E-25
264,1.48634E-25
264,7.431701E-26
264,3.71585E-26
264,1.857925E-26
264,9.289626E-27
264,4.644813E-27
264,2.322407E-27
264,1.161203E-27
264,5.806016E-28
264,2.903008E-28
264,1.451504E-28
264,7.25752E-29
264,3.62876E-29
264,1.81438E-29
264,9.0719E-30
264,4.53595E-30
264,2.267975E-30
264,1.133988E-30
264,5.669938E-31
264,2.834969E-31
264,1.417484E-31
264,7.087422E-32
264,3.543711E-32
264,1.771856E-32
264,8.859278E-33
264,4.429639E-33
264,2.214819E-33
264,1.10741E-33
264,5.537049E-34
264,2.768524E-34
264,1.384262E-34
264,6.921311E-35
264,3.460655E-35
264,1.730328E-35
264,8.651638E-36
264,4.325819E-36
264,2.16291E-36
264,1.081455E-36
264,5.407274E-37
264,2.703637E-37
264,1.351819E-37
264,6.759093E-38
264,3.379546E-38
264,1.689773E-38
264,8.448866E-39
264,4.224433E-39
264,2.112216E-39
264,1.056108E-39
264,5.280541E-40
264,2.640271E-40
264,1.320135E-40
264,6.600676E-41
264,3.300338E-41
264,1.650169E-41
264,8.250845E-42
264,4.125423E-42
264,2.062711E-42
264,1.031356E-42
264,5.156778E-43
264,2.578389E-43
264,1.289195E-43
264,6.445973E-44
264,3.222986E-44
264,1.681558E-44
264,8.407791E-45
264,4.203895E-45
264,2.802597E-45
264,1.401298E-45
264,0
264,0
264,0
264,0
264,0
264,0
264,0
264,0
264,0
264,0
264,0
264,0
264,0
264,0
264,0
264,0
264,0
264,0
264,0
264,0
264,0
264,0
264,0
264,0
264,0
264,0
264,0
264,0
264,0
264,0
264,0
264,0
264,0
264,0
264,0
264,0
264,0
264,0
264,0
264,0
264,0
264,0
264,0
264,0
264,0
264,0
264,0
264,0
264,0
264,0
264,0
264,0
264,0
264,0
264,0
264,0
264,0
264,0
264,0
264,0
264,0
264,0
264,0
264,0
264,0
264,0
264,0
264,0
264,0
264,0
264,0
264,0
264,0
264,0
264,0
264,0
264,0
264,0
264,0
264,0
264,0
264,0
264,0
264,0
264,0
264,0
264,0
264,0
264,0
264,0
264,0
264,0
264,0
264,0
264,0
264,0
264,0
264,0
264,0
264,0
264,0
256,4
256,2
256,1
256,0.5
256,0.25
256,0.125
256,0.0625
256,0.03125
256,0.015625
256,0.0078125
256,0.00390625
256,0.001953125
256,0.0009765625
256,0.0004882813
256,0.0002441406
256,0.0001220703
256,6.103516E-05
256,3.051758E-05
256,1.525879E-05
256,7.629395E-06
256,3.814697E-06
256,1.907349E-06
256,9.536743E-07
256,4.768372E-07
256,2.384186E-07
256,1.192093E-07
256,5.960464E-08
256,2.980232E-08
256,1.490116E-08
256,7.450581E-09
256,3.72529E-09
256,1.862645E-09
256,9.313226E-10
256,4.656613E-10
256,2.328306E-10
256,1.164153E-10
256,5.820766E-11
256,2.910383E-11
256,1.455192E-11
256,7.275958E-12
256,3.637979E-12
256,1.818989E-12
256,9.094947E-13
256,4.547474E-13
256,2.273737E-13
256,1.136868E-13
256,5.684342E-14
256,2.842171E-14
256,1.421085E-14
256,7.105427E-15
256,3.552714E-15
256,1.776357E-15
256,8.881784E-16
256,4.440892E-16
256,2.220446E-16
256,1.110223E-16
256,5.551115E-17
256,2.775558E-17
256,1.387779E-17
256,6.938894E-18
256,3.469447E-18
256,1.734723E-18
256,8.673617E-19
256,4.336809E-19
256,2.168404E-19
256,1.084202E-19
256,5.421011E-20
256,2.710505E-20
256,1.355253E-20
256,6.776264E-21
256,3.388132E-21
256,1.694066E-21
256,8.470329E-22
256,4.235165E-22
256,2.117582E-22
256,1.058791E-22
256,5.293956E-23
256,2.646978E-23
256,1.323489E-23
256,6.617445E-24
256,3.308722E-24
256,1.654361E-24
256,8.271806E-25
256,4.135903E-25
256,2.067952E-25
256,1.033976E-25
256,5.169879E-26
256,2.584939E-26
256,1.29247E-26
256,6.462349E-27
256,3.231174E-27
256,1.615587E-27
256,8.077936E-28
256,4.038968E-28
256,2.019484E-28
256,1.009742E-28
256,5.04871E-29
256,2.524355E-29
256,1.262177E-29
256,6.310887E-30
256,3.155444E-30
256,1.577722E-30
256,7.888609E-31
256,3.944305E-31
256,1.972152E-31
256,9.860761E-32
256,4.930381E-32
256,2.46519E-32
256,1.232595E-32
256,6.162976E-33
256,3.081488E-33
256,1.540744E-33
256,7.70372E-34
256,3.85186E-34
256,1.92593E-34
256,9.62965E-35
256,4.814825E-35
256,2.407412E-35
256,1.203706E-35
256,6.018531E-36
256,3.009266E-36
256,1.504633E-36
256,7.523164E-37
256,3.761582E-37
256,1.880791E-37
256,9.403955E-38
256,4.701977E-38
256,2.350989E-38
256,1.175494E-38
256,5.877472E-39
256,2.938736E-39
256,1.469368E-39
256,7.34684E-40
256,3.67342E-40
256,1.83671E-40
256,9.18355E-41
256,4.591775E-41
256,2.295887E-41
256,1.147944E-41
256,5.739719E-42
256,2.869859E-42
256,1.43493E-42
256,7.174648E-43
256,3.587324E-43
256,1.793662E-43
256,8.96831E-44
256,4.484155E-44
256,2.242078E-44
256,1.121039E-44
256,5.605194E-45
256,2.802597E-45
256,1.401298E-45
256,0
256,0
256,0
256,0
256,0
256,0
256,0
256,0
256,0
256,0
256,0
256,0
256,0
256,0
256,0
256,0
256,0
256,0
256,0
256,0
256,0
256,0
256,0
256,0
256,0
256,0
256,0
256,0
256,0
256,0
256,0
256,0
256,0
256,0
256,0
256,0
256,0
256,0
256,0
256,0
256,0
256,0
256,0
256,0
256,0
256,0
256,0
256,0
256,0
256,0
256,0
256,0
256,0
256,0
256,0
256,0
256,0
256,0
256,0
256,0
256,0
256,0
256,0
256,0
256,0
256,0
256,0
256,0
256,0
256,0
256,0
256,0
256,0
256,0
256,0
256,0
256,0
256,0
256,0
256,0
256,0
256,0
256,0
256,0
256,0
256,0
256,0
256,0
256,0
256,0
256,0
256,0
256,0
256,0
256,0
256,0
256,0
256,0
256,0
256,0
256,0
256,0
256,0
256,0
256,0
256,0
256,0
256,0
256,0
256,0
256,0
256,0
256,0
256,0
256,0
256,0
256,0
256,0
256,0
256,0
256,0
256,0
256,0
256,0
256,0
256,0
256,0
256,0
256,0
256,0
256,0
256,0
256,0
256,0
263,3.5
263,1.75
263,0.875
263,0.4375
263,0.21875
263,0.109375
263,0.0546875
263,0.02734375
263,0.01367188
263,0.006835938
263,0.003417969
263,0.001708984
263,0.0008544922
263,0.0004272461
263,0.000213623
263,0.0001068115
263,5.340576E-05
263,2.670288E-05
263,1.335144E-05
263,6.67572E-06
263,3.33786E-06
263,1.66893E-06
263,8.34465E-07
263,4.172325E-07
263,2.086163E-07
263,1.043081E-07
263,5.215406E-08
263,2.607703E-08
263,1.303852E-08
263,6.519258E-09
263,3.259629E-09
263,1.629815E-09
263,8.149073E-10
263,4.074536E-10
263,2.037268E-10
263,1.018634E-10
263,5.09317E-11
263,2.546585E-11
263,1.273293E-11
263,6.366463E-12
263,3.183231E-12
263,1.591616E-12
263,7.958079E-13
263,3.979039E-13
263,1.98952E-13
263,9.947598E-14
263,4.973799E-14
263,2.4869E-14
263,1.24345E-14
263,6.217249E-15
263,3.108624E-15
263,1.554312E-15
263,7.771561E-16
263,3.885781E-16
263,1.94289E-16
263,9.714451E-17
263,4.857226E-17
263,2.428613E-17
263,1.214306E-17
263,6.071532E-18
263,3.035766E-18
263,1.517883E-18
263,7.589415E-19
263,3.794708E-19
263,1.897354E-19
263,9.486769E-20
263,4.743385E-20
263,2.371692E-20
263,1.185846E-20
263,5.929231E-21
263,2.964615E-21
263,1.482308E-21
263,7.411538E-22
263,3.705769E-22
263,1.852885E-22
263,9.264423E-23
263,4.632211E-23
263,2.316106E-23
263,1.158053E-23
263,5.790264E-24
263,2.895132E-24
263,1.447566E-24
263,7.23783E-25
263,3.618915E-25
263,1.809458E-25
263,9.047288E-26
263,4.523644E-26
263,2.261822E-26
263,1.130911E-26
263,5.654555E-27
263,2.827277E-27
263,1.413639E-27
263,7.068194E-28
263,3.534097E-28
263,1.767048E-28
263,8.835242E-29
263,4.417621E-29
263,2.208811E-29
263,1.104405E-29
263,5.522026E-30
263,2.761013E-30
263,1.380507E-30
263,6.902533E-31
263,3.451266E-31
263,1.725633E-31
263,8.628166E-32
263,4.314083E-32
263,2.157042E-32
263,1.078521E-32
263,5.392604E-33
263,2.696302E-33
263,1.348151E-33
263,6.740755E-34
263,3.370377E-34
263,1.685189E-34
263,8.425944E-35
263,4.212972E-35
263,2.106486E-35
263,1.053243E-35
263,5.266215E-36
263,2.633107E-36
263,1.316554E-36
263,6.582768E-37
263,3.291384E-37
263,1.645692E-37
263,8.22846E-38
263,4.11423E-38
263,2.057115E-38
263,1.028558E-38
263,5.142788E-39
263,2.571394E-39
263,1.285697E-39
263,6.428485E-40
263,3.214242E-40
263,1.607121E-40
263,8.035606E-41
263,4.017803E-41
263,2.008901E-41
263,1.004451E-41
263,5.022254E-42
263,2.511127E-42
263,1.255563E-42
263,6.277817E-43
263,3.138909E-43
263,1.569454E-43
263,7.847271E-44
263,3.923636E-44
263,1.961818E-44
263,9.809089E-45
263,5.605194E-45
263,2.802597E-45
263,1.401298E-45
263,0
263,0
263,0
263,0
263,0
263,0
263,0
263,0
263,0
263,0
263,0
263,0
263,0
263,0
263,0
263,0
263,0
263,0
263,0
263,0
263,0
263,0
263,0
263,0
263,0
263,0
263,0
263,0
263,0
263,0
263,0
263,0
263,0
263,0
263,0
263,0
263,0
263,0
263,0
263,0
263,0
263,0
263,0
263,0
263,0
263,0
263,0
263,0
263,0
263,0
263,0
263,0
263,0
263,0
263,0
263,0
263,0
263,0
263,0
263,0
263,0
263,0
263,0
263,0
263,0
263,0
263,0
263,0
263,0
263,0
263,0
263,0
263,0
263,0
263,0
263,0
263,0
263,0
263,0
263,0
263,0
263,0
263,0
263,0
263,0
263,0
263,0
263,0
263,0
263,0
263,0
263,0
263,0
263,0
263,0
263,0
263,0
263,0
263,0
263,0
263,0
263,0
263,0
263,0
263,0
255,4
255,2
255,1
255,0.5
255,0.25
255,0.125
255,0.0625
255,0.03125
255,0.015625
255,0.0078125
255,0.00390625
255,0.001953125
255,0.0009765625
255,0.0004882813
255,0.0002441406
255,0.0001220703
255,6.103516E-05
255,3.051758E-05
255,1.525879E-05
255,7.629395E-06
255,3.814697E-06
255,1.907349E-06
255,9.536743E-07
255,4.768372E-07
255,2.384186E-07
255,1.192093E-07
255,5.960464E-08
255,2.980232E-08
255,1.490116E-08
255,7.450581E-09
255,3.72529E-09
255,1.862645E-09
255,9.313226E-10
255,4.656613E-10
255,2.328306E-10
255,1.164153E-10
255,5.820766E-11
255,2.910383E-11
255,1.455192E-11
255,7.275958E-12
255,3.637979E-12
255,1.818989E-12
255,9.094947E-13
255,4.547474E-13
255,2.273737E-13
255,1.136868E-13
255,5.684342E-14
255,2.842171E-14
255,1.421085E-14
255,7.105427E-15
255,3.552714E-15
255,1.776357E-15
255,8.881784E-16
255,4.440892E-16
255,2.220446E-16
255,1.110223E-16
255,5.551115E-17
255,2.775558E-17
255,1.387779E-17
255,6.938894E-18
255,3.469447E-18
255,1.734723E-18
255,8.673617E-19
255,4.336809E-19
255,2.168404E-19
255,1.084202E-19
255,5.421011E-20
255,2.710505E-20
255,1.355253E-20
255,6.776264E-21
255,3.388132E-21
255,1.694066E-21
255,8.470329E-22
255,4.235165E-22
255,2.117582E-22
255,1.058791E-22
255,5.293956E-23
255,2.646978E-23
255,1.323489E-23
255,6.617445E-24
255,3.308722E-24
255,1.654361E-24
255,8.271806E-25
255,4.135903E-25
255,2.067952E-25
255,1.033976E-25
255,5.169879E-26
255,2.584939E-26
255,1.29247E-26
255,6.462349E-27
255,3.231174E-27
255,1.615587E-27
255,8.077936E-28
255,4.038968E-28
255,2.019484E-28
255,1.009742E-28
255,5.04871E-29
255,2.524355E-29
255,1.262177E-29
255,6.310887E-30
255,3.155444E-30
255,1.577722E-30
255,7.888609E-31
255,3.944305E-31
255,1.972152E-31
255,9.860761E-32
255,4.930381E-32
255,2.46519E-32
255,1.232595E-32
255,6.162976E-33
255,3.081488E-33
255,1.540744E-33
255,7.70372E-34
255,3.85186E-34
255,1.92593E-34
255,9.62965E-35
255,4.814825E-35
255,2.407412E-35
255,1.203706E-35
255,6.018531E-36
255,3.009266E-36
255,1.504633E-36
255,7.523164E-37
255,3.761582E-37
255,1.880791E-37
255,9.403955E-38
255,4.701977E-38
255,2.350989E-38
255,1.175494E-38
255,5.877472E-39
255,2.938736E-39
255,1.469368E-39
255,7.34684E-40
255,3.67342E-40
255,1.83671E-40
255,9.18355E-41
255,4.591775E-41
255,2.295887E-41
255,1.147944E-41
255,5.739719E-42
255,2.869859E-42
255,1.43493E-42
255,7.174648E-43
255,3.587324E-43
255,1.793662E-43
255,8.96831E-44
255,4.484155E-44
255,2.242078E-44
255,1.121039E-44
255,5.605194E-45
255,2.802597E-45
255,1.401298E-45
255,0
255,0
255,0
255,0
255,0
255,0
255,0
255,0
255,0
255,0
255,0
255,0
255,0
255,0
255,0
255,0
255,0
255,0
255,0
255,0
255,0
255,0
255,0
255,0
255,0
255,0
255,0
255,0
255,0
255,0
255,0
255,0
255,0
255,0
255,0
255,0
255,0
255,0
255,0
255,0
255,0
255,0
255,0
255,0
255,0
255,0
255,0
255,0
255,0
255,0
255,0
255,0
255,0
255,0
255,0
255,0
255,0
255,0
255,0
255,0
255,0
255,0
255,0
255,0
255,0
255,0
255,0
255,0
255,0
255,0
255,0
255,0
255,0
255,0
255,0
255,0
255,0
255,0
255,0
255,0
255,0
255,0
255,0
255,0
255,0
255,0
255,0
255,0
255,0
255,0
255,0
255,0
255,0
255,0
255,0
255,0
255,0
255,0
255,0
255,0
255,0
255,0
255,0
255,0
255,0
255,0
255,0
255,0
255,0
255,0
255,0
255,0
255,0
255,0
255,0
255,0
255,0
255,0
255,0
255,0
255,0
255,0
255,0
255,0
255,0
255,0
255,0
255,0
255,0
255,0
255,0
255,0
255,0
255,0
255,0
255,0
255,0
255,0
255,0
255,0
255,0
255,0
255,0
255,0
255,0
255,0
255,0
255,0
255,0
280,12.5
280,6.25
280,3.125
280,1.5625
280,0.78125
280,0.390625
280,0.1953125
280,0.09765625
280,0.04882813
280,0.02441406
280,0.01220703
280,0.006103516
280,0.003051758
280,0.001525879
280,0.0007629395
280,0.0003814697
280,0.0001907349
280,9.536743E-05
280,4.768372E-05
280,2.384186E-05
280,1.192093E-05
280,5.960464E-06
280,2.980232E-06
280,1.490116E-06
280,7.450581E-07
280,3.72529E-07
280,1.862645E-07
280,9.313226E-08
280,4.656613E-08
280,2.328306E-08
280,1.164153E-08
280,5.820766E-09
280,2.910383E-09
280,1.455192E-09
280,7.275958E-10
280,3.637979E-10
280,1.818989E-10
280,9.094947E-11
280,4.547474E-11
280,2.273737E-11
280,1.136868E-11
280,5.684342E-12
280,2.842171E-12
280,1.421085E-12
280,7.105427E-13
280,3.552714E-13
280,1.776357E-13
280,8.881784E-14
280,4.440892E-14
280,2.220446E-14
280,1.110223E-14
280,5.551115E-15
280,2.775558E-15
280,1.387779E-15
280,6.938894E-16
280,3.469447E-16
280,1.734723E-16
280,8.673617E-17
280,4.336809E-17
280,2.168404E-17
280,1.084202E-17
280,5.421011E-18
280,2.710505E-18
280,1.355253E-18
280,6.776264E-19
280,3.388132E-19
280,1.694066E-19
280,8.470329E-20
280,4.235165E-20
280,2.117582E-20
280,1.058791E-20
280,5.293956E-21
280,2.646978E-21
280,1.323489E-21
280,6.617445E-22
280,3.308722E-22
280,1.654361E-22
280,8.271806E-23
280,4.135903E-23
280,2.067952E-23
280,1.033976E-23
280,5.169879E-24
280,2.584939E-24
280,1.29247E-24
280,6.462349E-25
280,3.231174E-25
280,1.615587E-25
280,8.077936E-26
280,4.038968E-26
280,2.019484E-26
280,1.009742E-26
280,5.04871E-27
280,2.524355E-27
280,1.262177E-27
280,6.310887E-28
280,3.155444E-28
280,1.577722E-28
280,7.888609E-29
280,3.944305E-29
280,1.972152E-29
280,9.860761E-30
280,4.930381E-30
280,2.46519E-30
280,1.232595E-30
280,6.162976E-31
280,3.081488E-31
280,1.540744E-31
280,7.70372E-32
280,3.85186E-32
280,1.92593E-32
280,9.62965E-33
280,4.814825E-33
280,2.407412E-33
280,1.203706E-33
280,6.018531E-34
280,3.009266E-34
280,1.504633E-34
280,7.523164E-35
280,3.761582E-35
280,1.880791E-35
280,9.403955E-36
280,4.701977E-36
280,2.350989E-36
280,1.175494E-36
280,5.877472E-37
280,2.938736E-37
280,1.469368E-37
280,7.34684E-38
280,3.67342E-38
280,1.83671E-38
280,9.18355E-39
280,4.591775E-39
280,2.295887E-39
280,1.147944E-39
280,5.739719E-40
280,2.869859E-40
280,1.43493E-40
280,7.174648E-41
280,3.587324E-41
280,1.793662E-41
280,8.96831E-42
280,4.484155E-42
280,2.242078E-42
280,1.121039E-42
280,5.605194E-43
280,2.802597E-43
280,1.401298E-43
280,7.006492E-44
280,3.503246E-44
280,1.681558E-44
280,8.407791E-45
280,4.203895E-45
280,2.802597E-45
280,1.401298E-45
280,0
280,0
280,0
280,0
280,0
280,0
280,0
280,0
280,0
280,0
280,0
280,0
280,0
280,0
280,0
280,0
280,0
280,0
280,0
280,0
280,0
280,0
280,0
280,0
280,0
280,0
280,0
280,0
280,0
280,0
280,0
280,0
280,0
280,0
280,0
280,0
280,0
280,0
280,0
280,0
280,0
280,0
280,0
280,0
280,0
280,0
280,0
280,0
280,0
280,0
280,0
280,0
280,0
280,0
280,0
280,0
280,0
280,0
280,0
280,0
280,0
280,0
280,0
280,0
280,0
280,0
280,0
280,0
280,0
280,0
280,0
280,0
280,0
280,0
280,0
280,0
280,0
280,0
280,0
280,0
280,0
280,0
280,0
280,0
280,0
280,0
280,0
280,0
280,0
280,0
280,0
280,0
280,0
280,0
280,0
280,0
280,0
280,0
280,0
280,0
280,0
280,0
280,0
280,0
280,0
280,0
280,0
266,7
266,3.5
266,1.75
266,0.875
266,0.4375
266,0.21875
266,0.109375
266,0.0546875
266,0.02734375
266,0.01367188
266,0.006835938
266,0.003417969
266,0.001708984
266,0.0008544922
266,0.0004272461
266,0.000213623
266,0.0001068115
266,5.340576E-05
266,2.670288E-05
266,1.335144E-05
266,6.67572E-06
266,3.33786E-06
266,1.66893E-06
266,8.34465E-07
266,4.172325E-07
266,2.086163E-07
266,1.043081E-07
266,5.215406E-08
266,2.607703E-08
266,1.303852E-08
266,6.519258E-09
266,3.259629E-09
266,1.629815E-09
266,8.149073E-10
266,4.074536E-10
266,2.037268E-10
266,1.018634E-10
266,5.09317E-11
266,2.546585E-11
266,1.273293E-11
266,6.366463E-12
266,3.183231E-12
266,1.591616E-12
266,7.958079E-13
266,3.979039E-13
266,1.98952E-13
266,9.947598E-14
266,4.973799E-14
266,2.4869E-14
266,1.24345E-14
266,6.217249E-15
266,3.108624E-15
266,1.554312E-15
266,7.771561E-16
266,3.885781E-16
266,1.94289E-16
266,9.714451E-17
266,4.857226E-17
266,2.428613E-17
266,1.214306E-17
266,6.071532E-18
266,3.035766E-18
266,1.517883E-18
266,7.589415E-19
266,3.794708E-19
266,1.897354E-19
266,9.486769E-20
266,4.743385E-20
266,2.371692E-20
266,1.185846E-20
266,5.929231E-21
266,2.964615E-21
266,1.482308E-21
266,7.411538E-22
266,3.705769E-22
266,1.852885E-22
266,9.264423E-23
266,4.632211E-23
266,2.316106E-23
266,1.158053E-23
266,5.790264E-24
266,2.895132E-24
266,1.447566E-24
266,7.23783E-25
266,3.618915E-25
266,1.809458E-25
266,9.047288E-26
266,4.523644E-26
266,2.261822E-26
266,1.130911E-26
266,5.654555E-27
266,2.827277E-27
266,1.413639E-27
266,7.068194E-28
266,3.534097E-28
266,1.767048E-28
266,8.835242E-29
266,4.417621E-29
266,2.208811E-29
266,1.104405E-29
266,5.522026E-30
266,2.761013E-30
266,1.380507E-30
266,6.902533E-31
266,3.451266E-31
266,1.725633E-31
266,8.628166E-32
266,4.314083E-32
266,2.157042E-32
266,1.078521E-32
266,5.392604E-33
266,2.696302E-33
266,1.348151E-33
266,6.740755E-34
266,3.370377E-34
266,1.685189E-34
266,8.425944E-35
266,4.212972E-35
266,2.106486E-35
266,1.053243E-35
266,5.266215E-36
266,2.633107E-36
266,1.316554E-36
266,6.582768E-37
266,3.291384E-37
266,1.645692E-37
266,8.22846E-38
266,4.11423E-38
266,2.057115E-38
266,1.028558E-38
266,5.142788E-39
266,2.571394E-39
266,1.285697E-39
266,6.428485E-40
266,3.214242E-40
266,1.607121E-40
266,8.035606E-41
266,4.017803E-41
266,2.008901E-41
266,1.004451E-41
266,5.022254E-42
266,2.511127E-42
266,1.255563E-42
266,6.277817E-43
266,3.138909E-43
266,1.569454E-43
266,7.847271E-44
266,3.923636E-44
266,1.961818E-44
266,9.809089E-45
266,5.605194E-45
266,2.802597E-45
266,1.401298E-45
266,0
266,0
266,0
266,0
266,0
266,0
266,0
266,0
266,0
266,0
266,0
266,0
266,0
266,0
266,0
266,0
266,0
266,0
266,0
266,0
266,0
266,0
266,0
266,0
266,0
266,0
266,0
266,0
266,0
266,0
266,0
266,0
266,0
266,0
266,0
266,0
266,0
266,0
266,0
266,0
266,0
266,0
266,0
266,0
266,0
266,0
266,0
266,0
266,0
266,0
266,0
266,0
266,0
266,0
266,0
266,0
266,0
266,0
266,0
266,0
266,0
266,0
266,0
266,0
266,0
266,0
266,0
266,0
266,0
266,0
266,0
266,0
266,0
266,0
266,0
266,0
266,0
266,0
266,0
266,0
266,0
266,0
266,0
266,0
266,0
266,0
266,0
266,0
266,0
266,0
266,0
266,0
266,0
266,0
266,0
266,0
266,0
266,0
266,0
266,0
266,0
266,0
266,0
266,0
266,0
266,0
241,12.5
241,6.25
241,3.125
241,1.5625
241,0.78125
241,0.390625
241,0.1953125
241,0.09765625
241,0.04882813
241,0.02441406
241,0.01220703
241,0.006103516
241,0.003051758
241,0.001525879
241,0.0007629395
241,0.0003814697
241,0.0001907349
241,9.536743E-05
241,4.768372E-05
241,2.384186E-05
241,1.192093E-05
241,5.960464E-06
241,2.980232E-06
241,1.490116E-06
241,7.450581E-07
241,3.72529E-07
241,1.862645E-07
241,9.313226E-08
241,4.656613E-08
241,2.328306E-08
241,1.164153E-08
241,5.820766E-09
241,2.910383E-09
241,1.455192E-09
241,7.275958E-10
241,3.637979E-10
241,1.818989E-10
241,9.094947E-11
241,4.547474E-11
241,2.273737E-11
241,1.136868E-11
241,5.684342E-12
241,2.842171E-12
241,1.421085E-12
241,7.105427E-13
241,3.552714E-13
241,1.776357E-13
241,8.881784E-14
241,4.440892E-14
241,2.220446E-14
241,1.110223E-14
241,5.551115E-15
241,2.775558E-15
241,1.387779E-15
241,6.938894E-16
241,3.469447E-16
241,1.734723E-16
241,8.673617E-17
241,4.336809E-17
241,2.168404E-17
241,1.084202E-17
241,5.421011E-18
241,2.710505E-18
241,1.355253E-18
241,6.776264E-19
241,3.388132E-19
241,1.694066E-19
241,8.470329E-20
241,4.235165E-20
241,2.117582E-20
241,1.058791E-20
241,5.293956E-21
241,2.646978E-21
241,1.323489E-21
241,6.617445E-22
241,3.308722E-22
241,1.654361E-22
241,8.271806E-23
241,4.135903E-23
241,2.067952E-23
241,1.033976E-23
241,5.169879E-24
241,2.584939E-24
241,1.29247E-24
241,6.462349E-25
241,3.231174E-25
241,1.615587E-25
241,8.077936E-26
241,4.038968E-26
241,2.019484E-26
241,1.009742E-26
241,5.04871E-27
241,2.524355E-27
241,1.262177E-27
241,6.310887E-28
241,3.155444E-28
241,1.577722E-28
241,7.888609E-29
241,3.944305E-29
241,1.972152E-29
241,9.860761E-30
241,4.930381E-30
241,2.46519E-30
241,1.232595E-30
241,6.162976E-31
241,3.081488E-31
241,1.540744E-31
241,7.70372E-32
241,3.85186E-32
241,1.92593E-32
241,9.62965E-33
241,4.814825E-33
241,2.407412E-33
241,1.203706E-33
241,6.018531E-34
241,3.009266E-34
241,1.504633E-34
241,7.523164E-35
241,3.761582E-35
241,1.880791E-35
241,9.403955E-36
241,4.701977E-36
241,2.350989E-36
241,1.175494E-36
241,5.877472E-37
241,2.938736E-37
241,1.469368E-37
241,7.34684E-38
241,3.67342E-38
241,1.83671E-38
241,9.18355E-39
241,4.591775E-39
241,2.295887E-39
241,1.147944E-39
241,5.739719E-40
241,2.869859E-40
241,1.43493E-40
241,7.174648E-41
241,3.587324E-41
241,1.793662E-41
241,8.96831E-42
241,4.484155E-42
241,2.242078E-42
241,1.121039E-42
241,5.605194E-43
241,2.802597E-43
241,1.401298E-43
241,7.006492E-44
241,3.503246E-44
241,1.681558E-44
241,8.407791E-45
241,4.203895E-45
241,2.802597E-45
241,1.401298E-45
241,0
241,0
241,0
241,0
241,0
241,0
241,0
241,0
241,0
241,0
241,0
241,0
241,0
241,0
241,0
241,0
241,0
241,0
241,0
241,0
241,0
241,0
241,0
241,0
241,0
241,0
241,0
241,0
241,0
241,0
241,0
241,0
241,0
241,0
241,0
241,0
241,0
241,0
241,0
241,0
241,0
241,0
241,0
241,0
241,0
241,0
241,0
241,0
241,0
241,0
241,0
241,0
241,0
241,0
241,0
241,0
241,0
241,0
241,0
241,0
241,0
241,0
241,0
241,0
241,0
241,0
241,0
241,0
241,0
241,0
241,0
241,0
241,0
241,0
241,0
241,0
241,0
241,0
241,0
241,0
241,0
241,0
241,0
241,0
241,0
241,0
241,0
241,0
241,0
241,0
241,0
241,0
241,0
241,0
241,0
241,0
241,0
241,0
241,0
241,0
241,0
241,0
241,0
241,0
241,0
241,0
241,0
241,0
241,0
241,0
241,0
241,0
241,0
241,0
241,0
241,0
241,0
241,0
241,0
241,0
241,0
241,0
241,0
241,0
241,0
241,0
241,0
241,0
241,0
241,0
241,0
241,0
241,0
241,0
241,0
241,0
241,0
241,0
241,0
241,0
241,0
241,0
241,0
241,0
241,0
241,0
241,0
241,0
241,0
241,0
241,0
241,0
241,0
241,0
241,0
241,0
241,0
241,0
241,0
241,0
241,0
241,0
241,0
241,0
241,0
241,0
241,0
241,0
241,0
241,0
241,0
241,0
241,0
241,0
241,0
241,0
241,0
241,0
241,0
241,0
241,0
241,0
241,0
241,0
241,0
241,0
241,0
241,0
241,0
241,0
241,0
241,0
241,0
241,0
241,0
241,0
241,0
241,0
241,0
241,0
241,0
241,0
241,0
241,0
241,0
241,0
241,0
241,0
241,0
241,0
241,0
241,0
241,0
241,0
241,0
241,0
241,0
241,0
241,0
241,0
241,0
241,0
241,0
241,0
241,0
241,0
241,0
241,0
241,0
241,0
241,0
241,0
241,0
241,0
241,0
241,0
241,0
241,0
241,0
241,0
241,0
241,0
241,0
241,0
241,0
241,0
241,0
241,0
241,0
241,0
241,0
241,0
241,0
241,0
241,0
241,0
241,0
241,0
241,0
241,0
241,0
241,0
241,0
241,0
241,0
241,0
241,0
241,0
241,0
241,0
241,0
241,0
241,0
241,0
241,0
241,0
241,0
241,0
241,0
241,0
241,0
241,0
241,0
241,0
241,0
241,0
241,0
241,0
241,0
241,0
241,0
241,0
241,0
241,0
241,0
241,0
241,0
241,0
241,0
241,0
241,0
241,0
241,0
241,0
241,0
241,0
241,0
241,0
241,0
241,0
241,0
241,0
241,0
241,0
241,0
241,0
241,0
241,0
241,0
241,0
241,0
241,0
241,0
241,0
241,0
241,0
241,0
241,0
241,0
241,0
241,0
241,0
241,0
241,0
241,0
241,0
241,0
241,0
241,0
241,0
241,0
241,0
241,0
241,0
241,0
241,0
241,0
241,0
241,0
241,0
241,0
241,0
241,0
241,0
241,0
241,0
241,0
241,0
241,0
241,0
241,0
241,0
241,0
241,0
241,0
241,0
241,0
241,0
241,0
241,0
241,0
241,0
241,0
241,0
241,0
241,0
241,0
241,0
241,0
241,0
241,0
241,0
241,0
241,0
241,0
241,0
241,0
241,0
241,0
241,0
241,0
241,0
241,0
241,0
241,0
241,0
241,0
241,0
241,0
241,0
241,0
241,0
241,0
241,0
241,0
241,0
241,0
228,6.5
228,3.25
228,1.625
228,0.8125
228,0.40625
228,0.203125
228,0.1015625
228,0.05078125
228,0.02539063
228,0.01269531
228,0.006347656
228,0.003173828
228,0.001586914
228,0.000793457
228,0.0003967285
228,0.0001983643
228,9.918213E-05
228,4.959106E-05
228,2.479553E-05
228,1.239777E-05
228,6.198883E-06
228,3.099442E-06
228,1.549721E-06
228,7.748604E-07
228,3.874302E-07
228,1.937151E-07
228,9.685755E-08
228,4.842877E-08
228,2.421439E-08
228,1.210719E-08
228,6.053597E-09
228,3.026798E-09
228,1.513399E-09
228,7.566996E-10
228,3.783498E-10
228,1.891749E-10
228,9.458745E-11
228,4.729372E-11
228,2.364686E-11
228,1.182343E-11
228,5.911716E-12
228,2.955858E-12
228,1.477929E-12
228,7.389644E-13
228,3.694822E-13
228,1.847411E-13
228,9.237056E-14
228,4.618528E-14
228,2.309264E-14
228,1.154632E-14
228,5.77316E-15
228,2.88658E-15
228,1.44329E-15
228,7.21645E-16
228,3.608225E-16
228,1.804112E-16
228,9.020562E-17
228,4.510281E-17
228,2.255141E-17
228,1.12757E-17
228,5.637851E-18
228,2.818926E-18
228,1.409463E-18
228,7.047314E-19
228,3.523657E-19
228,1.761829E-19
228,8.809143E-20
228,4.404571E-20
228,2.202286E-20
228,1.101143E-20
228,5.505714E-21
228,2.752857E-21
228,1.376429E-21
228,6.882143E-22
228,3.441071E-22
228,1.720536E-22
228,8.602678E-23
228,4.301339E-23
228,2.15067E-23
228,1.075335E-23
228,5.376674E-24
228,2.688337E-24
228,1.344168E-24
228,6.720842E-25
228,3.360421E-25
228,1.680211E-25
228,8.401053E-26
228,4.200527E-26
228,2.100263E-26
228,1.050132E-26
228,5.250658E-27
228,2.625329E-27
228,1.312665E-27
228,6.563323E-28
228,3.281661E-28
228,1.640831E-28
228,8.204153E-29
228,4.102077E-29
228,2.051038E-29
228,1.025519E-29
228,5.127596E-30
228,2.563798E-30
228,1.281899E-30
228,6.409495E-31
228,3.204747E-31
228,1.602374E-31
228,8.011869E-32
228,4.005934E-32
228,2.002967E-32
228,1.001484E-32
228,5.007418E-33
228,2.503709E-33
228,1.251854E-33
228,6.259272E-34
228,3.129636E-34
228,1.564818E-34
228,7.82409E-35
228,3.912045E-35
228,1.956023E-35
228,9.780113E-36
228,4.890056E-36
228,2.445028E-36
228,1.222514E-36
228,6.112571E-37
228,3.056285E-37
228,1.528143E-37
228,7.640713E-38
228,3.820357E-38
228,1.910178E-38
228,9.550892E-39
228,4.775446E-39
228,2.387723E-39
228,1.193861E-39
228,5.969307E-40
228,2.984654E-40
228,1.492327E-40
228,7.461634E-41
228,3.730817E-41
228,1.865409E-41
228,9.327043E-42
228,4.663521E-42
228,2.331761E-42
228,1.16588E-42
228,5.829402E-43
228,2.914701E-43
228,1.45735E-43
228,7.286752E-44
228,3.643376E-44
228,1.821688E-44
228,8.407791E-45
228,4.203895E-45
228,2.802597E-45
228,1.401298E-45
228,0
228,0
228,0
228,0
228,0
228,0
228,0
228,0
228,0
228,0
228,0
228,0
228,0
228,0
228,0
228,0
228,0
228,0
228,0
228,0
228,0
228,0
228,0
228,0
228,0
228,0
228,0
228,0
228,0
228,0
228,0
228,0
228,0
228,0
228,0
228,0
228,0
228,0
228,0
228,0
228,0
228,0
228,0
228,0
228,0
228,0
228,0
228,0
228,0
228,0
228,0
228,0
228,0
228,0
228,0
228,0
228,0
228,0
228,0
228,0
228,0
228,0
228,0
228,0
228,0
228,0
228,0
228,0
228,0
228,0
228,0
228,0
228,0
228,0
228,0
228,0
228,0
228,0
228,0
228,0
228,0
228,0
228,0
228,0
228,0
228,0
228,0
228,0
228,0
228,0
228,0
228,0
228,0
228,0
228,0
228,0
228,0
228,0
228,0
228,0
228,0
228,0
228,0
228,0
228,0
228,0
228,0
228,0
228,0
213,7.5
213,3.75
213,1.875
213,0.9375
213,0.46875
213,0.234375
213,0.1171875
213,0.05859375
213,0.02929688
213,0.01464844
213,0.007324219
213,0.003662109
213,0.001831055
213,0.0009155273
213,0.0004577637
213,0.0002288818
213,0.0001144409
213,5.722046E-05
213,2.861023E-05
213,1.430511E-05
213,7.152557E-06
213,3.576279E-06
213,1.788139E-06
213,8.940697E-07
213,4.470348E-07
213,2.235174E-07
213,1.117587E-07
213,5.587935E-08
213,2.793968E-08
213,1.396984E-08
213,6.984919E-09
213,3.49246E-09
213,1.74623E-09
213,8.731149E-10
213,4.365575E-10
213,2.182787E-10
213,1.091394E-10
213,5.456968E-11
213,2.728484E-11
213,1.364242E-11
213,6.82121E-12
213,3.410605E-12
213,1.705303E-12
213,8.526513E-13
213,4.263256E-13
213,2.131628E-13
213,1.065814E-13
213,5.329071E-14
213,2.664535E-14
213,1.332268E-14
213,6.661338E-15
213,3.330669E-15
213,1.665335E-15
213,8.326673E-16
213,4.163336E-16
213,2.081668E-16
213,1.040834E-16
213,5.20417E-17
213,2.602085E-17
213,1.301043E-17
213,6.505213E-18
213,3.252607E-18
213,1.626303E-18
213,8.131516E-19
213,4.065758E-19
213,2.032879E-19
213,1.01644E-19
213,5.082198E-20
213,2.541099E-20
213,1.270549E-20
213,6.352747E-21
213,3.176374E-21
213,1.588187E-21
213,7.940934E-22
213,3.970467E-22
213,1.985233E-22
213,9.926167E-23
213,4.963084E-23
213,2.481542E-23
213,1.240771E-23
213,6.203855E-24
213,3.101927E-24
213,1.550964E-24
213,7.754818E-25
213,3.877409E-25
213,1.938705E-25
213,9.693523E-26
213,4.846761E-26
213,2.423381E-26
213,1.21169E-26
213,6.058452E-27
213,3.029226E-27
213,1.514613E-27
213,7.573065E-28
213,3.786532E-28
213,1.893266E-28
213,9.466331E-29
213,4.733165E-29
213,2.366583E-29
213,1.183291E-29
213,5.916457E-30
213,2.958228E-30
213,1.479114E-30
213,7.395571E-31
213,3.697785E-31
213,1.848893E-31
213,9.244464E-32
213,4.622232E-32
213,2.311116E-32
213,1.155558E-32
213,5.77779E-33
213,2.888895E-33
213,1.444447E-33
213,7.222237E-34
213,3.611119E-34
213,1.805559E-34
213,9.027797E-35
213,4.513898E-35
213,2.256949E-35
213,1.128475E-35
213,5.642373E-36
213,2.821186E-36
213,1.410593E-36
213,7.052966E-37
213,3.526483E-37
213,1.763242E-37
213,8.816208E-38
213,4.408104E-38
213,2.204052E-38
213,1.102026E-38
213,5.51013E-39
213,2.755065E-39
213,1.377532E-39
213,6.887662E-40
213,3.443831E-40
213,1.721916E-40
213,8.609578E-41
213,4.304789E-41
213,2.152394E-41
213,1.076197E-41
213,5.380986E-42
213,2.690493E-42
213,1.345247E-42
213,6.726233E-43
213,3.363116E-43
213,1.681558E-43
213,8.407791E-44
213,4.203895E-44
213,2.101948E-44
213,1.121039E-44
213,5.605194E-45
213,2.802597E-45
213,1.401298E-45
213,0
213,0
213,0
213,0
213,0
213,0
213,0
213,0
213,0
213,0
213,0
213,0
213,0
213,0
213,0
213,0
213,0
213,0
213,0
213,0
213,0
213,0
213,0
213,0
213,0
213,0
213,0
213,0
213,0
213,0
213,0
213,0
213,0
213,0
213,0
213,0
213,0
213,0
213,0
213,0
213,0
213,0
213,0
213,0
213,0
213,0
213,0
213,0
213,0
213,0
213,0
213,0
213,0
213,0
213,0
213,0
213,0
213,0
213,0
213,0
213,0
213,0
213,0
213,0
213,0
213,0
213,0
213,0
213,0
213,0
213,0
213,0
213,0
213,0
213,0
213,0
213,0
213,0
213,0
213,0
213,0
213,0
213,0
213,0
213,0
213,0
213,0
213,0
213,0
213,0
213,0
213,0
213,0
213,0
213,0
213,0
213,0
213,0
213,0
213,0
213,0
213,0
213,0
213,0
213,0
213,0
213,0
213,0
213,0
213,0
213,0
213,0
213,0
213,0
213,0
213,0
213,0
213,0
213,0
213,0
213,0
213,0
213,0
213,0
213,0
213,0
213,0
213,0
213,0
213,0
213,0
213,0
213,0
213,0
213,0
213,0
213,0
213,0
213,0
213,0
213,0
213,0
213,0
213,0
213,0
213,0
213,0
213,0
213,0
213,0
213,0
213,0
213,0
213,0
213,0
213,0
213,0
213,0
213,0
213,0
213,0
213,0
213,0
213,0
213,0
287,37
287,18.5
287,9.25
287,4.625
287,2.3125
287,1.15625
287,0.578125
287,0.2890625
287,0.1445313
287,0.07226563
287,0.03613281
287,0.01806641
287,0.009033203
287,0.004516602
287,0.002258301
287,0.00112915
287,0.0005645752
287,0.0002822876
287,0.0001411438
287,7.05719E-05
287,3.528595E-05
287,1.764297E-05
287,8.821487E-06
287,4.410744E-06
287,2.205372E-06
287,1.102686E-06
287,5.51343E-07
287,2.756715E-07
287,1.378357E-07
287,6.891787E-08
287,3.445894E-08
287,1.722947E-08
287,8.614734E-09
287,4.307367E-09
287,2.153683E-09
287,1.076842E-09
287,5.384209E-10
287,2.692104E-10
287,1.346052E-10
287,6.730261E-11
287,3.36513E-11
287,1.682565E-11
287,8.412826E-12
287,4.206413E-12
287,2.103206E-12
287,1.051603E-12
287,5.258016E-13
287,2.629008E-13
287,1.314504E-13
287,6.57252E-14
287,3.28626E-14
287,1.64313E-14
287,8.21565E-15
287,4.107825E-15
287,2.053913E-15
287,1.026956E-15
287,5.134781E-16
287,2.567391E-16
287,1.283695E-16
287,6.418477E-17
287,3.209238E-17
287,1.604619E-17
287,8.023096E-18
287,4.011548E-18
287,2.005774E-18
287,1.002887E-18
287,5.014435E-19
287,2.507218E-19
287,1.253609E-19
287,6.268044E-20
287,3.134022E-20
287,1.567011E-20
287,7.835055E-21
287,3.917527E-21
287,1.958764E-21
287,9.793818E-22
287,4.896909E-22
287,2.448455E-22
287,1.224227E-22
287,6.121137E-23
287,3.060568E-23
287,1.530284E-23
287,7.651421E-24
287,3.82571E-24
287,1.912855E-24
287,9.564276E-25
287,4.782138E-25
287,2.391069E-25
287,1.195534E-25
287,5.977672E-26
287,2.988836E-26
287,1.494418E-26
287,7.47209E-27
287,3.736045E-27
287,1.868023E-27
287,9.340113E-28
287,4.670057E-28
287,2.335028E-28
287,1.167514E-28
287,5.837571E-29
287,2.918785E-29
287,1.459393E-29
287,7.296963E-30
287,3.648482E-30
287,1.824241E-30
287,9.121204E-31
287,4.560602E-31
287,2.280301E-31
287,1.140151E-31
287,5.700753E-32
287,2.850376E-32
287,1.425188E-32
287,7.125941E-33
287,3.56297E-33
287,1.781485E-33
287,8.907426E-34
287,4.453713E-34
287,2.226856E-34
287,1.113428E-34
287,5.567141E-35
287,2.783571E-35
287,1.391785E-35
287,6.958927E-36
287,3.479463E-36
287,1.739732E-36
287,8.698658E-37
287,4.349329E-37
287,2.174665E-37
287,1.087332E-37
287,5.436661E-38
287,2.718331E-38
287,1.359165E-38
287,6.795827E-39
287,3.397913E-39
287,1.698957E-39
287,8.494783E-40
287,4.247392E-40
287,2.123696E-40
287,1.061848E-40
287,5.30924E-41
287,2.65462E-41
287,1.32731E-41
287,6.63655E-42
287,3.318275E-42
287,1.659137E-42
287,8.295687E-43
287,4.147843E-43
287,2.073922E-43
287,1.036961E-43
287,5.184804E-44
287,2.522337E-44
287,1.261169E-44
287,5.605194E-45
287,2.802597E-45
287,1.401298E-45
287,0
287,0
287,0
287,0
287,0
287,0
287,0
287,0
287,0
287,0
287,0
287,0
287,0
287,0
287,0
287,0
287,0
287,0
287,0
287,0
287,0
287,0
287,0
287,0
287,0
287,0
287,0
287,0
287,0
287,0
287,0
287,0
287,0
255,16
255,8
255,4
255,2
255,1
255,0.5
255,0.25
255,0.125
255,0.0625
255,0.03125
255,0.015625
255,0.0078125
255,0.00390625
255,0.001953125
255,0.0009765625
255,0.0004882813
255,0.0002441406
255,0.0001220703
255,6.103516E-05
255,3.051758E-05
255,1.525879E-05
255,7.629395E-06
255,3.814697E-06
255,1.907349E-06
255,9.536743E-07
255,4.768372E-07
255,2.384186E-07
255,1.192093E-07
255,5.960464E-08
255,2.980232E-08
255,1.490116E-08
255,7.450581E-09
255,3.72529E-09
255,1.862645E-09
255,9.313226E-10
255,4.656613E-10
255,2.328306E-10
255,1.164153E-10
255,5.820766E-11
255,2.910383E-11
255,1.455192E-11
255,7.275958E-12
255,3.637979E-12
255,1.818989E-12
255,9.094947E-13
255,4.547474E-13
255,2.273737E-13
255,1.136868E-13
255,5.684342E-14
255,2.842171E-14
255,1.421085E-14
255,7.105427E-15
255,3.552714E-15
255,1.776357E-15
255,8.881784E-16
255,4.440892E-16
255,2.220446E-16
255,1.110223E-16
255,5.551115E-17
255,2.775558E-17
255,1.387779E-17
255,6.938894E-18
255,3.469447E-18
255,1.734723E-18
255,8.673617E-19
255,4.336809E-19
255,2.168404E-19
255,1.084202E-19
255,5.421011E-20
255,2.710505E-20
255,1.355253E-20
255,6.776264E-21
255,3.388132E-21
255,1.694066E-21
255,8.470329E-22
255,4.235165E-22
255,2.117582E-22
255,1.058791E-22
255,5.293956E-23
255,2.646978E-23
255,1.323489E-23
255,6.617445E-24
255,3.308722E-24
255,1.654361E-24
255,8.271806E-25
255,4.135903E-25
255,2.067952E-25
255,1.033976E-25
255,5.169879E-26
255,2.584939E-26
255,1.29247E-26
255,6.462349E-27
255,3.231174E-27
255,1.615587E-27
255,8.077936E-28
255,4.038968E-28
255,2.019484E-28
255,1.009742E-28
255,5.04871E-29
255,2.524355E-29
255,1.262177E-29
255,6.310887E-30
255,3.155444E-30
255,1.577722E-30
255,7.888609E-31
255,3.944305E-31
255,1.972152E-31
255,9.860761E-32
255,4.930381E-32
255,2.46519E-32
255,1.232595E-32
255,6.162976E-33
255,3.081488E-33
255,1.540744E-33
255,7.70372E-34
255,3.85186E-34
255,1.92593E-34
255,9.62965E-35
255,4.814825E-35
255,2.407412E-35
255,1.203706E-35
255,6.018531E-36
255,3.009266E-36
255,1.504633E-36
255,7.523164E-37
255,3.761582E-37
255,1.880791E-37
255,9.403955E-38
255,4.701977E-38
255,2.350989E-38
255,1.175494E-38
255,5.877472E-39
255,2.938736E-39
255,1.469368E-39
255,7.34684E-40
255,3.67342E-40
255,1.83671E-40
255,9.18355E-41
255,4.591775E-41
255,2.295887E-41
255,1.147944E-41
255,5.739719E-42
255,2.869859E-42
255,1.43493E-42
255,7.174648E-43
255,3.587324E-43
255,1.793662E-43
255,8.96831E-44
255,4.484155E-44
255,2.242078E-44
255,1.121039E-44
255,5.605194E-45
255,2.802597E-45
255,1.401298E-45
255,0
255,0
255,0
255,0
255,0
255,0
255,0
255,0
255,0
255,0
255,0
255,0
255,0
255,0
255,0
255,0
255,0
255,0
255,0
255,0
255,0
255,0
255,0
255,0
255,0
255,0
255,0
255,0
255,0
255,0
255,0
255,0
255,0
255,0
255,0
255,0
255,0
255,0
255,0
255,0
255,0
255,0
255,0
255,0
255,0
255,0
255,0
255,0
255,0
255,0
255,0
255,0
255,0
255,0
255,0
255,0
255,0
255,0
255,0
255,0
255,0
255,0
255,0
255,0
255,0
255,0
255,0
255,0
255,0
255,0
255,0
255,0
255,0
255,0
255,0
255,0
255,0
255,0
255,0
255,0
255,0
255,0
255,0
255,0
255,0
255,0
255,0
255,0
255,0
255,0
255,0
255,0
255,0
255,0
255,0
255,0
255,0
255,0
255,0
255,0
255,0
255,0
255,0
255,0
255,0
255,0
255,0
255,0
255,0
255,0
255,0
255,0
255,0
255,0
255,0
255,0
255,0
255,0
255,0
255,0
255,0
255,0
255,0
255,0
255,0
255,0
255,0
255,0
255,0
255,0
255,0
255,0
255,0
255,0
255,0
255,0
255,0
255,0
255,0
255,0
255,0
255,0
255,0
255,0
255,0
255,0
255,0
255,0
255,0
255,0
255,0
255,0
255,0
255,0
255,0
255,0
255,0
255,0
255,0
255,0
255,0
255,0
255,0
255,0
255,0
255,0
255,0
255,0
255,0
255,0
255,0
255,0
255,0
255,0
255,0
255,0
255,0
255,0
255,0
255,0
255,0
255,0
255,0
255,0
255,0
255,0
255,0
255,0
255,0
255,0
255,0
255,0
255,0
255,0
255,0
255,0
255,0
255,0
255,0
255,0
255,0
298,21.5
298,10.75
298,5.375
298,2.6875
298,1.34375
298,0.671875
298,0.3359375
298,0.1679688
298,0.08398438
298,0.04199219
298,0.02099609
298,0.01049805
298,0.005249023
298,0.002624512
298,0.001312256
298,0.0006561279
298,0.000328064
298,0.000164032
298,8.201599E-05
298,4.1008E-05
298,2.0504E-05
298,1.0252E-05
298,5.125999E-06
298,2.563E-06
298,1.2815E-06
298,6.407499E-07
298,3.20375E-07
298,1.601875E-07
298,8.009374E-08
298,4.004687E-08
298,2.002344E-08
298,1.001172E-08
298,5.005859E-09
298,2.502929E-09
298,1.251465E-09
298,6.257324E-10
298,3.128662E-10
298,1.564331E-10
298,7.821654E-11
298,3.910827E-11
298,1.955414E-11
298,9.777068E-12
298,4.888534E-12
298,2.444267E-12
298,1.222134E-12
298,6.110668E-13
298,3.055334E-13
298,1.527667E-13
298,7.638334E-14
298,3.819167E-14
298,1.909584E-14
298,9.547918E-15
298,4.773959E-15
298,2.38698E-15
298,1.19349E-15
298,5.967449E-16
298,2.983724E-16
298,1.491862E-16
298,7.459311E-17
298,3.729655E-17
298,1.864828E-17
298,9.324139E-18
298,4.662069E-18
298,2.331035E-18
298,1.165517E-18
298,5.827587E-19
298,2.913793E-19
298,1.456897E-19
298,7.284483E-20
298,3.642242E-20
298,1.821121E-20
298,9.105604E-21
298,4.552802E-21
298,2.276401E-21
298,1.138201E-21
298,5.691003E-22
298,2.845501E-22
298,1.422751E-22
298,7.113753E-23
298,3.556877E-23
298,1.778438E-23
298,8.892192E-24
298,4.446096E-24
298,2.223048E-24
298,1.111524E-24
298,5.55762E-25
298,2.77881E-25
298,1.389405E-25
298,6.947025E-26
298,3.473512E-26
298,1.736756E-26
298,8.683781E-27
298,4.34189E-27
298,2.170945E-27
298,1.085473E-27
298,5.427363E-28
298,2.713682E-28
298,1.356841E-28
298,6.784204E-29
298,3.392102E-29
298,1.696051E-29
298,8.480255E-30
298,4.240127E-30
298,2.120064E-30
298,1.060032E-30
298,5.300159E-31
298,2.65008E-31
298,1.32504E-31
298,6.625199E-32
298,3.3126E-32
298,1.6563E-32
298,8.281499E-33
298,4.140749E-33
298,2.070375E-33
298,1.035187E-33
298,5.175937E-34
298,2.587968E-34
298,1.293984E-34
298,6.469921E-35
298,3.23496E-35
298,1.61748E-35
298,8.087401E-36
298,4.043701E-36
298,2.02185E-36
298,1.010925E-36
298,5.054626E-37
298,2.527313E-37
298,1.263656E-37
298,6.318282E-38
298,3.159141E-38
298,1.579571E-38
298,7.897853E-39
298,3.948926E-39
298,1.974463E-39
298,9.872316E-40
298,4.936158E-40
298,2.468079E-40
298,1.234039E-40
298,6.170197E-41
298,3.085099E-41
298,1.542549E-41
298,7.712747E-42
298,3.856373E-42
298,1.928187E-42
298,9.640933E-43
298,4.820467E-43
298,2.410233E-43
298,1.205117E-43
298,6.025583E-44
298,3.082857E-44
298,1.541428E-44
298,8.407791E-45
298,4.203895E-45
298,2.802597E-45
298,1.401298E-45
298,0
298,0
298,0
298,0
298,0
298,0
298,0
298,0
298,0
298,0
298,0
298,0
298,0
274,12
274,6
274,3
274,1.5
274,0.75
274,0.375
274,0.1875
274,0.09375
274,0.046875
274,0.0234375
274,0.01171875
274,0.005859375
274,0.002929688
274,0.001464844
274,0.0007324219
274,0.0003662109
274,0.0001831055
274,9.155273E-05
274,4.577637E-05
274,2.288818E-05
274,1.144409E-05
274,5.722046E-06
274,2.861023E-06
274,1.430511E-06
274,7.152557E-07
274,3.576279E-07
274,1.788139E-07
274,8.940697E-08
274,4.470348E-08
274,2.235174E-08
274,1.117587E-08
274,5.587935E-09
274,2.793968E-09
274,1.396984E-09
274,6.984919E-10
274,3.49246E-10
274,1.74623E-10
274,8.731149E-11
274,4.365575E-11
274,2.182787E-11
274,1.091394E-11
274,5.456968E-12
274,2.728484E-12
274,1.364242E-12
274,6.82121E-13
274,3.410605E-13
274,1.705303E-13
274,8.526513E-14
274,4.263256E-14
274,2.131628E-14
274,1.065814E-14
274,5.329071E-15
274,2.664535E-15
274,1.332268E-15
274,6.661338E-16
274,3.330669E-16
274,1.665335E-16
274,8.326673E-17
274,4.163336E-17
274,2.081668E-17
274,1.040834E-17
274,5.20417E-18
274,2.602085E-18
274,1.301043E-18
274,6.505213E-19
274,3.252607E-19
274,1.626303E-19
274,8.131516E-20
274,4.065758E-20
274,2.032879E-20
274,1.01644E-20
274,5.082198E-21
274,2.541099E-21
274,1.270549E-21
274,6.352747E-22
274,3.176374E-22
274,1.588187E-22
274,7.940934E-23
274,3.970467E-23
274,1.985233E-23
274,9.926167E-24
274,4.963084E-24
274,2.481542E-24
274,1.240771E-24
274,6.203855E-25
274,3.101927E-25
274,1.550964E-25
274,7.754818E-26
274,3.877409E-26
274,1.938705E-26
274,9.693523E-27
274,4.846761E-27
274,2.423381E-27
274,1.21169E-27
274,6.058452E-28
274,3.029226E-28
274,1.514613E-28
274,7.573065E-29
274,3.786532E-29
274,1.893266E-29
274,9.466331E-30
274,4.733165E-30
274,2.366583E-30
274,1.183291E-30
274,5.916457E-31
274,2.958228E-31
274,1.479114E-31
274,7.395571E-32
274,3.697785E-32
274,1.848893E-32
274,9.244464E-33
274,4.622232E-33
274,2.311116E-33
274,1.155558E-33
274,5.77779E-34
274,2.888895E-34
274,1.444447E-34
274,7.222237E-35
274,3.611119E-35
