-1,0
-1,0
-1,0
-1,0
-1,0
-1,0
-1,0
-1,0
-1,0
-1,0
-1,0
-1,0
-1,0
-1,0
-1,0
-1,0
-1,0
-1,0
-1,0
-1,0
-1,0
-1,0
-1,0
-1,0
-1,0
-1,0
-1,0
-1,0
-1,0
-1,0
-1,0
-1,0
-1,0
-1,0
-1,0
-1,0
-1,0
-1,0
-1,0
-1,0
-1,0
-1,0
-1,0
-1,0
-1,0
-1,0
-1,0
-1,0
-1,0
-1,0
-1,0
-1,0
-1,0
-1,0
-1,0
-1,0
-1,0
-1,0
-1,0
-1,0
-1,0
-1,0
-1,0
-1,0
-1,0
-1,0
-1,0
-1,0
-1,0
-1,0
-1,0
-1,0
-1,0
-1,0
-1,0
-1,0
-1,0
-1,0
-1,0
-1,0
-1,0
-1,0
-1,0
-1,0
-1,0
-1,0
-1,0
-1,0
-1,0
-1,0
-1,0
-1,0
-1,0
-1,0
-1,0
-1,0
-1,0
-1,0
-1,0
-1,0
-1,0
-1,0
-1,0
-1,0
-1,0
-1,0
-1,0
-1,0
-1,0
-1,0
-1,0
-1,0
-1,0
-1,0
-1,0
-1,0
-1,0
-1,0
-1,0
-1,0
-1,0
-1,0
-1,0
-1,0
-1,0
-1,0
-1,0
-1,0
-1,0
-1,0
-1,0
-1,0
-1,0
-1,0
-1,0
-1,0
-1,0
-1,0
-1,0
-1,0
-1,0
-1,0
-1,0
-1,0
-1,0
-1,0
-1,0
-1,0
-1,0
-1,0
-1,0
-1,0
-1,0
-1,0
-1,0
-1,0
-1,0
-1,0
-1,0
-1,0
-1,0
-1,0
-1,0
-1,0
-1,0
-1,0
-1,0
-1,0
-1,0
-1,0
-1,0
-1,0
-1,0
-1,0
-1,0
-1,0
-1,0
-1,0
-1,0
-1,0
-1,0
-1,0
-1,0
-1,0
-1,0
-1,0
-1,0
-1,0
-1,0
-1,0
-1,0
-1,0
-1,0
-1,0
-1,0
-1,0
-1,0
-1,0
-1,0
-1,0
-1,0
-1,0
-1,0
-1,0
-1,0
-1,0
-1,0
-1,0
-1,0
-1,0
-1,0
-1,0
-1,0
-1,0
-1,0
-1,0
-1,0
-1,0
-1,0
-1,0
-1,0
-1,0
-1,0
-1,0
-1,0
-1,0
-1,0
-1,0
-1,0
-1,0
-1,0
-1,0
-1,0
-1,0
-1,0
-1,0
-1,0
-1,0
-1,0
-1,0
-1,0
-1,0
-1,0
-1,0
-1,0
-1,0
-1,0
-1,0
-1,0
-1,0
-1,0
-1,0
-1,0
-1,0
-1,0
-1,0
-1,0
-1,0
-1,0
-1,0
-1,0
-1,0
-1,0
-1,0
-1,0
-1,0
-1,0
-1,0
-1,0
-1,0
-1,0
-1,0
-1,0
-1,0
-1,0
-1,0
-1,0
-1,0
-1,0
-1,0
-1,0
-1,0
-1,0
-1,0
-1,0
-1,0
-1,0
-1,0
-1,0
-1,0
-1,0
-1,0
-1,0
-1,0
-1,0
-1,0
-1,0
-1,0
-1,0
-1,0
-1,0
-1,0
-1,0
-1,0
-1,0
-1,0
-1,0
-1,0
-1,0
-1,0
-1,0
-1,0
-1,0
-1,0
81,0
81,0
81,0
81,0
81,0
81,0
81,0
81,0
81,0
81,0
81,0
81,0
81,0
81,0
81,0
81,0
81,0
81,0
81,0
81,0
81,0
81,0
81,0
81,0
81,0
81,0
81,0
81,0
81,0
81,0
81,0
81,0
81,0
81,0
81,0
81,0
81,0
81,0
81,0
81,0
81,0
81,0
81,0
81,0
81,0
81,0
81,0
81,0
81,0
81,0
81,0
81,0
81,0
81,0
81,0
81,0
81,0
81,0
81,0
81,0
81,0
81,0
81,0
81,0
81,0
81,0
81,0
81,0
81,0
81,0
81,0
81,0
81,0
81,0
81,0
81,0
81,0
81,0
81,0
81,0
81,0
81,0
81,0
81,0
81,0
81,0
81,0
81,0
81,0
81,0
81,0
81,0
81,0
81,0
81,0
81,0
81,0
81,0
81,0
81,0
81,0
81,0
81,0
81,0
81,0
81,0
81,0
81,0
81,0
81,0
81,0
81,0
81,0
81,0
81,0
81,0
81,0
81,0
81,0
81,0
81,0
81,0
81,0
81,0
81,0
81,0
81,0
81,0
81,0
81,0
81,0
81,0
81,0
81,0
81,0
81,0
81,0
81,0
81,0
81,0
81,0
81,0
81,0
81,0
81,0
81,0
81,0
81,0
81,0
81,0
81,0
81,0
81,0
81,0
81,0
81,0
81,0
81,0
81,0
81,0
81,0
81,0
81,0
81,0
81,0
81,0
81,0
81,0
81,0
81,0
81,0
81,0
81,0
81,0
81,0
81,0
81,0
81,0
81,0
81,0
81,0
81,0
81,0
81,0
81,0
81,0
81,0
81,0
81,0
81,0
81,0
81,0
81,0
81,0
81,0
81,0
81,0
81,0
81,0
81,0
81,0
81,0
81,0
81,0
81,0
81,0
81,0
81,0
81,0
81,0
81,0
81,0
81,0
81,0
81,0
81,0
81,0
81,0
81,0
81,0
81,0
81,0
81,0
81,0
81,0
81,0
81,0
81,0
81,0
81,0
81,0
81,0
81,0
81,0
81,0
81,0
81,0
81,0
81,0
81,0
81,0
81,0
81,0
81,0
81,0
81,0
81,0
81,0
81,0
81,0
81,0
81,0
81,0
81,0
81,0
81,0
81,0
81,0
81,0
81,0
81,0
81,0
81,0
81,0
81,0
81,0
81,0
81,0
81,0
81,0
79,1
79,0.5
79,0.25
79,0.125
79,0.0625
79,0.03125
79,0.015625
79,0.0078125
79,0.00390625
79,0.001953125
79,0.0009765625
79,0.0004882813
79,0.0002441406
79,0.0001220703
79,6.103516E-05
79,3.051758E-05
79,1.525879E-05
79,7.629395E-06
79,3.814697E-06
79,1.907349E-06
79,9.536743E-07
79,4.768372E-07
79,2.384186E-07
79,1.192093E-07
79,5.960464E-08
79,2.980232E-08
79,1.490116E-08
79,7.450581E-09
79,3.72529E-09
79,1.862645E-09
79,9.313226E-10
79,4.656613E-10
79,2.328306E-10
79,1.164153E-10
79,5.820766E-11
79,2.910383E-11
79,1.455192E-11
79,7.275958E-12
79,3.637979E-12
79,1.818989E-12
79,9.094947E-13
79,4.547474E-13
79,2.273737E-13
79,1.136868E-13
79,5.684342E-14
79,2.842171E-14
79,1.421085E-14
79,7.105427E-15
79,3.552714E-15
79,1.776357E-15
79,8.881784E-16
79,4.440892E-16
79,2.220446E-16
79,1.110223E-16
79,5.551115E-17
79,2.775558E-17
79,1.387779E-17
79,6.938894E-18
79,3.469447E-18
79,1.734723E-18
79,8.673617E-19
79,4.336809E-19
79,2.168404E-19
79,1.084202E-19
79,5.421011E-20
79,2.710505E-20
79,1.355253E-20
79,6.776264E-21
79,3.388132E-21
79,1.694066E-21
79,8.470329E-22
79,4.235165E-22
79,2.117582E-22
79,1.058791E-22
79,5.293956E-23
79,2.646978E-23
79,1.323489E-23
79,6.617445E-24
79,3.308722E-24
79,1.654361E-24
79,8.271806E-25
79,4.135903E-25
79,2.067952E-25
79,1.033976E-25
79,5.169879E-26
79,2.584939E-26
79,1.29247E-26
79,6.462349E-27
79,3.231174E-27
79,1.615587E-27
79,8.077936E-28
79,4.038968E-28
79,2.019484E-28
79,1.009742E-28
79,5.04871E-29
79,2.524355E-29
79,1.262177E-29
79,6.310887E-30
79,3.155444E-30
79,1.577722E-30
79,7.888609E-31
79,3.944305E-31
79,1.972152E-31
79,9.860761E-32
79,4.930381E-32
79,2.46519E-32
79,1.232595E-32
79,6.162976E-33
79,3.081488E-33
79,1.540744E-33
79,7.70372E-34
79,3.85186E-34
79,1.92593E-34
79,9.62965E-35
79,4.814825E-35
79,2.407412E-35
79,1.203706E-35
79,6.018531E-36
79,3.009266E-36
79,1.504633E-36
79,7.523164E-37
79,3.761582E-37
79,1.880791E-37
79,9.403955E-38
79,4.701977E-38
79,2.350989E-38
79,1.175494E-38
79,5.877472E-39
79,2.938736E-39
79,1.469368E-39
79,7.34684E-40
79,3.67342E-40
79,1.83671E-40
79,9.18355E-41
79,4.591775E-41
79,2.295887E-41
79,1.147944E-41
79,5.739719E-42
79,2.869859E-42
79,1.43493E-42
79,7.174648E-43
79,3.587324E-43
79,1.793662E-43
79,8.96831E-44
79,4.484155E-44
79,2.242078E-44
79,1.121039E-44
79,5.605194E-45
79,2.802597E-45
79,1.401298E-45
79,0
79,0
79,0
79,0
79,0
79,0
79,0
79,0
79,0
79,0
79,0
79,0
79,0
79,0
79,0
79,0
79,0
79,0
79,0
79,0
79,0
79,0
79,0
79,0
79,0
79,0
79,0
79,0
79,0
79,0
79,0
79,0
79,0
79,0
79,0
79,0
79,0
79,0
79,0
79,0
79,0
79,0
79,0
79,0
79,0
79,0
79,0
79,0
79,0
79,0
79,0
79,0
79,0
79,0
79,0
79,0
79,0
79,0
79,0
79,0
79,0
79,0
79,0
79,0
79,0
79,0
79,0
79,0
79,0
79,0
79,0
79,0
79,0
79,0
79,0
79,0
79,0
79,0
79,0
79,0
79,0
79,0
79,0
79,0
79,0
79,0
79,0
79,0
79,0
79,0
79,0
79,0
79,0
79,0
79,0
79,0
79,0
79,0
79,0
83,2
83,1
83,0.5
83,0.25
83,0.125
83,0.0625
83,0.03125
83,0.015625
83,0.0078125
83,0.00390625
83,0.001953125
83,0.0009765625
83,0.0004882813
83,0.0002441406
83,0.0001220703
83,6.103516E-05
83,3.051758E-05
83,1.525879E-05
83,7.629395E-06
83,3.814697E-06
83,1.907349E-06
83,9.536743E-07
83,4.768372E-07
83,2.384186E-07
83,1.192093E-07
83,5.960464E-08
83,2.980232E-08
83,1.490116E-08
83,7.450581E-09
83,3.72529E-09
83,1.862645E-09
83,9.313226E-10
83,4.656613E-10
83,2.328306E-10
83,1.164153E-10
83,5.820766E-11
83,2.910383E-11
83,1.455192E-11
83,7.275958E-12
83,3.637979E-12
83,1.818989E-12
83,9.094947E-13
83,4.547474E-13
83,2.273737E-13
83,1.136868E-13
83,5.684342E-14
83,2.842171E-14
83,1.421085E-14
83,7.105427E-15
83,3.552714E-15
83,1.776357E-15
83,8.881784E-16
83,4.440892E-16
83,2.220446E-16
83,1.110223E-16
83,5.551115E-17
83,2.775558E-17
83,1.387779E-17
83,6.938894E-18
83,3.469447E-18
83,1.734723E-18
83,8.673617E-19
83,4.336809E-19
83,2.168404E-19
83,1.084202E-19
83,5.421011E-20
83,2.710505E-20
83,1.355253E-20
83,6.776264E-21
83,3.388132E-21
83,1.694066E-21
83,8.470329E-22
83,4.235165E-22
83,2.117582E-22
83,1.058791E-22
83,5.293956E-23
83,2.646978E-23
83,1.323489E-23
83,6.617445E-24
83,3.308722E-24
83,1.654361E-24
83,8.271806E-25
83,4.135903E-25
83,2.067952E-25
83,1.033976E-25
83,5.169879E-26
83,2.584939E-26
83,1.29247E-26
83,6.462349E-27
83,3.231174E-27
83,1.615587E-27
83,8.077936E-28
83,4.038968E-28
83,2.019484E-28
83,1.009742E-28
83,5.04871E-29
83,2.524355E-29
83,1.262177E-29
83,6.310887E-30
83,3.155444E-30
83,1.577722E-30
83,7.888609E-31
83,3.944305E-31
83,1.972152E-31
83,9.860761E-32
83,4.930381E-32
83,2.46519E-32
83,1.232595E-32
83,6.162976E-33
83,3.081488E-33
83,1.540744E-33
83,7.70372E-34
83,3.85186E-34
83,1.92593E-34
83,9.62965E-35
83,4.814825E-35
83,2.407412E-35
83,1.203706E-35
83,6.018531E-36
83,3.009266E-36
83,1.504633E-36
83,7.523164E-37
83,3.761582E-37
83,1.880791E-37
83,9.403955E-38
83,4.701977E-38
83,2.350989E-38
83,1.175494E-38
83,5.877472E-39
83,2.938736E-39
83,1.469368E-39
83,7.34684E-40
83,3.67342E-40
83,1.83671E-40
83,9.18355E-41
83,4.591775E-41
83,2.295887E-41
83,1.147944E-41
83,5.739719E-42
83,2.869859E-42
83,1.43493E-42
83,7.174648E-43
83,3.587324E-43
83,1.793662E-43
83,8.96831E-44
83,4.484155E-44
83,2.242078E-44
83,1.121039E-44
83,5.605194E-45
83,2.802597E-45
83,1.401298E-45
83,0
83,0
83,0
83,0
83,0
83,0
83,0
83,0
83,0
83,0
83,0
83,0
83,0
83,0
83,0
83,0
83,0
83,0
83,0
83,0
83,0
83,0
83,0
83,0
83,0
83,0
83,0
83,0
83,0
83,0
83,0
83,0
83,0
83,0
83,0
83,0
83,0
83,0
83,0
83,0
83,0
83,0
83,0
83,0
83,0
83,0
83,0
83,0
83,0
83,0
83,0
83,0
83,0
83,0
83,0
83,0
83,0
83,0
83,0
83,0
83,0
83,0
83,0
83,0
83,0
83,0
83,0
83,0
83,0
83,0
83,0
83,0
83,0
83,0
83,0
83,0
83,0
83,0
83,0
83,0
83,0
83,0
83,0
83,0
83,0
83,0
83,0
83,0
83,0
83,0
83,0
83,0
83,0
83,0
83,0
83,0
83,0
83,0
83,0
83,0
83,0
83,0
83,0
83,0
83,0
83,0
83,0
83,0
83,0
83,0
83,0
83,0
83,0
83,0
83,0
83,0
83,0
83,0
83,0
83,0
83,0
83,0
83,0
83,0
87,2
87,1
87,0.5
87,0.25
87,0.125
87,0.0625
87,0.03125
87,0.015625
87,0.0078125
87,0.00390625
87,0.001953125
87,0.0009765625
87,0.0004882813
87,0.0002441406
87,0.0001220703
87,6.103516E-05
87,3.051758E-05
87,1.525879E-05
87,7.629395E-06
87,3.814697E-06
87,1.907349E-06
87,9.536743E-07
87,4.768372E-07
87,2.384186E-07
87,1.192093E-07
87,5.960464E-08
87,2.980232E-08
87,1.490116E-08
87,7.450581E-09
87,3.72529E-09
87,1.862645E-09
87,9.313226E-10
87,4.656613E-10
87,2.328306E-10
87,1.164153E-10
87,5.820766E-11
87,2.910383E-11
87,1.455192E-11
87,7.275958E-12
87,3.637979E-12
87,1.818989E-12
87,9.094947E-13
87,4.547474E-13
87,2.273737E-13
87,1.136868E-13
87,5.684342E-14
87,2.842171E-14
87,1.421085E-14
87,7.105427E-15
87,3.552714E-15
87,1.776357E-15
87,8.881784E-16
87,4.440892E-16
87,2.220446E-16
87,1.110223E-16
87,5.551115E-17
87,2.775558E-17
87,1.387779E-17
87,6.938894E-18
87,3.469447E-18
87,1.734723E-18
87,8.673617E-19
87,4.336809E-19
87,2.168404E-19
87,1.084202E-19
87,5.421011E-20
87,2.710505E-20
87,1.355253E-20
87,6.776264E-21
87,3.388132E-21
87,1.694066E-21
87,8.470329E-22
87,4.235165E-22
87,2.117582E-22
87,1.058791E-22
87,5.293956E-23
87,2.646978E-23
87,1.323489E-23
87,6.617445E-24
87,3.308722E-24
87,1.654361E-24
87,8.271806E-25
87,4.135903E-25
87,2.067952E-25
87,1.033976E-25
87,5.169879E-26
87,2.584939E-26
87,1.29247E-26
87,6.462349E-27
87,3.231174E-27
87,1.615587E-27
87,8.077936E-28
87,4.038968E-28
87,2.019484E-28
87,1.009742E-28
87,5.04871E-29
87,2.524355E-29
87,1.262177E-29
87,6.310887E-30
87,3.155444E-30
87,1.577722E-30
87,7.888609E-31
87,3.944305E-31
87,1.972152E-31
87,9.860761E-32
87,4.930381E-32
87,2.46519E-32
87,1.232595E-32
87,6.162976E-33
87,3.081488E-33
87,1.540744E-33
87,7.70372E-34
87,3.85186E-34
87,1.92593E-34
87,9.62965E-35
87,4.814825E-35
87,2.407412E-35
87,1.203706E-35
87,6.018531E-36
87,3.009266E-36
87,1.504633E-36
87,7.523164E-37
87,3.761582E-37
87,1.880791E-37
87,9.403955E-38
87,4.701977E-38
87,2.350989E-38
87,1.175494E-38
87,5.877472E-39
87,2.938736E-39
87,1.469368E-39
87,7.34684E-40
87,3.67342E-40
87,1.83671E-40
87,9.18355E-41
87,4.591775E-41
87,2.295887E-41
87,1.147944E-41
87,5.739719E-42
87,2.869859E-42
87,1.43493E-42
87,7.174648E-43
87,3.587324E-43
87,1.793662E-43
87,8.96831E-44
87,4.484155E-44
87,2.242078E-44
87,1.121039E-44
87,5.605194E-45
87,2.802597E-45
87,1.401298E-45
87,0
87,0
87,0
87,0
87,0
87,0
87,0
87,0
87,0
87,0
87,0
87,0
87,0
87,0
87,0
87,0
87,0
87,0
87,0
87,0
87,0
87,0
87,0
87,0
87,0
87,0
87,0
87,0
87,0
87,0
87,0
87,0
87,0
87,0
87,0
87,0
87,0
87,0
87,0
87,0
87,0
87,0
87,0
87,0
87,0
87,0
87,0
87,0
87,0
87,0
87,0
87,0
87,0
87,0
87,0
87,0
87,0
87,0
87,0
87,0
87,0
87,0
87,0
87,0
87,0
87,0
87,0
87,0
87,0
87,0
87,0
87,0
87,0
87,0
87,0
87,0
87,0
87,0
87,0
87,0
87,0
87,0
87,0
87,0
87,0
87,0
87,0
87,0
87,0
87,0
87,0
87,0
87,0
87,0
87,0
90,1.5
90,0.75
90,0.375
90,0.1875
90,0.09375
90,0.046875
90,0.0234375
90,0.01171875
90,0.005859375
90,0.002929688
90,0.001464844
90,0.0007324219
90,0.0003662109
90,0.0001831055
90,9.155273E-05
90,4.577637E-05
90,2.288818E-05
90,1.144409E-05
90,5.722046E-06
90,2.861023E-06
90,1.430511E-06
90,7.152557E-07
90,3.576279E-07
90,1.788139E-07
90,8.940697E-08
90,4.470348E-08
90,2.235174E-08
90,1.117587E-08
90,5.587935E-09
90,2.793968E-09
90,1.396984E-09
90,6.984919E-10
90,3.49246E-10
90,1.74623E-10
90,8.731149E-11
90,4.365575E-11
90,2.182787E-11
90,1.091394E-11
90,5.456968E-12
90,2.728484E-12
90,1.364242E-12
90,6.82121E-13
90,3.410605E-13
90,1.705303E-13
90,8.526513E-14
90,4.263256E-14
90,2.131628E-14
90,1.065814E-14
90,5.329071E-15
90,2.664535E-15
90,1.332268E-15
90,6.661338E-16
90,3.330669E-16
90,1.665335E-16
90,8.326673E-17
90,4.163336E-17
90,2.081668E-17
90,1.040834E-17
90,5.20417E-18
90,2.602085E-18
90,1.301043E-18
90,6.505213E-19
90,3.252607E-19
90,1.626303E-19
90,8.131516E-20
90,4.065758E-20
90,2.032879E-20
90,1.01644E-20
90,5.082198E-21
90,2.541099E-21
90,1.270549E-21
90,6.352747E-22
90,3.176374E-22
90,1.588187E-22
90,7.940934E-23
90,3.970467E-23
90,1.985233E-23
90,9.926167E-24
90,4.963084E-24
90,2.481542E-24
90,1.240771E-24
90,6.203855E-25
90,3.101927E-25
90,1.550964E-25
90,7.754818E-26
90,3.877409E-26
90,1.938705E-26
90,9.693523E-27
90,4.846761E-27
90,2.423381E-27
90,1.21169E-27
90,6.058452E-28
90,3.029226E-28
90,1.514613E-28
90,7.573065E-29
90,3.786532E-29
90,1.893266E-29
90,9.466331E-30
90,4.733165E-30
90,2.366583E-30
90,1.183291E-30
90,5.916457E-31
90,2.958228E-31
90,1.479114E-31
90,7.395571E-32
90,3.697785E-32
90,1.848893E-32
90,9.244464E-33
90,4.622232E-33
90,2.311116E-33
90,1.155558E-33
90,5.77779E-34
90,2.888895E-34
90,1.444447E-34
90,7.222237E-35
90,3.611119E-35
90,1.805559E-35
90,9.027797E-36
90,4.513898E-36
90,2.256949E-36
90,1.128475E-36
90,5.642373E-37
90,2.821186E-37
90,1.410593E-37
90,7.052966E-38
90,3.526483E-38
90,1.763242E-38
90,8.816208E-39
90,4.408104E-39
90,2.204052E-39
90,1.102026E-39
90,5.51013E-40
90,2.755065E-40
90,1.377532E-40
90,6.887662E-41
90,3.443831E-41
90,1.721916E-41
90,8.609578E-42
90,4.304789E-42
90,2.152394E-42
90,1.076197E-42
90,5.380986E-43
90,2.690493E-43
90,1.345247E-43
90,6.726233E-44
90,3.363116E-44
90,1.681558E-44
90,8.407791E-45
90,4.203895E-45
90,2.802597E-45
90,1.401298E-45
90,0
90,0
90,0
90,0
90,0
90,0
90,0
90,0
90,0
90,0
90,0
90,0
90,0
90,0
90,0
90,0
90,0
90,0
90,0
90,0
90,0
90,0
90,0
90,0
90,0
90,0
90,0
90,0
90,0
90,0
90,0
90,0
90,0
90,0
90,0
90,0
90,0
90,0
90,0
90,0
90,0
90,0
90,0
90,0
90,0
90,0
90,0
90,0
90,0
90,0
90,0
90,0
90,0
90,0
90,0
90,0
90,0
90,0
90,0
90,0
90,0
90,0
90,0
90,0
90,0
90,0
90,0
90,0
90,0
90,0
90,0
90,0
90,0
90,0
90,0
90,0
90,0
90,0
90,0
90,0
90,0
90,0
90,0
90,0
90,0
90,0
90,0
90,0
90,0
90,0
90,0
90,0
90,0
90,0
90,0
90,0
90,0
90,0
86,2
86,1
86,0.5
86,0.25
86,0.125
86,0.0625
86,0.03125
86,0.015625
86,0.0078125
86,0.00390625
86,0.001953125
86,0.0009765625
86,0.0004882813
86,0.0002441406
86,0.0001220703
86,6.103516E-05
86,3.051758E-05
86,1.525879E-05
86,7.629395E-06
86,3.814697E-06
86,1.907349E-06
86,9.536743E-07
86,4.768372E-07
86,2.384186E-07
86,1.192093E-07
86,5.960464E-08
86,2.980232E-08
86,1.490116E-08
86,7.450581E-09
86,3.72529E-09
86,1.862645E-09
86,9.313226E-10
86,4.656613E-10
86,2.328306E-10
86,1.164153E-10
86,5.820766E-11
86,2.910383E-11
86,1.455192E-11
86,7.275958E-12
86,3.637979E-12
86,1.818989E-12
86,9.094947E-13
86,4.547474E-13
86,2.273737E-13
86,1.136868E-13
86,5.684342E-14
86,2.842171E-14
86,1.421085E-14
86,7.105427E-15
86,3.552714E-15
86,1.776357E-15
86,8.881784E-16
86,4.440892E-16
86,2.220446E-16
86,1.110223E-16
86,5.551115E-17
86,2.775558E-17
86,1.387779E-17
86,6.938894E-18
86,3.469447E-18
86,1.734723E-18
86,8.673617E-19
86,4.336809E-19
86,2.168404E-19
86,1.084202E-19
86,5.421011E-20
86,2.710505E-20
86,1.355253E-20
86,6.776264E-21
86,3.388132E-21
86,1.694066E-21
86,8.470329E-22
86,4.235165E-22
86,2.117582E-22
86,1.058791E-22
86,5.293956E-23
86,2.646978E-23
86,1.323489E-23
86,6.617445E-24
86,3.308722E-24
86,1.654361E-24
86,8.271806E-25
86,4.135903E-25
86,2.067952E-25
86,1.033976E-25
86,5.169879E-26
86,2.584939E-26
86,1.29247E-26
86,6.462349E-27
86,3.231174E-27
86,1.615587E-27
86,8.077936E-28
86,4.038968E-28
86,2.019484E-28
86,1.009742E-28
86,5.04871E-29
86,2.524355E-29
86,1.262177E-29
86,6.310887E-30
86,3.155444E-30
86,1.577722E-30
86,7.888609E-31
86,3.944305E-31
86,1.972152E-31
86,9.860761E-32
86,4.930381E-32
86,2.46519E-32
86,1.232595E-32
86,6.162976E-33
86,3.081488E-33
86,1.540744E-33
86,7.70372E-34
86,3.85186E-34
86,1.92593E-34
86,9.62965E-35
86,4.814825E-35
86,2.407412E-35
86,1.203706E-35
86,6.018531E-36
86,3.009266E-36
86,1.504633E-36
86,7.523164E-37
86,3.761582E-37
86,1.880791E-37
86,9.403955E-38
86,4.701977E-38
86,2.350989E-38
86,1.175494E-38
86,5.877472E-39
86,2.938736E-39
86,1.469368E-39
86,7.34684E-40
86,3.67342E-40
86,1.83671E-40
86,9.18355E-41
86,4.591775E-41
86,2.295887E-41
86,1.147944E-41
86,5.739719E-42
86,2.869859E-42
86,1.43493E-42
86,7.174648E-43
86,3.587324E-43
86,1.793662E-43
86,8.96831E-44
86,4.484155E-44
86,2.242078E-44
86,1.121039E-44
86,5.605194E-45
86,2.802597E-45
86,1.401298E-45
86,0
86,0
86,0
86,0
86,0
86,0
86,0
86,0
86,0
86,0
86,0
86,0
86,0
86,0
86,0
86,0
86,0
86,0
86,0
86,0
86,0
86,0
86,0
86,0
86,0
86,0
86,0
86,0
86,0
86,0
86,0
86,0
86,0
86,0
86,0
86,0
86,0
86,0
86,0
86,0
86,0
86,0
86,0
86,0
86,0
86,0
86,0
86,0
86,0
86,0
86,0
86,0
86,0
86,0
86,0
86,0
86,0
86,0
86,0
86,0
86,0
86,0
86,0
86,0
86,0
86,0
86,0
86,0
86,0
86,0
86,0
86,0
86,0
86,0
86,0
86,0
86,0
86,0
86,0
86,0
86,0
86,0
86,0
86,0
86,0
86,0
86,0
86,0
86,0
86,0
86,0
86,0
86,0
86,0
86,0
86,0
86,0
86,0
86,0
86,0
86,0
86,0
86,0
86,0
86,0
86,0
86,0
86,0
86,0
86,0
86,0
86,0
86,0
86,0
83,1.5
83,0.75
83,0.375
83,0.1875
83,0.09375
83,0.046875
83,0.0234375
83,0.01171875
83,0.005859375
83,0.002929688
83,0.001464844
83,0.0007324219
83,0.0003662109
83,0.0001831055
83,9.155273E-05
83,4.577637E-05
83,2.288818E-05
83,1.144409E-05
83,5.722046E-06
83,2.861023E-06
83,1.430511E-06
83,7.152557E-07
83,3.576279E-07
83,1.788139E-07
83,8.940697E-08
83,4.470348E-08
83,2.235174E-08
83,1.117587E-08
83,5.587935E-09
83,2.793968E-09
83,1.396984E-09
83,6.984919E-10
83,3.49246E-10
83,1.74623E-10
83,8.731149E-11
83,4.365575E-11
83,2.182787E-11
83,1.091394E-11
83,5.456968E-12
83,2.728484E-12
83,1.364242E-12
83,6.82121E-13
83,3.410605E-13
83,1.705303E-13
83,8.526513E-14
83,4.263256E-14
83,2.131628E-14
83,1.065814E-14
83,5.329071E-15
83,2.664535E-15
83,1.332268E-15
83,6.661338E-16
83,3.330669E-16
83,1.665335E-16
83,8.326673E-17
83,4.163336E-17
83,2.081668E-17
83,1.040834E-17
83,5.20417E-18
83,2.602085E-18
83,1.301043E-18
83,6.505213E-19
83,3.252607E-19
83,1.626303E-19
83,8.131516E-20
83,4.065758E-20
83,2.032879E-20
83,1.01644E-20
83,5.082198E-21
83,2.541099E-21
83,1.270549E-21
83,6.352747E-22
83,3.176374E-22
83,1.588187E-22
83,7.940934E-23
83,3.970467E-23
83,1.985233E-23
83,9.926167E-24
83,4.963084E-24
83,2.481542E-24
83,1.240771E-24
83,6.203855E-25
83,3.101927E-25
83,1.550964E-25
83,7.754818E-26
83,3.877409E-26
83,1.938705E-26
83,9.693523E-27
83,4.846761E-27
83,2.423381E-27
83,1.21169E-27
83,6.058452E-28
83,3.029226E-28
83,1.514613E-28
83,7.573065E-29
83,3.786532E-29
83,1.893266E-29
83,9.466331E-30
83,4.733165E-30
83,2.366583E-30
83,1.183291E-30
83,5.916457E-31
83,2.958228E-31
83,1.479114E-31
83,7.395571E-32
83,3.697785E-32
83,1.848893E-32
83,9.244464E-33
83,4.622232E-33
83,2.311116E-33
83,1.155558E-33
83,5.77779E-34
83,2.888895E-34
83,1.444447E-34
83,7.222237E-35
83,3.611119E-35
83,1.805559E-35
83,9.027797E-36
83,4.513898E-36
83,2.256949E-36
83,1.128475E-36
83,5.642373E-37
83,2.821186E-37
83,1.410593E-37
83,7.052966E-38
83,3.526483E-38
83,1.763242E-38
83,8.816208E-39
83,4.408104E-39
83,2.204052E-39
83,1.102026E-39
83,5.51013E-40
83,2.755065E-40
83,1.377532E-40
83,6.887662E-41
83,3.443831E-41
83,1.721916E-41
83,8.609578E-42
83,4.304789E-42
83,2.152394E-42
83,1.076197E-42
83,5.380986E-43
83,2.690493E-43
83,1.345247E-43
83,6.726233E-44
83,3.363116E-44
83,1.681558E-44
83,8.407791E-45
83,4.203895E-45
83,2.802597E-45
83,1.401298E-45
83,0
83,0
83,0
83,0
83,0
83,0
83,0
83,0
83,0
83,0
83,0
83,0
83,0
83,0
83,0
83,0
83,0
83,0
83,0
83,0
83,0
83,0
83,0
83,0
83,0
83,0
83,0
83,0
83,0
83,0
83,0
83,0
83,0
83,0
83,0
83,0
83,0
83,0
83,0
83,0
83,0
83,0
83,0
83,0
83,0
83,0
83,0
83,0
83,0
83,0
83,0
83,0
83,0
83,0
83,0
83,0
83,0
83,0
83,0
83,0
83,0
83,0
83,0
83,0
83,0
83,0
83,0
83,0
83,0
83,0
83,0
83,0
83,0
83,0
83,0
83,0
83,0
83,0
83,0
83,0
83,0
83,0
83,0
83,0
83,0
83,0
83,0
83,0
83,0
83,0
83,0
83,0
83,0
83,0
83,0
83,0
83,0
83,0
83,0
83,0
83,0
83,0
83,0
83,0
83,0
83,0
83,0
83,0
83,0
83,0
83,0
83,0
83,0
83,0
83,0
83,0
83,0
83,0
83,0
83,0
83,0
83,0
83,0
83,0
83,0
83,0
83,0
83,0
83,0
83,0
83,0
83,0
83,0
83,0
83,0
83,0
83,0
83,0
83,0
82,0.5
82,0.25
82,0.125
82,0.0625
82,0.03125
82,0.015625
82,0.0078125
82,0.00390625
82,0.001953125
82,0.0009765625
82,0.0004882813
82,0.0002441406
82,0.0001220703
82,6.103516E-05
82,3.051758E-05
82,1.525879E-05
82,7.629395E-06
82,3.814697E-06
82,1.907349E-06
82,9.536743E-07
82,4.768372E-07
82,2.384186E-07
82,1.192093E-07
82,5.960464E-08
82,2.980232E-08
82,1.490116E-08
82,7.450581E-09
82,3.72529E-09
82,1.862645E-09
82,9.313226E-10
82,4.656613E-10
82,2.328306E-10
82,1.164153E-10
82,5.820766E-11
82,2.910383E-11
82,1.455192E-11
82,7.275958E-12
82,3.637979E-12
82,1.818989E-12
82,9.094947E-13
82,4.547474E-13
82,2.273737E-13
82,1.136868E-13
82,5.684342E-14
82,2.842171E-14
82,1.421085E-14
82,7.105427E-15
82,3.552714E-15
82,1.776357E-15
82,8.881784E-16
82,4.440892E-16
82,2.220446E-16
82,1.110223E-16
82,5.551115E-17
82,2.775558E-17
82,1.387779E-17
82,6.938894E-18
82,3.469447E-18
82,1.734723E-18
82,8.673617E-19
82,4.336809E-19
82,2.168404E-19
82,1.084202E-19
82,5.421011E-20
82,2.710505E-20
82,1.355253E-20
82,6.776264E-21
82,3.388132E-21
82,1.694066E-21
82,8.470329E-22
82,4.235165E-22
82,2.117582E-22
82,1.058791E-22
82,5.293956E-23
82,2.646978E-23
82,1.323489E-23
82,6.617445E-24
82,3.308722E-24
82,1.654361E-24
82,8.271806E-25
82,4.135903E-25
82,2.067952E-25
82,1.033976E-25
82,5.169879E-26
82,2.584939E-26
82,1.29247E-26
82,6.462349E-27
82,3.231174E-27
82,1.615587E-27
82,8.077936E-28
82,4.038968E-28
82,2.019484E-28
82,1.009742E-28
82,5.04871E-29
82,2.524355E-29
82,1.262177E-29
82,6.310887E-30
82,3.155444E-30
82,1.577722E-30
82,7.888609E-31
82,3.944305E-31
82,1.972152E-31
82,9.860761E-32
82,4.930381E-32
82,2.46519E-32
82,1.232595E-32
82,6.162976E-33
82,3.081488E-33
82,1.540744E-33
82,7.70372E-34
82,3.85186E-34
82,1.92593E-34
82,9.62965E-35
82,4.814825E-35
82,2.407412E-35
82,1.203706E-35
82,6.018531E-36
82,3.009266E-36
82,1.504633E-36
82,7.523164E-37
82,3.761582E-37
82,1.880791E-37
82,9.403955E-38
82,4.701977E-38
82,2.350989E-38
82,1.175494E-38
82,5.877472E-39
82,2.938736E-39
82,1.469368E-39
82,7.34684E-40
82,3.67342E-40
82,1.83671E-40
82,9.18355E-41
82,4.591775E-41
82,2.295887E-41
82,1.147944E-41
82,5.739719E-42
82,2.869859E-42
82,1.43493E-42
82,7.174648E-43
82,3.587324E-43
82,1.793662E-43
82,8.96831E-44
82,4.484155E-44
82,2.242078E-44
82,1.121039E-44
82,5.605194E-45
82,2.802597E-45
82,1.401298E-45
82,0
82,0
82,0
82,0
82,0
82,0
82,0
82,0
82,0
82,0
82,0
82,0
82,0
82,0
82,0
82,0
82,0
82,0
82,0
82,0
82,0
82,0
82,0
82,0
82,0
82,0
82,0
82,0
82,0
82,0
82,0
82,0
82,0
82,0
82,0
82,0
82,0
82,0
82,0
82,0
82,0
82,0
82,0
82,0
82,0
82,0
82,0
82,0
82,0
82,0
82,0
82,0
82,0
82,0
82,0
82,0
82,0
82,0
82,0
82,0
82,0
82,0
82,0
82,0
82,0
82,0
82,0
82,0
82,0
82,0
82,0
82,0
82,0
82,0
82,0
82,0
82,0
82,0
82,0
82,0
82,0
82,0
82,0
82,0
82,0
82,0
82,0
82,0
82,0
82,0
82,0
82,0
82,0
82,0
82,0
82,0
82,0
82,0
82,0
82,0
82,0
82,0
82,0
82,0
82,0
82,0
82,0
82,0
82,0
82,0
82,0
82,0
82,0
82,0
82,0
82,0
82,0
82,0
82,0
82,0
82,0
82,0
82,0
82,0
88,3
88,1.5
88,0.75
88,0.375
88,0.1875
88,0.09375
88,0.046875
88,0.0234375
88,0.01171875
88,0.005859375
88,0.002929688
88,0.001464844
88,0.0007324219
88,0.0003662109
88,0.0001831055
88,9.155273E-05
88,4.577637E-05
88,2.288818E-05
88,1.144409E-05
88,5.722046E-06
88,2.861023E-06
88,1.430511E-06
88,7.152557E-07
88,3.576279E-07
88,1.788139E-07
88,8.940697E-08
88,4.470348E-08
88,2.235174E-08
88,1.117587E-08
88,5.587935E-09
88,2.793968E-09
88,1.396984E-09
88,6.984919E-10
88,3.49246E-10
88,1.74623E-10
88,8.731149E-11
88,4.365575E-11
88,2.182787E-11
88,1.091394E-11
88,5.456968E-12
88,2.728484E-12
88,1.364242E-12
88,6.82121E-13
88,3.410605E-13
88,1.705303E-13
88,8.526513E-14
88,4.263256E-14
88,2.131628E-14
88,1.065814E-14
88,5.329071E-15
88,2.664535E-15
88,1.332268E-15
88,6.661338E-16
88,3.330669E-16
88,1.665335E-16
88,8.326673E-17
88,4.163336E-17
88,2.081668E-17
88,1.040834E-17
88,5.20417E-18
88,2.602085E-18
88,1.301043E-18
88,6.505213E-19
88,3.252607E-19
88,1.626303E-19
88,8.131516E-20
88,4.065758E-20
88,2.032879E-20
88,1.01644E-20
88,5.082198E-21
88,2.541099E-21
88,1.270549E-21
88,6.352747E-22
88,3.176374E-22
88,1.588187E-22
88,7.940934E-23
88,3.970467E-23
88,1.985233E-23
88,9.926167E-24
88,4.963084E-24
88,2.481542E-24
88,1.240771E-24
88,6.203855E-25
88,3.101927E-25
88,1.550964E-25
88,7.754818E-26
88,3.877409E-26
88,1.938705E-26
88,9.693523E-27
88,4.846761E-27
88,2.423381E-27
88,1.21169E-27
88,6.058452E-28
88,3.029226E-28
88,1.514613E-28
88,7.573065E-29
88,3.786532E-29
88,1.893266E-29
88,9.466331E-30
88,4.733165E-30
88,2.366583E-30
88,1.183291E-30
88,5.916457E-31
88,2.958228E-31
88,1.479114E-31
88,7.395571E-32
88,3.697785E-32
88,1.848893E-32
88,9.244464E-33
88,4.622232E-33
88,2.311116E-33
88,1.155558E-33
88,5.77779E-34
88,2.888895E-34
88,1.444447E-34
88,7.222237E-35
88,3.611119E-35
88,1.805559E-35
88,9.027797E-36
88,4.513898E-36
88,2.256949E-36
88,1.128475E-36
88,5.642373E-37
88,2.821186E-37
88,1.410593E-37
88,7.052966E-38
88,3.526483E-38
88,1.763242E-38
88,8.816208E-39
88,4.408104E-39
88,2.204052E-39
88,1.102026E-39
88,5.51013E-40
88,2.755065E-40
88,1.377532E-40
88,6.887662E-41
88,3.443831E-41
88,1.721916E-41
88,8.609578E-42
88,4.304789E-42
88,2.152394E-42
88,1.076197E-42
88,5.380986E-43
88,2.690493E-43
88,1.345247E-43
88,6.726233E-44
88,3.363116E-44
88,1.681558E-44
88,8.407791E-45
88,4.203895E-45
88,2.802597E-45
88,1.401298E-45
88,0
88,0
88,0
88,0
88,0
88,0
88,0
88,0
88,0
88,0
88,0
88,0
88,0
88,0
88,0
88,0
88,0
88,0
88,0
88,0
88,0
88,0
88,0
88,0
88,0
88,0
88,0
88,0
88,0
88,0
88,0
88,0
88,0
88,0
88,0
88,0
88,0
88,0
88,0
88,0
88,0
88,0
88,0
88,0
88,0
88,0
88,0
88,0
88,0
88,0
88,0
88,0
88,0
88,0
88,0
88,0
88,0
88,0
88,0
88,0
88,0
88,0
88,0
88,0
88,0
88,0
91,1.5
91,0.75
91,0.375
91,0.1875
91,0.09375
91,0.046875
91,0.0234375
91,0.01171875
91,0.005859375
91,0.002929688
91,0.001464844
91,0.0007324219
91,0.0003662109
91,0.0001831055
91,9.155273E-05
91,4.577637E-05
91,2.288818E-05
91,1.144409E-05
91,5.722046E-06
91,2.861023E-06
91,1.430511E-06
91,7.152557E-07
91,3.576279E-07
91,1.788139E-07
91,8.940697E-08
91,4.470348E-08
91,2.235174E-08
91,1.117587E-08
91,5.587935E-09
91,2.793968E-09
91,1.396984E-09
91,6.984919E-10
91,3.49246E-10
91,1.74623E-10
91,8.731149E-11
91,4.365575E-11
91,2.182787E-11
91,1.091394E-11
91,5.456968E-12
91,2.728484E-12
91,1.364242E-12
91,6.82121E-13
91,3.410605E-13
91,1.705303E-13
91,8.526513E-14
91,4.263256E-14
91,2.131628E-14
91,1.065814E-14
91,5.329071E-15
91,2.664535E-15
91,1.332268E-15
91,6.661338E-16
91,3.330669E-16
91,1.665335E-16
91,8.326673E-17
91,4.163336E-17
91,2.081668E-17
91,1.040834E-17
91,5.20417E-18
91,2.602085E-18
91,1.301043E-18
91,6.505213E-19
91,3.252607E-19
91,1.626303E-19
91,8.131516E-20
91,4.065758E-20
91,2.032879E-20
91,1.01644E-20
91,5.082198E-21
91,2.541099E-21
91,1.270549E-21
91,6.352747E-22
91,3.176374E-22
91,1.588187E-22
91,7.940934E-23
91,3.970467E-23
91,1.985233E-23
91,9.926167E-24
91,4.963084E-24
91,2.481542E-24
91,1.240771E-24
91,6.203855E-25
91,3.101927E-25
91,1.550964E-25
91,7.754818E-26
91,3.877409E-26
91,1.938705E-26
91,9.693523E-27
91,4.846761E-27
91,2.423381E-27
91,1.21169E-27
91,6.058452E-28
91,3.029226E-28
91,1.514613E-28
91,7.573065E-29
91,3.786532E-29
91,1.893266E-29
91,9.466331E-30
91,4.733165E-30
91,2.366583E-30
91,1.183291E-30
91,5.916457E-31
91,2.958228E-31
91,1.479114E-31
91,7.395571E-32
91,3.697785E-32
91,1.848893E-32
91,9.244464E-33
91,4.622232E-33
91,2.311116E-33
91,1.155558E-33
91,5.77779E-34
91,2.888895E-34
91,1.444447E-34
91,7.222237E-35
91,3.611119E-35
91,1.805559E-35
91,9.027797E-36
91,4.513898E-36
91,2.256949E-36
91,1.128475E-36
91,5.642373E-37
91,2.821186E-37
91,1.410593E-37
91,7.052966E-38
91,3.526483E-38
91,1.763242E-38
91,8.816208E-39
91,4.408104E-39
91,2.204052E-39
91,1.102026E-39
91,5.51013E-40
91,2.755065E-40
91,1.377532E-40
91,6.887662E-41
91,3.443831E-41
91,1.721916E-41
91,8.609578E-42
91,4.304789E-42
91,2.152394E-42
91,1.076197E-42
91,5.380986E-43
91,2.690493E-43
91,1.345247E-43
91,6.726233E-44
91,3.363116E-44
91,1.681558E-44
91,8.407791E-45
91,4.203895E-45
91,2.802597E-45
91,1.401298E-45
91,0
91,0
91,0
91,0
91,0
91,0
91,0
91,0
91,0
91,0
91,0
91,0
91,0
91,0
91,0
91,0
91,0
91,0
91,0
91,0
91,0
91,0
91,0
91,0
91,0
91,0
91,0
91,0
91,0
91,0
91,0
91,0
91,0
91,0
91,0
91,0
91,0
91,0
91,0
91,0
91,0
91,0
91,0
91,0
91,0
91,0
91,0
91,0
91,0
91,0
91,0
91,0
91,0
91,0
91,0
91,0
91,0
91,0
91,0
91,0
91,0
91,0
91,0
91,0
91,0
91,0
91,0
91,0
91,0
91,0
91,0
91,0
91,0
91,0
91,0
91,0
91,0
91,0
91,0
91,0
91,0
91,0
91,0
91,0
91,0
91,0
91,0
91,0
91,0
91,0
91,0
91,0
91,0
91,0
91,0
91,0
91,0
91,0
91,0
91,0
91,0
91,0
91,0
91,0
91,0
91,0
91,0
91,0
91,0
91,0
91,0
91,0
91,0
91,0
91,0
91,0
91,0
91,0
91,0
91,0
91,0
91,0
91,0
91,0
91,0
91,0
91,0
91,0
91,0
91,0
93,1
93,0.5
93,0.25
93,0.125
93,0.0625
93,0.03125
93,0.015625
93,0.0078125
93,0.00390625
93,0.001953125
93,0.0009765625
93,0.0004882813
93,0.0002441406
93,0.0001220703
93,6.103516E-05
93,3.051758E-05
93,1.525879E-05
93,7.629395E-06
93,3.814697E-06
93,1.907349E-06
93,9.536743E-07
93,4.768372E-07
93,2.384186E-07
93,1.192093E-07
93,5.960464E-08
93,2.980232E-08
93,1.490116E-08
93,7.450581E-09
93,3.72529E-09
93,1.862645E-09
93,9.313226E-10
93,4.656613E-10
93,2.328306E-10
93,1.164153E-10
93,5.820766E-11
93,2.910383E-11
93,1.455192E-11
93,7.275958E-12
93,3.637979E-12
93,1.818989E-12
93,9.094947E-13
93,4.547474E-13
93,2.273737E-13
93,1.136868E-13
93,5.684342E-14
93,2.842171E-14
93,1.421085E-14
93,7.105427E-15
93,3.552714E-15
93,1.776357E-15
93,8.881784E-16
93,4.440892E-16
93,2.220446E-16
93,1.110223E-16
93,5.551115E-17
93,2.775558E-17
93,1.387779E-17
93,6.938894E-18
93,3.469447E-18
93,1.734723E-18
93,8.673617E-19
93,4.336809E-19
93,2.168404E-19
93,1.084202E-19
93,5.421011E-20
93,2.710505E-20
93,1.355253E-20
93,6.776264E-21
93,3.388132E-21
93,1.694066E-21
93,8.470329E-22
93,4.235165E-22
93,2.117582E-22
93,1.058791E-22
93,5.293956E-23
93,2.646978E-23
93,1.323489E-23
93,6.617445E-24
93,3.308722E-24
93,1.654361E-24
93,8.271806E-25
93,4.135903E-25
93,2.067952E-25
93,1.033976E-25
93,5.169879E-26
93,2.584939E-26
93,1.29247E-26
93,6.462349E-27
93,3.231174E-27
93,1.615587E-27
93,8.077936E-28
93,4.038968E-28
93,2.019484E-28
93,1.009742E-28
93,5.04871E-29
93,2.524355E-29
93,1.262177E-29
93,6.310887E-30
93,3.155444E-30
93,1.577722E-30
93,7.888609E-31
93,3.944305E-31
93,1.972152E-31
93,9.860761E-32
93,4.930381E-32
93,2.46519E-32
93,1.232595E-32
93,6.162976E-33
93,3.081488E-33
93,1.540744E-33
93,7.70372E-34
93,3.85186E-34
93,1.92593E-34
93,9.62965E-35
93,4.814825E-35
93,2.407412E-35
93,1.203706E-35
93,6.018531E-36
93,3.009266E-36
93,1.504633E-36
93,7.523164E-37
93,3.761582E-37
93,1.880791E-37
93,9.403955E-38
93,4.701977E-38
93,2.350989E-38
93,1.175494E-38
93,5.877472E-39
93,2.938736E-39
93,1.469368E-39
93,7.34684E-40
93,3.67342E-40
93,1.83671E-40
93,9.18355E-41
93,4.591775E-41
93,2.295887E-41
93,1.147944E-41
93,5.739719E-42
93,2.869859E-42
93,1.43493E-42
93,7.174648E-43
93,3.587324E-43
93,1.793662E-43
93,8.96831E-44
93,4.484155E-44
93,2.242078E-44
93,1.121039E-44
93,5.605194E-45
93,2.802597E-45
93,1.401298E-45
93,0
93,0
93,0
93,0
93,0
93,0
93,0
93,0
93,0
93,0
93,0
93,0
93,0
93,0
93,0
93,0
93,0
93,0
93,0
93,0
93,0
93,0
93,0
93,0
93,0
93,0
93,0
93,0
93,0
93,0
93,0
93,0
93,0
93,0
93,0
93,0
93,0
93,0
93,0
93,0
93,0
93,0
93,0
93,0
93,0
93,0
93,0
93,0
93,0
93,0
93,0
93,0
93,0
93,0
93,0
93,0
93,0
93,0
93,0
93,0
93,0
93,0
93,0
93,0
93,0
93,0
93,0
93,0
93,0
95,1
95,0.5
95,0.25
95,0.125
95,0.0625
95,0.03125
95,0.015625
95,0.0078125
95,0.00390625
95,0.001953125
95,0.0009765625
95,0.0004882813
95,0.0002441406
95,0.0001220703
95,6.103516E-05
95,3.051758E-05
95,1.525879E-05
95,7.629395E-06
95,3.814697E-06
95,1.907349E-06
95,9.536743E-07
95,4.768372E-07
95,2.384186E-07
95,1.192093E-07
95,5.960464E-08
95,2.980232E-08
95,1.490116E-08
95,7.450581E-09
95,3.72529E-09
95,1.862645E-09
95,9.313226E-10
95,4.656613E-10
95,2.328306E-10
95,1.164153E-10
95,5.820766E-11
95,2.910383E-11
95,1.455192E-11
95,7.275958E-12
95,3.637979E-12
95,1.818989E-12
95,9.094947E-13
95,4.547474E-13
95,2.273737E-13
95,1.136868E-13
95,5.684342E-14
95,2.842171E-14
95,1.421085E-14
95,7.105427E-15
95,3.552714E-15
95,1.776357E-15
95,8.881784E-16
95,4.440892E-16
95,2.220446E-16
95,1.110223E-16
95,5.551115E-17
95,2.775558E-17
95,1.387779E-17
95,6.938894E-18
95,3.469447E-18
95,1.734723E-18
95,8.673617E-19
95,4.336809E-19
95,2.168404E-19
95,1.084202E-19
95,5.421011E-20
95,2.710505E-20
95,1.355253E-20
95,6.776264E-21
95,3.388132E-21
95,1.694066E-21
95,8.470329E-22
95,4.235165E-22
95,2.117582E-22
95,1.058791E-22
95,5.293956E-23
95,2.646978E-23
95,1.323489E-23
95,6.617445E-24
95,3.308722E-24
95,1.654361E-24
95,8.271806E-25
95,4.135903E-25
95,2.067952E-25
95,1.033976E-25
95,5.169879E-26
95,2.584939E-26
95,1.29247E-26
95,6.462349E-27
95,3.231174E-27
95,1.615587E-27
95,8.077936E-28
95,4.038968E-28
95,2.019484E-28
95,1.009742E-28
95,5.04871E-29
95,2.524355E-29
95,1.262177E-29
95,6.310887E-30
95,3.155444E-30
95,1.577722E-30
95,7.888609E-31
95,3.944305E-31
95,1.972152E-31
95,9.860761E-32
95,4.930381E-32
95,2.46519E-32
95,1.232595E-32
95,6.162976E-33
95,3.081488E-33
95,1.540744E-33
95,7.70372E-34
95,3.85186E-34
95,1.92593E-34
95,9.62965E-35
95,4.814825E-35
95,2.407412E-35
95,1.203706E-35
95,6.018531E-36
95,3.009266E-36
95,1.504633E-36
95,7.523164E-37
95,3.761582E-37
95,1.880791E-37
95,9.403955E-38
95,4.701977E-38
95,2.350989E-38
95,1.175494E-38
95,5.877472E-39
95,2.938736E-39
95,1.469368E-39
95,7.34684E-40
95,3.67342E-40
95,1.83671E-40
95,9.18355E-41
95,4.591775E-41
95,2.295887E-41
95,1.147944E-41
95,5.739719E-42
95,2.869859E-42
95,1.43493E-42
95,7.174648E-43
95,3.587324E-43
95,1.793662E-43
95,8.96831E-44
95,4.484155E-44
95,2.242078E-44
95,1.121039E-44
95,5.605194E-45
95,2.802597E-45
95,1.401298E-45
95,0
95,0
95,0
95,0
95,0
95,0
95,0
95,0
95,0
95,0
95,0
95,0
95,0
95,0
95,0
95,0
95,0
95,0
95,0
95,0
95,0
95,0
95,0
95,0
95,0
95,0
95,0
95,0
95,0
95,0
95,0
95,0
95,0
95,0
95,0
95,0
95,0
95,0
95,0
95,0
95,0
95,0
95,0
95,0
95,0
95,0
95,0
95,0
95,0
95,0
95,0
95,0
95,0
95,0
95,0
95,0
95,0
95,0
95,0
95,0
95,0
95,0
95,0
95,0
95,0
95,0
95,0
95,0
95,0
95,0
95,0
95,0
95,0
95,0
95,0
95,0
95,0
95,0
95,0
95,0
95,0
90,2.5
90,1.25
90,0.625
90,0.3125
90,0.15625
90,0.078125
90,0.0390625
90,0.01953125
90,0.009765625
90,0.004882813
90,0.002441406
90,0.001220703
90,0.0006103516
90,0.0003051758
90,0.0001525879
90,7.629395E-05
90,3.814697E-05
90,1.907349E-05
90,9.536743E-06
90,4.768372E-06
90,2.384186E-06
90,1.192093E-06
90,5.960464E-07
90,2.980232E-07
90,1.490116E-07
90,7.450581E-08
90,3.72529E-08
90,1.862645E-08
90,9.313226E-09
90,4.656613E-09
90,2.328306E-09
90,1.164153E-09
90,5.820766E-10
90,2.910383E-10
90,1.455192E-10
90,7.275958E-11
90,3.637979E-11
90,1.818989E-11
90,9.094947E-12
90,4.547474E-12
90,2.273737E-12
90,1.136868E-12
90,5.684342E-13
90,2.842171E-13
90,1.421085E-13
90,7.105427E-14
90,3.552714E-14
90,1.776357E-14
90,8.881784E-15
90,4.440892E-15
90,2.220446E-15
90,1.110223E-15
90,5.551115E-16
90,2.775558E-16
90,1.387779E-16
90,6.938894E-17
90,3.469447E-17
90,1.734723E-17
90,8.673617E-18
90,4.336809E-18
90,2.168404E-18
90,1.084202E-18
90,5.421011E-19
90,2.710505E-19
90,1.355253E-19
90,6.776264E-20
90,3.388132E-20
90,1.694066E-20
90,8.470329E-21
90,4.235165E-21
90,2.117582E-21
90,1.058791E-21
90,5.293956E-22
90,2.646978E-22
90,1.323489E-22
90,6.617445E-23
90,3.308722E-23
90,1.654361E-23
90,8.271806E-24
90,4.135903E-24
90,2.067952E-24
90,1.033976E-24
90,5.169879E-25
90,2.584939E-25
90,1.29247E-25
90,6.462349E-26
90,3.231174E-26
90,1.615587E-26
90,8.077936E-27
90,4.038968E-27
90,2.019484E-27
90,1.009742E-27
90,5.04871E-28
90,2.524355E-28
90,1.262177E-28
90,6.310887E-29
90,3.155444E-29
90,1.577722E-29
90,7.888609E-30
90,3.944305E-30
90,1.972152E-30
90,9.860761E-31
90,4.930381E-31
90,2.46519E-31
90,1.232595E-31
90,6.162976E-32
90,3.081488E-32
90,1.540744E-32
90,7.70372E-33
90,3.85186E-33
90,1.92593E-33
90,9.62965E-34
90,4.814825E-34
90,2.407412E-34
90,1.203706E-34
90,6.018531E-35
90,3.009266E-35
90,1.504633E-35
90,7.523164E-36
90,3.761582E-36
90,1.880791E-36
90,9.403955E-37
90,4.701977E-37
90,2.350989E-37
90,1.175494E-37
90,5.877472E-38
90,2.938736E-38
90,1.469368E-38
90,7.34684E-39
90,3.67342E-39
90,1.83671E-39
90,9.18355E-40
90,4.591775E-40
90,2.295887E-40
90,1.147944E-40
90,5.739719E-41
90,2.869859E-41
90,1.43493E-41
90,7.174648E-42
90,3.587324E-42
90,1.793662E-42
90,8.96831E-43
90,4.484155E-43
90,2.242078E-43
90,1.121039E-43
90,5.605194E-44
90,2.802597E-44
90,1.401298E-44
90,7.006492E-45
90,2.802597E-45
90,1.401298E-45
90,0
90,0
90,0
90,0
90,0
90,0
90,0
90,0
90,0
90,0
90,0
90,0
90,0
90,0
90,0
90,0
90,0
90,0
90,0
90,0
90,0
90,0
90,0
90,0
90,0
90,0
90,0
90,0
90,0
90,0
90,0
90,0
90,0
90,0
90,0
90,0
90,0
90,0
90,0
90,0
90,0
90,0
90,0
90,0
90,0
90,0
90,0
90,0
90,0
90,0
90,0
90,0
90,0
90,0
90,0
90,0
90,0
90,0
90,0
90,0
90,0
90,0
90,0
90,0
90,0
90,0
90,0
90,0
90,0
90,0
90,0
90,0
90,0
90,0
90,0
90,0
90,0
90,0
90,0
90,0
90,0
90,0
90,0
90,0
90,0
90,0
90,0
90,0
90,0
90,0
90,0
90,0
90,0
90,0
90,0
90,0
90,0
90,0
90,0
90,0
90,0
90,0
90,0
90,0
90,0
90,0
90,0
90,0
90,0
90,0
90,0
90,0
90,0
90,0
90,0
90,0
90,0
90,0
90,0
90,0
90,0
90,0
90,0
90,0
90,0
90,0
90,0
90,0
90,0
90,0
90,0
90,0
90,0
92,1
92,0.5
92,0.25
92,0.125
92,0.0625
92,0.03125
92,0.015625
92,0.0078125
92,0.00390625
92,0.001953125
92,0.0009765625
92,0.0004882813
92,0.0002441406
92,0.0001220703
92,6.103516E-05
92,3.051758E-05
92,1.525879E-05
92,7.629395E-06
92,3.814697E-06
92,1.907349E-06
92,9.536743E-07
92,4.768372E-07
92,2.384186E-07
92,1.192093E-07
92,5.960464E-08
92,2.980232E-08
92,1.490116E-08
92,7.450581E-09
92,3.72529E-09
92,1.862645E-09
92,9.313226E-10
92,4.656613E-10
92,2.328306E-10
92,1.164153E-10
92,5.820766E-11
92,2.910383E-11
92,1.455192E-11
92,7.275958E-12
92,3.637979E-12
92,1.818989E-12
92,9.094947E-13
92,4.547474E-13
92,2.273737E-13
92,1.136868E-13
92,5.684342E-14
92,2.842171E-14
92,1.421085E-14
92,7.105427E-15
92,3.552714E-15
92,1.776357E-15
92,8.881784E-16
92,4.440892E-16
92,2.220446E-16
92,1.110223E-16
92,5.551115E-17
92,2.775558E-17
92,1.387779E-17
92,6.938894E-18
92,3.469447E-18
92,1.734723E-18
92,8.673617E-19
92,4.336809E-19
92,2.168404E-19
92,1.084202E-19
92,5.421011E-20
92,2.710505E-20
92,1.355253E-20
92,6.776264E-21
92,3.388132E-21
92,1.694066E-21
92,8.470329E-22
92,4.235165E-22
92,2.117582E-22
92,1.058791E-22
92,5.293956E-23
92,2.646978E-23
92,1.323489E-23
92,6.617445E-24
92,3.308722E-24
92,1.654361E-24
92,8.271806E-25
92,4.135903E-25
92,2.067952E-25
92,1.033976E-25
92,5.169879E-26
92,2.584939E-26
92,1.29247E-26
92,6.462349E-27
92,3.231174E-27
92,1.615587E-27
92,8.077936E-28
92,4.038968E-28
92,2.019484E-28
92,1.009742E-28
92,5.04871E-29
92,2.524355E-29
92,1.262177E-29
92,6.310887E-30
92,3.155444E-30
92,1.577722E-30
92,7.888609E-31
92,3.944305E-31
92,1.972152E-31
92,9.860761E-32
92,4.930381E-32
92,2.46519E-32
92,1.232595E-32
92,6.162976E-33
92,3.081488E-33
92,1.540744E-33
92,7.70372E-34
92,3.85186E-34
92,1.92593E-34
92,9.62965E-35
92,4.814825E-35
92,2.407412E-35
92,1.203706E-35
92,6.018531E-36
92,3.009266E-36
92,1.504633E-36
92,7.523164E-37
92,3.761582E-37
92,1.880791E-37
92,9.403955E-38
92,4.701977E-38
92,2.350989E-38
92,1.175494E-38
92,5.877472E-39
92,2.938736E-39
92,1.469368E-39
92,7.34684E-40
92,3.67342E-40
92,1.83671E-40
92,9.18355E-41
92,4.591775E-41
92,2.295887E-41
92,1.147944E-41
92,5.739719E-42
92,2.869859E-42
92,1.43493E-42
92,7.174648E-43
92,3.587324E-43
92,1.793662E-43
92,8.96831E-44
92,4.484155E-44
92,2.242078E-44
92,1.121039E-44
92,5.605194E-45
92,2.802597E-45
92,1.401298E-45
92,0
92,0
92,0
92,0
92,0
92,0
92,0
92,0
92,0
92,0
92,0
92,0
92,0
92,0
92,0
92,0
92,0
92,0
92,0
92,0
92,0
92,0
92,0
92,0
92,0
92,0
92,0
92,0
92,0
92,0
92,0
92,0
92,0
92,0
92,0
92,0
92,0
92,0
92,0
92,0
92,0
92,0
92,0
92,0
92,0
92,0
92,0
92,0
92,0
92,0
92,0
92,0
92,0
92,0
92,0
92,0
92,0
92,0
92,0
92,0
92,0
92,0
92,0
92,0
92,0
93,0.5
93,0.25
93,0.125
93,0.0625
93,0.03125
93,0.015625
93,0.0078125
93,0.00390625
93,0.001953125
93,0.0009765625
93,0.0004882813
93,0.0002441406
93,0.0001220703
93,6.103516E-05
93,3.051758E-05
93,1.525879E-05
93,7.629395E-06
93,3.814697E-06
93,1.907349E-06
93,9.536743E-07
93,4.768372E-07
93,2.384186E-07
93,1.192093E-07
93,5.960464E-08
93,2.980232E-08
93,1.490116E-08
93,7.450581E-09
93,3.72529E-09
93,1.862645E-09
93,9.313226E-10
93,4.656613E-10
93,2.328306E-10
93,1.164153E-10
93,5.820766E-11
93,2.910383E-11
93,1.455192E-11
93,7.275958E-12
93,3.637979E-12
93,1.818989E-12
93,9.094947E-13
93,4.547474E-13
93,2.273737E-13
93,1.136868E-13
93,5.684342E-14
93,2.842171E-14
93,1.421085E-14
93,7.105427E-15
93,3.552714E-15
93,1.776357E-15
93,8.881784E-16
93,4.440892E-16
93,2.220446E-16
93,1.110223E-16
93,5.551115E-17
93,2.775558E-17
93,1.387779E-17
93,6.938894E-18
93,3.469447E-18
93,1.734723E-18
93,8.673617E-19
93,4.336809E-19
93,2.168404E-19
93,1.084202E-19
93,5.421011E-20
93,2.710505E-20
93,1.355253E-20
93,6.776264E-21
93,3.388132E-21
93,1.694066E-21
93,8.470329E-22
93,4.235165E-22
93,2.117582E-22
93,1.058791E-22
93,5.293956E-23
93,2.646978E-23
93,1.323489E-23
93,6.617445E-24
93,3.308722E-24
93,1.654361E-24
93,8.271806E-25
93,4.135903E-25
93,2.067952E-25
93,1.033976E-25
93,5.169879E-26
93,2.584939E-26
93,1.29247E-26
93,6.462349E-27
93,3.231174E-27
93,1.615587E-27
93,8.077936E-28
93,4.038968E-28
93,2.019484E-28
93,1.009742E-28
93,5.04871E-29
93,2.524355E-29
93,1.262177E-29
93,6.310887E-30
93,3.155444E-30
93,1.577722E-30
93,7.888609E-31
93,3.944305E-31
93,1.972152E-31
93,9.860761E-32
93,4.930381E-32
93,2.46519E-32
93,1.232595E-32
93,6.162976E-33
93,3.081488E-33
93,1.540744E-33
93,7.70372E-34
93,3.85186E-34
93,1.92593E-34
93,9.62965E-35
93,4.814825E-35
93,2.407412E-35
93,1.203706E-35
93,6.018531E-36
93,3.009266E-36
93,1.504633E-36
93,7.523164E-37
93,3.761582E-37
93,1.880791E-37
93,9.403955E-38
93,4.701977E-38
93,2.350989E-38
93,1.175494E-38
93,5.877472E-39
93,2.938736E-39
93,1.469368E-39
93,7.34684E-40
93,3.67342E-40
93,1.83671E-40
93,9.18355E-41
93,4.591775E-41
93,2.295887E-41
93,1.147944E-41
93,5.739719E-42
93,2.869859E-42
93,1.43493E-42
93,7.174648E-43
93,3.587324E-43
93,1.793662E-43
93,8.96831E-44
93,4.484155E-44
93,2.242078E-44
93,1.121039E-44
93,5.605194E-45
93,2.802597E-45
93,1.401298E-45
93,0
93,0
93,0
93,0
93,0
93,0
93,0
93,0
93,0
93,0
93,0
93,0
93,0
93,0
93,0
93,0
93,0
93,0
93,0
93,0
93,0
93,0
93,0
93,0
93,0
93,0
93,0
93,0
93,0
93,0
93,0
93,0
93,0
93,0
93,0
93,0
93,0
93,0
93,0
93,0
93,0
93,0
93,0
93,0
93,0
93,0
93,0
93,0
93,0
93,0
93,0
93,0
93,0
93,0
93,0
93,0
93,0
93,0
93,0
93,0
93,0
93,0
93,0
93,0
93,0
93,0
93,0
93,0
93,0
93,0
93,0
93,0
93,0
93,0
93,0
93,0
93,0
93,0
93,0
93,0
93,0
93,0
93,0
93,0
93,0
93,0
93,0
93,0
93,0
93,0
93,0
93,0
93,0
93,0
93,0
93,0
93,0
93,0
93,0
93,0
93,0
93,0
93,0
93,0
93,0
93,0
93,0
93,0
93,0
93,0
93,0
93,0
93,0
93,0
93,0
93,0
93,0
93,0
93,0
96,1.5
96,0.75
96,0.375
96,0.1875
96,0.09375
96,0.046875
96,0.0234375
96,0.01171875
96,0.005859375
96,0.002929688
96,0.001464844
96,0.0007324219
96,0.0003662109
96,0.0001831055
96,9.155273E-05
96,4.577637E-05
96,2.288818E-05
96,1.144409E-05
96,5.722046E-06
96,2.861023E-06
96,1.430511E-06
96,7.152557E-07
96,3.576279E-07
96,1.788139E-07
96,8.940697E-08
96,4.470348E-08
96,2.235174E-08
96,1.117587E-08
96,5.587935E-09
96,2.793968E-09
96,1.396984E-09
96,6.984919E-10
96,3.49246E-10
96,1.74623E-10
96,8.731149E-11
96,4.365575E-11
96,2.182787E-11
96,1.091394E-11
96,5.456968E-12
96,2.728484E-12
96,1.364242E-12
96,6.82121E-13
96,3.410605E-13
96,1.705303E-13
96,8.526513E-14
96,4.263256E-14
96,2.131628E-14
96,1.065814E-14
96,5.329071E-15
96,2.664535E-15
96,1.332268E-15
96,6.661338E-16
96,3.330669E-16
96,1.665335E-16
96,8.326673E-17
96,4.163336E-17
96,2.081668E-17
96,1.040834E-17
96,5.20417E-18
96,2.602085E-18
96,1.301043E-18
96,6.505213E-19
96,3.252607E-19
96,1.626303E-19
96,8.131516E-20
96,4.065758E-20
96,2.032879E-20
96,1.01644E-20
96,5.082198E-21
96,2.541099E-21
96,1.270549E-21
96,6.352747E-22
96,3.176374E-22
96,1.588187E-22
96,7.940934E-23
96,3.970467E-23
96,1.985233E-23
96,9.926167E-24
96,4.963084E-24
96,2.481542E-24
96,1.240771E-24
96,6.203855E-25
96,3.101927E-25
96,1.550964E-25
96,7.754818E-26
96,3.877409E-26
96,1.938705E-26
96,9.693523E-27
96,4.846761E-27
96,2.423381E-27
96,1.21169E-27
96,6.058452E-28
96,3.029226E-28
96,1.514613E-28
96,7.573065E-29
96,3.786532E-29
96,1.893266E-29
96,9.466331E-30
96,4.733165E-30
96,2.366583E-30
96,1.183291E-30
96,5.916457E-31
96,2.958228E-31
96,1.479114E-31
96,7.395571E-32
96,3.697785E-32
96,1.848893E-32
96,9.244464E-33
96,4.622232E-33
96,2.311116E-33
96,1.155558E-33
96,5.77779E-34
96,2.888895E-34
96,1.444447E-34
96,7.222237E-35
96,3.611119E-35
96,1.805559E-35
96,9.027797E-36
96,4.513898E-36
96,2.256949E-36
96,1.128475E-36
96,5.642373E-37
96,2.821186E-37
96,1.410593E-37
96,7.052966E-38
96,3.526483E-38
96,1.763242E-38
96,8.816208E-39
96,4.408104E-39
96,2.204052E-39
96,1.102026E-39
96,5.51013E-40
96,2.755065E-40
96,1.377532E-40
96,6.887662E-41
96,3.443831E-41
96,1.721916E-41
96,8.609578E-42
96,4.304789E-42
96,2.152394E-42
96,1.076197E-42
96,5.380986E-43
96,2.690493E-43
96,1.345247E-43
96,6.726233E-44
96,3.363116E-44
96,1.681558E-44
96,8.407791E-45
96,4.203895E-45
96,2.802597E-45
96,1.401298E-45
96,0
96,0
96,0
96,0
96,0
96,0
96,0
96,0
96,0
96,0
96,0
96,0
96,0
96,0
96,0
96,0
96,0
96,0
96,0
96,0
96,0
96,0
96,0
96,0
96,0
96,0
96,0
96,0
96,0
96,0
96,0
96,0
96,0
96,0
96,0
96,0
96,0
96,0
96,0
96,0
96,0
96,0
96,0
96,0
96,0
96,0
96,0
96,0
96,0
96,0
96,0
96,0
96,0
96,0
96,0
96,0
96,0
96,0
96,0
96,0
96,0
96,0
96,0
96,0
96,0
96,0
96,0
96,0
96,0
96,0
96,0
96,0
96,0
96,0
96,0
96,0
96,0
96,0
97,0.5
97,0.25
97,0.125
97,0.0625
97,0.03125
97,0.015625
97,0.0078125
97,0.00390625
97,0.001953125
97,0.0009765625
97,0.0004882813
97,0.0002441406
97,0.0001220703
97,6.103516E-05
97,3.051758E-05
97,1.525879E-05
97,7.629395E-06
97,3.814697E-06
97,1.907349E-06
97,9.536743E-07
97,4.768372E-07
97,2.384186E-07
97,1.192093E-07
97,5.960464E-08
97,2.980232E-08
97,1.490116E-08
97,7.450581E-09
97,3.72529E-09
97,1.862645E-09
97,9.313226E-10
97,4.656613E-10
97,2.328306E-10
97,1.164153E-10
97,5.820766E-11
97,2.910383E-11
97,1.455192E-11
97,7.275958E-12
97,3.637979E-12
97,1.818989E-12
97,9.094947E-13
97,4.547474E-13
97,2.273737E-13
97,1.136868E-13
97,5.684342E-14
97,2.842171E-14
97,1.421085E-14
97,7.105427E-15
97,3.552714E-15
97,1.776357E-15
97,8.881784E-16
97,4.440892E-16
97,2.220446E-16
97,1.110223E-16
97,5.551115E-17
97,2.775558E-17
97,1.387779E-17
97,6.938894E-18
97,3.469447E-18
97,1.734723E-18
97,8.673617E-19
97,4.336809E-19
97,2.168404E-19
97,1.084202E-19
97,5.421011E-20
97,2.710505E-20
97,1.355253E-20
97,6.776264E-21
97,3.388132E-21
97,1.694066E-21
97,8.470329E-22
97,4.235165E-22
97,2.117582E-22
97,1.058791E-22
97,5.293956E-23
97,2.646978E-23
97,1.323489E-23
97,6.617445E-24
97,3.308722E-24
97,1.654361E-24
97,8.271806E-25
97,4.135903E-25
97,2.067952E-25
97,1.033976E-25
97,5.169879E-26
97,2.584939E-26
97,1.29247E-26
97,6.462349E-27
97,3.231174E-27
97,1.615587E-27
97,8.077936E-28
97,4.038968E-28
97,2.019484E-28
97,1.009742E-28
97,5.04871E-29
97,2.524355E-29
97,1.262177E-29
97,6.310887E-30
97,3.155444E-30
97,1.577722E-30
97,7.888609E-31
97,3.944305E-31
97,1.972152E-31
97,9.860761E-32
97,4.930381E-32
97,2.46519E-32
97,1.232595E-32
97,6.162976E-33
97,3.081488E-33
97,1.540744E-33
97,7.70372E-34
97,3.85186E-34
97,1.92593E-34
97,9.62965E-35
97,4.814825E-35
97,2.407412E-35
97,1.203706E-35
97,6.018531E-36
97,3.009266E-36
97,1.504633E-36
97,7.523164E-37
97,3.761582E-37
97,1.880791E-37
97,9.403955E-38
97,4.701977E-38
97,2.350989E-38
97,1.175494E-38
97,5.877472E-39
97,2.938736E-39
97,1.469368E-39
97,7.34684E-40
97,3.67342E-40
97,1.83671E-40
97,9.18355E-41
97,4.591775E-41
97,2.295887E-41
97,1.147944E-41
97,5.739719E-42
97,2.869859E-42
97,1.43493E-42
97,7.174648E-43
97,3.587324E-43
97,1.793662E-43
97,8.96831E-44
97,4.484155E-44
97,2.242078E-44
97,1.121039E-44
97,5.605194E-45
97,2.802597E-45
97,1.401298E-45
97,0
97,0
97,0
97,0
97,0
97,0
97,0
97,0
97,0
97,0
97,0
97,0
97,0
97,0
97,0
97,0
97,0
97,0
97,0
97,0
97,0
97,0
97,0
97,0
97,0
97,0
97,0
97,0
97,0
97,0
97,0
97,0
97,0
97,0
97,0
97,0
97,0
97,0
97,0
97,0
97,0
97,0
97,0
97,0
97,0
97,0
97,0
97,0
97,0
97,0
97,0
97,0
97,0
97,0
97,0
97,0
97,0
97,0
97,0
97,0
97,0
97,0
97,0
97,0
97,0
97,0
97,0
97,0
97,0
97,0
97,0
97,0
97,0
97,0
97,0
97,0
97,0
97,0
97,0
97,0
97,0
97,0
97,0
97,0
97,0
97,0
97,0
97,0
97,0
97,0
97,0
97,0
97,0
97,0
97,0
97,0
97,0
97,0
97,0
97,0
97,0
97,0
97,0
97,0
97,0
97,0
97,0
97,0
97,0
97,0
97,0
97,0
97,0
91,3
91,1.5
91,0.75
91,0.375
91,0.1875
91,0.09375
91,0.046875
91,0.0234375
91,0.01171875
91,0.005859375
91,0.002929688
91,0.001464844
91,0.0007324219
91,0.0003662109
91,0.0001831055
91,9.155273E-05
91,4.577637E-05
91,2.288818E-05
91,1.144409E-05
91,5.722046E-06
91,2.861023E-06
91,1.430511E-06
91,7.152557E-07
91,3.576279E-07
91,1.788139E-07
91,8.940697E-08
91,4.470348E-08
91,2.235174E-08
91,1.117587E-08
91,5.587935E-09
91,2.793968E-09
91,1.396984E-09
91,6.984919E-10
91,3.49246E-10
91,1.74623E-10
91,8.731149E-11
91,4.365575E-11
91,2.182787E-11
91,1.091394E-11
91,5.456968E-12
91,2.728484E-12
91,1.364242E-12
91,6.82121E-13
91,3.410605E-13
91,1.705303E-13
91,8.526513E-14
91,4.263256E-14
91,2.131628E-14
91,1.065814E-14
91,5.329071E-15
91,2.664535E-15
91,1.332268E-15
91,6.661338E-16
91,3.330669E-16
91,1.665335E-16
91,8.326673E-17
91,4.163336E-17
91,2.081668E-17
91,1.040834E-17
91,5.20417E-18
91,2.602085E-18
91,1.301043E-18
91,6.505213E-19
91,3.252607E-19
91,1.626303E-19
91,8.131516E-20
91,4.065758E-20
91,2.032879E-20
91,1.01644E-20
91,5.082198E-21
91,2.541099E-21
91,1.270549E-21
91,6.352747E-22
91,3.176374E-22
91,1.588187E-22
91,7.940934E-23
91,3.970467E-23
91,1.985233E-23
91,9.926167E-24
91,4.963084E-24
91,2.481542E-24
91,1.240771E-24
91,6.203855E-25
91,3.101927E-25
91,1.550964E-25
91,7.754818E-26
91,3.877409E-26
91,1.938705E-26
91,9.693523E-27
91,4.846761E-27
91,2.423381E-27
91,1.21169E-27
91,6.058452E-28
91,3.029226E-28
91,1.514613E-28
91,7.573065E-29
91,3.786532E-29
91,1.893266E-29
91,9.466331E-30
91,4.733165E-30
91,2.366583E-30
91,1.183291E-30
91,5.916457E-31
91,2.958228E-31
91,1.479114E-31
91,7.395571E-32
91,3.697785E-32
91,1.848893E-32
91,9.244464E-33
91,4.622232E-33
91,2.311116E-33
91,1.155558E-33
91,5.77779E-34
91,2.888895E-34
91,1.444447E-34
91,7.222237E-35
91,3.611119E-35
91,1.805559E-35
91,9.027797E-36
91,4.513898E-36
91,2.256949E-36
91,1.128475E-36
91,5.642373E-37
91,2.821186E-37
91,1.410593E-37
91,7.052966E-38
91,3.526483E-38
91,1.763242E-38
91,8.816208E-39
91,4.408104E-39
91,2.204052E-39
91,1.102026E-39
91,5.51013E-40
91,2.755065E-40
91,1.377532E-40
91,6.887662E-41
91,3.443831E-41
91,1.721916E-41
91,8.609578E-42
91,4.304789E-42
91,2.152394E-42
91,1.076197E-42
91,5.380986E-43
91,2.690493E-43
91,1.345247E-43
91,6.726233E-44
91,3.363116E-44
91,1.681558E-44
91,8.407791E-45
91,4.203895E-45
91,2.802597E-45
91,1.401298E-45
91,0
91,0
91,0
91,0
91,0
91,0
91,0
91,0
91,0
91,0
91,0
91,0
91,0
91,0
91,0
91,0
91,0
91,0
91,0
91,0
91,0
91,0
91,0
91,0
91,0
91,0
91,0
91,0
91,0
91,0
91,0
91,0
91,0
91,0
91,0
91,0
91,0
91,0
91,0
91,0
91,0
91,0
91,0
91,0
91,0
91,0
91,0
91,0
91,0
91,0
91,0
91,0
91,0
91,0
91,0
91,0
91,0
91,0
91,0
91,0
91,0
91,0
91,0
91,0
91,0
91,0
91,0
91,0
91,0
91,0
91,0
91,0
91,0
91,0
91,0
91,0
91,0
91,0
91,0
91,0
91,0
91,0
91,0
91,0
91,0
91,0
91,0
91,0
91,0
91,0
91,0
91,0
91,0
91,0
91,0
88,1.5
88,0.75
88,0.375
88,0.1875
88,0.09375
88,0.046875
88,0.0234375
88,0.01171875
88,0.005859375
88,0.002929688
88,0.001464844
88,0.0007324219
88,0.0003662109
88,0.0001831055
88,9.155273E-05
88,4.577637E-05
88,2.288818E-05
88,1.144409E-05
88,5.722046E-06
88,2.861023E-06
88,1.430511E-06
88,7.152557E-07
88,3.576279E-07
88,1.788139E-07
88,8.940697E-08
88,4.470348E-08
88,2.235174E-08
88,1.117587E-08
88,5.587935E-09
88,2.793968E-09
88,1.396984E-09
88,6.984919E-10
88,3.49246E-10
88,1.74623E-10
88,8.731149E-11
88,4.365575E-11
88,2.182787E-11
88,1.091394E-11
88,5.456968E-12
88,2.728484E-12
88,1.364242E-12
88,6.82121E-13
88,3.410605E-13
88,1.705303E-13
88,8.526513E-14
88,4.263256E-14
88,2.131628E-14
88,1.065814E-14
88,5.329071E-15
88,2.664535E-15
88,1.332268E-15
88,6.661338E-16
88,3.330669E-16
88,1.665335E-16
88,8.326673E-17
88,4.163336E-17
88,2.081668E-17
88,1.040834E-17
88,5.20417E-18
88,2.602085E-18
88,1.301043E-18
88,6.505213E-19
88,3.252607E-19
88,1.626303E-19
88,8.131516E-20
88,4.065758E-20
88,2.032879E-20
88,1.01644E-20
88,5.082198E-21
88,2.541099E-21
88,1.270549E-21
88,6.352747E-22
88,3.176374E-22
88,1.588187E-22
88,7.940934E-23
88,3.970467E-23
88,1.985233E-23
88,9.926167E-24
88,4.963084E-24
88,2.481542E-24
88,1.240771E-24
88,6.203855E-25
88,3.101927E-25
88,1.550964E-25
88,7.754818E-26
88,3.877409E-26
88,1.938705E-26
88,9.693523E-27
88,4.846761E-27
88,2.423381E-27
88,1.21169E-27
88,6.058452E-28
88,3.029226E-28
88,1.514613E-28
88,7.573065E-29
88,3.786532E-29
88,1.893266E-29
88,9.466331E-30
88,4.733165E-30
88,2.366583E-30
88,1.183291E-30
88,5.916457E-31
88,2.958228E-31
88,1.479114E-31
88,7.395571E-32
88,3.697785E-32
88,1.848893E-32
88,9.244464E-33
88,4.622232E-33
88,2.311116E-33
88,1.155558E-33
88,5.77779E-34
88,2.888895E-34
88,1.444447E-34
88,7.222237E-35
88,3.611119E-35
88,1.805559E-35
88,9.027797E-36
88,4.513898E-36
88,2.256949E-36
88,1.128475E-36
88,5.642373E-37
88,2.821186E-37
88,1.410593E-37
88,7.052966E-38
88,3.526483E-38
88,1.763242E-38
88,8.816208E-39
88,4.408104E-39
88,2.204052E-39
88,1.102026E-39
88,5.51013E-40
88,2.755065E-40
88,1.377532E-40
88,6.887662E-41
88,3.443831E-41
88,1.721916E-41
88,8.609578E-42
88,4.304789E-42
88,2.152394E-42
88,1.076197E-42
88,5.380986E-43
88,2.690493E-43
88,1.345247E-43
88,6.726233E-44
88,3.363116E-44
88,1.681558E-44
88,8.407791E-45
88,4.203895E-45
88,2.802597E-45
88,1.401298E-45
88,0
88,0
88,0
88,0
88,0
88,0
88,0
88,0
88,0
88,0
88,0
88,0
88,0
88,0
88,0
88,0
88,0
88,0
88,0
88,0
88,0
88,0
88,0
88,0
88,0
88,0
88,0
88,0
88,0
88,0
88,0
88,0
88,0
88,0
88,0
88,0
88,0
88,0
88,0
88,0
88,0
88,0
88,0
88,0
88,0
88,0
88,0
88,0
88,0
88,0
88,0
88,0
88,0
88,0
88,0
88,0
88,0
88,0
88,0
88,0
88,0
88,0
88,0
88,0
88,0
88,0
88,0
88,0
88,0
88,0
88,0
88,0
88,0
88,0
88,0
88,0
88,0
88,0
88,0
88,0
88,0
88,0
88,0
88,0
88,0
88,0
88,0
88,0
88,0
88,0
88,0
88,0
88,0
88,0
88,0
88,0
88,0
88,0
88,0
88,0
88,0
88,0
88,0
88,0
88,0
88,0
88,0
88,0
88,0
88,0
88,0
88,0
88,0
88,0
88,0
88,0
88,0
88,0
88,0
88,0
88,0
88,0
88,0
88,0
88,0
88,0
88,0
88,0
85,1.5
85,0.75
85,0.375
85,0.1875
85,0.09375
85,0.046875
85,0.0234375
85,0.01171875
85,0.005859375
85,0.002929688
85,0.001464844
85,0.0007324219
85,0.0003662109
85,0.0001831055
85,9.155273E-05
85,4.577637E-05
85,2.288818E-05
85,1.144409E-05
85,5.722046E-06
85,2.861023E-06
85,1.430511E-06
85,7.152557E-07
85,3.576279E-07
85,1.788139E-07
85,8.940697E-08
85,4.470348E-08
85,2.235174E-08
85,1.117587E-08
85,5.587935E-09
85,2.793968E-09
85,1.396984E-09
85,6.984919E-10
85,3.49246E-10
85,1.74623E-10
85,8.731149E-11
85,4.365575E-11
85,2.182787E-11
85,1.091394E-11
85,5.456968E-12
85,2.728484E-12
85,1.364242E-12
85,6.82121E-13
85,3.410605E-13
85,1.705303E-13
85,8.526513E-14
85,4.263256E-14
85,2.131628E-14
85,1.065814E-14
85,5.329071E-15
85,2.664535E-15
85,1.332268E-15
85,6.661338E-16
85,3.330669E-16
85,1.665335E-16
85,8.326673E-17
85,4.163336E-17
85,2.081668E-17
85,1.040834E-17
85,5.20417E-18
85,2.602085E-18
85,1.301043E-18
85,6.505213E-19
85,3.252607E-19
85,1.626303E-19
85,8.131516E-20
85,4.065758E-20
85,2.032879E-20
85,1.01644E-20
85,5.082198E-21
85,2.541099E-21
85,1.270549E-21
85,6.352747E-22
85,3.176374E-22
85,1.588187E-22
85,7.940934E-23
85,3.970467E-23
85,1.985233E-23
85,9.926167E-24
85,4.963084E-24
85,2.481542E-24
85,1.240771E-24
85,6.203855E-25
85,3.101927E-25
85,1.550964E-25
85,7.754818E-26
85,3.877409E-26
85,1.938705E-26
85,9.693523E-27
85,4.846761E-27
85,2.423381E-27
85,1.21169E-27
85,6.058452E-28
85,3.029226E-28
85,1.514613E-28
85,7.573065E-29
85,3.786532E-29
85,1.893266E-29
85,9.466331E-30
85,4.733165E-30
85,2.366583E-30
85,1.183291E-30
85,5.916457E-31
85,2.958228E-31
85,1.479114E-31
85,7.395571E-32
85,3.697785E-32
85,1.848893E-32
85,9.244464E-33
85,4.622232E-33
85,2.311116E-33
85,1.155558E-33
85,5.77779E-34
85,2.888895E-34
85,1.444447E-34
85,7.222237E-35
85,3.611119E-35
85,1.805559E-35
85,9.027797E-36
85,4.513898E-36
85,2.256949E-36
85,1.128475E-36
85,5.642373E-37
85,2.821186E-37
85,1.410593E-37
85,7.052966E-38
85,3.526483E-38
85,1.763242E-38
85,8.816208E-39
85,4.408104E-39
85,2.204052E-39
85,1.102026E-39
85,5.51013E-40
85,2.755065E-40
85,1.377532E-40
85,6.887662E-41
85,3.443831E-41
85,1.721916E-41
85,8.609578E-42
85,4.304789E-42
85,2.152394E-42
85,1.076197E-42
85,5.380986E-43
85,2.690493E-43
85,1.345247E-43
85,6.726233E-44
85,3.363116E-44
85,1.681558E-44
85,8.407791E-45
85,4.203895E-45
85,2.802597E-45
85,1.401298E-45
85,0
85,0
85,0
85,0
85,0
85,0
85,0
85,0
85,0
85,0
85,0
85,0
85,0
85,0
85,0
85,0
85,0
85,0
85,0
85,0
85,0
85,0
85,0
85,0
85,0
85,0
85,0
85,0
85,0
85,0
85,0
85,0
85,0
85,0
85,0
85,0
85,0
85,0
85,0
85,0
85,0
85,0
85,0
85,0
85,0
85,0
85,0
85,0
85,0
85,0
85,0
85,0
85,0
85,0
85,0
85,0
85,0
85,0
85,0
85,0
85,0
85,0
85,0
85,0
85,0
85,0
85,0
85,0
85,0
85,0
85,0
85,0
85,0
85,0
85,0
85,0
85,0
85,0
85,0
85,0
85,0
85,0
85,0
85,0
85,0
85,0
85,0
85,0
85,0
85,0
85,0
85,0
85,0
85,0
85,0
85,0
85,0
85,0
85,0
85,0
85,0
85,0
85,0
85,0
85,0
85,0
85,0
85,0
85,0
85,0
85,0
85,0
85,0
85,0
85,0
85,0
85,0
85,0
85,0
85,0
83,1
83,0.5
83,0.25
83,0.125
83,0.0625
83,0.03125
83,0.015625
83,0.0078125
83,0.00390625
83,0.001953125
83,0.0009765625
83,0.0004882813
83,0.0002441406
83,0.0001220703
83,6.103516E-05
83,3.051758E-05
83,1.525879E-05
83,7.629395E-06
83,3.814697E-06
83,1.907349E-06
83,9.536743E-07
83,4.768372E-07
83,2.384186E-07
83,1.192093E-07
83,5.960464E-08
83,2.980232E-08
83,1.490116E-08
83,7.450581E-09
83,3.72529E-09
83,1.862645E-09
83,9.313226E-10
83,4.656613E-10
83,2.328306E-10
83,1.164153E-10
83,5.820766E-11
83,2.910383E-11
83,1.455192E-11
83,7.275958E-12
83,3.637979E-12
83,1.818989E-12
83,9.094947E-13
83,4.547474E-13
83,2.273737E-13
83,1.136868E-13
83,5.684342E-14
83,2.842171E-14
83,1.421085E-14
83,7.105427E-15
83,3.552714E-15
83,1.776357E-15
83,8.881784E-16
83,4.440892E-16
83,2.220446E-16
83,1.110223E-16
83,5.551115E-17
83,2.775558E-17
83,1.387779E-17
83,6.938894E-18
83,3.469447E-18
83,1.734723E-18
83,8.673617E-19
83,4.336809E-19
83,2.168404E-19
83,1.084202E-19
83,5.421011E-20
83,2.710505E-20
83,1.355253E-20
83,6.776264E-21
83,3.388132E-21
83,1.694066E-21
83,8.470329E-22
83,4.235165E-22
83,2.117582E-22
83,1.058791E-22
83,5.293956E-23
83,2.646978E-23
83,1.323489E-23
83,6.617445E-24
83,3.308722E-24
83,1.654361E-24
83,8.271806E-25
83,4.135903E-25
83,2.067952E-25
83,1.033976E-25
83,5.169879E-26
83,2.584939E-26
83,1.29247E-26
83,6.462349E-27
83,3.231174E-27
83,1.615587E-27
83,8.077936E-28
83,4.038968E-28
83,2.019484E-28
83,1.009742E-28
83,5.04871E-29
83,2.524355E-29
83,1.262177E-29
83,6.310887E-30
83,3.155444E-30
83,1.577722E-30
83,7.888609E-31
83,3.944305E-31
83,1.972152E-31
83,9.860761E-32
83,4.930381E-32
83,2.46519E-32
83,1.232595E-32
83,6.162976E-33
83,3.081488E-33
83,1.540744E-33
83,7.70372E-34
83,3.85186E-34
83,1.92593E-34
83,9.62965E-35
83,4.814825E-35
83,2.407412E-35
83,1.203706E-35
83,6.018531E-36
83,3.009266E-36
83,1.504633E-36
83,7.523164E-37
83,3.761582E-37
83,1.880791E-37
83,9.403955E-38
83,4.701977E-38
83,2.350989E-38
83,1.175494E-38
83,5.877472E-39
83,2.938736E-39
83,1.469368E-39
83,7.34684E-40
83,3.67342E-40
83,1.83671E-40
83,9.18355E-41
83,4.591775E-41
83,2.295887E-41
83,1.147944E-41
83,5.739719E-42
83,2.869859E-42
83,1.43493E-42
83,7.174648E-43
83,3.587324E-43
83,1.793662E-43
83,8.96831E-44
83,4.484155E-44
83,2.242078E-44
83,1.121039E-44
83,5.605194E-45
83,2.802597E-45
83,1.401298E-45
83,0
83,0
83,0
83,0
83,0
83,0
83,0
83,0
83,0
83,0
83,0
83,0
83,0
83,0
83,0
83,0
83,0
83,0
83,0
83,0
83,0
83,0
83,0
83,0
83,0
83,0
83,0
83,0
83,0
83,0
83,0
83,0
83,0
83,0
83,0
83,0
83,0
83,0
83,0
83,0
83,0
83,0
83,0
83,0
83,0
83,0
83,0
83,0
83,0
83,0
83,0
83,0
83,0
83,0
83,0
83,0
83,0
83,0
83,0
83,0
83,0
83,0
83,0
83,0
83,0
83,0
83,0
83,0
83,0
83,0
83,0
83,0
83,0
83,0
83,0
83,0
83,0
83,0
83,0
83,0
83,0
83,0
83,0
83,0
83,0
83,0
83,0
83,0
83,0
83,0
83,0
83,0
83,0
83,0
83,0
83,0
83,0
83,0
83,0
83,0
83,0
83,0
83,0
83,0
83,0
76,3.5
76,1.75
76,0.875
76,0.4375
76,0.21875
76,0.109375
76,0.0546875
76,0.02734375
76,0.01367188
76,0.006835938
76,0.003417969
76,0.001708984
76,0.0008544922
76,0.0004272461
76,0.000213623
76,0.0001068115
76,5.340576E-05
76,2.670288E-05
76,1.335144E-05
76,6.67572E-06
76,3.33786E-06
76,1.66893E-06
76,8.34465E-07
76,4.172325E-07
76,2.086163E-07
76,1.043081E-07
76,5.215406E-08
76,2.607703E-08
76,1.303852E-08
76,6.519258E-09
76,3.259629E-09
76,1.629815E-09
76,8.149073E-10
76,4.074536E-10
76,2.037268E-10
76,1.018634E-10
76,5.09317E-11
76,2.546585E-11
76,1.273293E-11
76,6.366463E-12
76,3.183231E-12
76,1.591616E-12
76,7.958079E-13
76,3.979039E-13
76,1.98952E-13
76,9.947598E-14
76,4.973799E-14
76,2.4869E-14
76,1.24345E-14
76,6.217249E-15
76,3.108624E-15
76,1.554312E-15
76,7.771561E-16
76,3.885781E-16
76,1.94289E-16
76,9.714451E-17
76,4.857226E-17
76,2.428613E-17
76,1.214306E-17
76,6.071532E-18
76,3.035766E-18
76,1.517883E-18
76,7.589415E-19
76,3.794708E-19
76,1.897354E-19
76,9.486769E-20
76,4.743385E-20
76,2.371692E-20
76,1.185846E-20
76,5.929231E-21
76,2.964615E-21
76,1.482308E-21
76,7.411538E-22
76,3.705769E-22
76,1.852885E-22
76,9.264423E-23
76,4.632211E-23
76,2.316106E-23
76,1.158053E-23
76,5.790264E-24
76,2.895132E-24
76,1.447566E-24
76,7.23783E-25
76,3.618915E-25
76,1.809458E-25
76,9.047288E-26
76,4.523644E-26
76,2.261822E-26
76,1.130911E-26
76,5.654555E-27
76,2.827277E-27
76,1.413639E-27
76,7.068194E-28
76,3.534097E-28
76,1.767048E-28
76,8.835242E-29
76,4.417621E-29
76,2.208811E-29
76,1.104405E-29
76,5.522026E-30
76,2.761013E-30
76,1.380507E-30
76,6.902533E-31
76,3.451266E-31
76,1.725633E-31
76,8.628166E-32
76,4.314083E-32
76,2.157042E-32
76,1.078521E-32
76,5.392604E-33
76,2.696302E-33
76,1.348151E-33
76,6.740755E-34
76,3.370377E-34
76,1.685189E-34
76,8.425944E-35
76,4.212972E-35
76,2.106486E-35
76,1.053243E-35
76,5.266215E-36
76,2.633107E-36
76,1.316554E-36
76,6.582768E-37
76,3.291384E-37
76,1.645692E-37
76,8.22846E-38
76,4.11423E-38
76,2.057115E-38
76,1.028558E-38
76,5.142788E-39
76,2.571394E-39
76,1.285697E-39
76,6.428485E-40
76,3.214242E-40
76,1.607121E-40
76,8.035606E-41
76,4.017803E-41
76,2.008901E-41
76,1.004451E-41
76,5.022254E-42
76,2.511127E-42
76,1.255563E-42
76,6.277817E-43
76,3.138909E-43
76,1.569454E-43
76,7.847271E-44
76,3.923636E-44
76,1.961818E-44
76,9.809089E-45
76,5.605194E-45
76,2.802597E-45
76,1.401298E-45
76,0
76,0
76,0
76,0
76,0
76,0
76,0
76,0
76,0
76,0
76,0
76,0
76,0
76,0
76,0
76,0
76,0
76,0
76,0
76,0
76,0
76,0
76,0
76,0
76,0
76,0
76,0
76,0
76,0
76,0
76,0
76,0
76,0
76,0
76,0
76,0
76,0
76,0
76,0
76,0
76,0
76,0
76,0
76,0
76,0
76,0
76,0
76,0
76,0
76,0
76,0
76,0
76,0
76,0
76,0
76,0
76,0
76,0
76,0
76,0
76,0
76,0
76,0
76,0
76,0
76,0
76,0
76,0
76,0
76,0
76,0
76,0
76,0
76,0
76,0
76,0
76,0
76,0
76,0
76,0
76,0
76,0
76,0
76,0
76,0
76,0
76,0
76,0
76,0
76,0
76,0
76,0
76,0
76,0
76,0
76,0
76,0
76,0
76,0
76,0
76,0
76,0
76,0
76,0
76,0
76,0
76,0
76,0
76,0
76,0
76,0
76,0
76,0
76,0
76,0
76,0
76,0
76,0
76,0
76,0
76,0
76,0
76,0
76,0
76,0
76,0
76,0
76,0
76,0
76,0
76,0
76,0
77,0.5
77,0.25
77,0.125
77,0.0625
77,0.03125
77,0.015625
77,0.0078125
77,0.00390625
77,0.001953125
77,0.0009765625
77,0.0004882813
77,0.0002441406
77,0.0001220703
77,6.103516E-05
77,3.051758E-05
77,1.525879E-05
77,7.629395E-06
77,3.814697E-06
77,1.907349E-06
77,9.536743E-07
77,4.768372E-07
77,2.384186E-07
77,1.192093E-07
77,5.960464E-08
77,2.980232E-08
77,1.490116E-08
77,7.450581E-09
77,3.72529E-09
77,1.862645E-09
77,9.313226E-10
77,4.656613E-10
77,2.328306E-10
77,1.164153E-10
77,5.820766E-11
77,2.910383E-11
77,1.455192E-11
77,7.275958E-12
77,3.637979E-12
77,1.818989E-12
77,9.094947E-13
77,4.547474E-13
77,2.273737E-13
77,1.136868E-13
77,5.684342E-14
77,2.842171E-14
77,1.421085E-14
77,7.105427E-15
77,3.552714E-15
77,1.776357E-15
77,8.881784E-16
77,4.440892E-16
77,2.220446E-16
77,1.110223E-16
77,5.551115E-17
77,2.775558E-17
77,1.387779E-17
77,6.938894E-18
77,3.469447E-18
77,1.734723E-18
77,8.673617E-19
77,4.336809E-19
77,2.168404E-19
77,1.084202E-19
77,5.421011E-20
77,2.710505E-20
77,1.355253E-20
77,6.776264E-21
77,3.388132E-21
77,1.694066E-21
77,8.470329E-22
77,4.235165E-22
77,2.117582E-22
77,1.058791E-22
77,5.293956E-23
77,2.646978E-23
77,1.323489E-23
77,6.617445E-24
77,3.308722E-24
77,1.654361E-24
77,8.271806E-25
77,4.135903E-25
77,2.067952E-25
77,1.033976E-25
77,5.169879E-26
77,2.584939E-26
77,1.29247E-26
77,6.462349E-27
77,3.231174E-27
77,1.615587E-27
77,8.077936E-28
77,4.038968E-28
77,2.019484E-28
77,1.009742E-28
77,5.04871E-29
77,2.524355E-29
77,1.262177E-29
77,6.310887E-30
77,3.155444E-30
77,1.577722E-30
77,7.888609E-31
77,3.944305E-31
77,1.972152E-31
77,9.860761E-32
77,4.930381E-32
77,2.46519E-32
77,1.232595E-32
77,6.162976E-33
77,3.081488E-33
77,1.540744E-33
77,7.70372E-34
77,3.85186E-34
77,1.92593E-34
77,9.62965E-35
77,4.814825E-35
77,2.407412E-35
77,1.203706E-35
77,6.018531E-36
77,3.009266E-36
77,1.504633E-36
77,7.523164E-37
77,3.761582E-37
77,1.880791E-37
77,9.403955E-38
77,4.701977E-38
77,2.350989E-38
77,1.175494E-38
77,5.877472E-39
77,2.938736E-39
77,1.469368E-39
77,7.34684E-40
77,3.67342E-40
77,1.83671E-40
77,9.18355E-41
77,4.591775E-41
77,2.295887E-41
77,1.147944E-41
77,5.739719E-42
77,2.869859E-42
77,1.43493E-42
77,7.174648E-43
77,3.587324E-43
77,1.793662E-43
77,8.96831E-44
77,4.484155E-44
77,2.242078E-44
77,1.121039E-44
77,5.605194E-45
77,2.802597E-45
77,1.401298E-45
77,0
77,0
77,0
77,0
77,0
77,0
77,0
77,0
77,0
77,0
77,0
77,0
77,0
77,0
77,0
77,0
77,0
77,0
77,0
77,0
77,0
77,0
77,0
77,0
77,0
77,0
77,0
77,0
77,0
77,0
77,0
77,0
77,0
77,0
77,0
77,0
77,0
77,0
77,0
77,0
77,0
77,0
77,0
77,0
77,0
77,0
77,0
77,0
77,0
77,0
77,0
77,0
77,0
77,0
77,0
77,0
77,0
77,0
77,0
77,0
77,0
77,0
77,0
77,0
77,0
77,0
77,0
77,0
77,0
77,0
77,0
77,0
77,0
77,0
77,0
77,0
77,0
77,0
77,0
77,0
77,0
77,0
77,0
77,0
77,0
77,0
77,0
77,0
77,0
77,0
77,0
77,0
77,0
77,0
77,0
77,0
77,0
77,0
77,0
77,0
77,0
77,0
77,0
77,0
77,0
77,0
77,0
77,0
77,0
77,0
77,0
77,0
77,0
77,0
77,0
77,0
77,0
77,0
77,0
77,0
77,0
77,0
77,0
77,0
77,0
77,0
77,0
77,0
77,0
77,0
84,3.5
84,1.75
84,0.875
84,0.4375
84,0.21875
84,0.109375
84,0.0546875
84,0.02734375
84,0.01367188
84,0.006835938
84,0.003417969
84,0.001708984
84,0.0008544922
84,0.0004272461
84,0.000213623
84,0.0001068115
84,5.340576E-05
84,2.670288E-05
84,1.335144E-05
84,6.67572E-06
84,3.33786E-06
84,1.66893E-06
84,8.34465E-07
84,4.172325E-07
84,2.086163E-07
84,1.043081E-07
84,5.215406E-08
84,2.607703E-08
84,1.303852E-08
84,6.519258E-09
84,3.259629E-09
84,1.629815E-09
84,8.149073E-10
84,4.074536E-10
84,2.037268E-10
84,1.018634E-10
84,5.09317E-11
84,2.546585E-11
84,1.273293E-11
84,6.366463E-12
84,3.183231E-12
84,1.591616E-12
84,7.958079E-13
84,3.979039E-13
84,1.98952E-13
84,9.947598E-14
84,4.973799E-14
84,2.4869E-14
84,1.24345E-14
84,6.217249E-15
84,3.108624E-15
84,1.554312E-15
84,7.771561E-16
84,3.885781E-16
84,1.94289E-16
84,9.714451E-17
84,4.857226E-17
84,2.428613E-17
84,1.214306E-17
84,6.071532E-18
84,3.035766E-18
84,1.517883E-18
84,7.589415E-19
84,3.794708E-19
84,1.897354E-19
84,9.486769E-20
84,4.743385E-20
84,2.371692E-20
84,1.185846E-20
84,5.929231E-21
84,2.964615E-21
84,1.482308E-21
84,7.411538E-22
84,3.705769E-22
84,1.852885E-22
84,9.264423E-23
84,4.632211E-23
84,2.316106E-23
84,1.158053E-23
84,5.790264E-24
84,2.895132E-24
84,1.447566E-24
84,7.23783E-25
84,3.618915E-25
84,1.809458E-25
84,9.047288E-26
84,4.523644E-26
84,2.261822E-26
84,1.130911E-26
84,5.654555E-27
84,2.827277E-27
84,1.413639E-27
84,7.068194E-28
84,3.534097E-28
84,1.767048E-28
84,8.835242E-29
84,4.417621E-29
84,2.208811E-29
84,1.104405E-29
84,5.522026E-30
84,2.761013E-30
84,1.380507E-30
84,6.902533E-31
84,3.451266E-31
84,1.725633E-31
84,8.628166E-32
84,4.314083E-32
84,2.157042E-32
84,1.078521E-32
84,5.392604E-33
84,2.696302E-33
84,1.348151E-33
84,6.740755E-34
84,3.370377E-34
84,1.685189E-34
84,8.425944E-35
84,4.212972E-35
84,2.106486E-35
84,1.053243E-35
84,5.266215E-36
84,2.633107E-36
84,1.316554E-36
84,6.582768E-37
84,3.291384E-37
84,1.645692E-37
84,8.22846E-38
84,4.11423E-38
84,2.057115E-38
84,1.028558E-38
84,5.142788E-39
84,2.571394E-39
84,1.285697E-39
84,6.428485E-40
84,3.214242E-40
84,1.607121E-40
84,8.035606E-41
84,4.017803E-41
84,2.008901E-41
84,1.004451E-41
84,5.022254E-42
84,2.511127E-42
84,1.255563E-42
84,6.277817E-43
84,3.138909E-43
84,1.569454E-43
84,7.847271E-44
84,3.923636E-44
84,1.961818E-44
84,9.809089E-45
84,5.605194E-45
84,2.802597E-45
84,1.401298E-45
84,0
84,0
84,0
84,0
84,0
84,0
84,0
84,0
84,0
84,0
84,0
84,0
84,0
84,0
84,0
84,0
84,0
84,0
84,0
84,0
84,0
84,0
84,0
84,0
84,0
84,0
84,0
84,0
84,0
84,0
84,0
84,0
84,0
84,0
84,0
84,0
84,0
84,0
84,0
84,0
84,0
84,0
84,0
84,0
84,0
84,0
84,0
84,0
84,0
84,0
84,0
84,0
84,0
84,0
84,0
84,0
84,0
84,0
84,0
84,0
84,0
84,0
84,0
84,0
84,0
84,0
84,0
84,0
84,0
84,0
84,0
84,0
84,0
84,0
84,0
84,0
84,0
84,0
84,0
84,0
84,0
84,0
84,0
84,0
84,0
84,0
84,0
84,0
84,0
84,0
84,0
84,0
84,0
84,0
84,0
84,0
84,0
84,0
84,0
84,0
84,0
84,0
84,0
84,0
84,0
84,0
84,0
84,0
84,0
84,0
84,0
84,0
84,0
84,0
84,0
84,0
84,0
84,0
84,0
84,0
84,0
84,0
84,0
84,0
84,0
84,0
84,0
84,0
84,0
84,0
84,0
84,0
84,0
84,0
84,0
84,0
84,0
84,0
84,0
84,0
82,1
82,0.5
82,0.25
82,0.125
82,0.0625
82,0.03125
82,0.015625
82,0.0078125
82,0.00390625
82,0.001953125
82,0.0009765625
82,0.0004882813
82,0.0002441406
82,0.0001220703
82,6.103516E-05
82,3.051758E-05
82,1.525879E-05
82,7.629395E-06
82,3.814697E-06
82,1.907349E-06
82,9.536743E-07
82,4.768372E-07
82,2.384186E-07
82,1.192093E-07
82,5.960464E-08
82,2.980232E-08
82,1.490116E-08
82,7.450581E-09
82,3.72529E-09
82,1.862645E-09
82,9.313226E-10
82,4.656613E-10
82,2.328306E-10
82,1.164153E-10
82,5.820766E-11
82,2.910383E-11
82,1.455192E-11
82,7.275958E-12
82,3.637979E-12
82,1.818989E-12
82,9.094947E-13
82,4.547474E-13
82,2.273737E-13
82,1.136868E-13
82,5.684342E-14
82,2.842171E-14
82,1.421085E-14
82,7.105427E-15
82,3.552714E-15
82,1.776357E-15
82,8.881784E-16
82,4.440892E-16
82,2.220446E-16
82,1.110223E-16
82,5.551115E-17
82,2.775558E-17
82,1.387779E-17
82,6.938894E-18
82,3.469447E-18
82,1.734723E-18
82,8.673617E-19
82,4.336809E-19
82,2.168404E-19
82,1.084202E-19
82,5.421011E-20
82,2.710505E-20
82,1.355253E-20
82,6.776264E-21
82,3.388132E-21
82,1.694066E-21
82,8.470329E-22
82,4.235165E-22
82,2.117582E-22
82,1.058791E-22
82,5.293956E-23
82,2.646978E-23
82,1.323489E-23
82,6.617445E-24
82,3.308722E-24
82,1.654361E-24
82,8.271806E-25
82,4.135903E-25
82,2.067952E-25
82,1.033976E-25
82,5.169879E-26
82,2.584939E-26
82,1.29247E-26
82,6.462349E-27
82,3.231174E-27
82,1.615587E-27
82,8.077936E-28
82,4.038968E-28
82,2.019484E-28
82,1.009742E-28
82,5.04871E-29
82,2.524355E-29
82,1.262177E-29
82,6.310887E-30
82,3.155444E-30
82,1.577722E-30
82,7.888609E-31
82,3.944305E-31
82,1.972152E-31
82,9.860761E-32
82,4.930381E-32
82,2.46519E-32
82,1.232595E-32
82,6.162976E-33
82,3.081488E-33
82,1.540744E-33
82,7.70372E-34
82,3.85186E-34
82,1.92593E-34
82,9.62965E-35
82,4.814825E-35
82,2.407412E-35
82,1.203706E-35
82,6.018531E-36
82,3.009266E-36
82,1.504633E-36
82,7.523164E-37
82,3.761582E-37
82,1.880791E-37
82,9.403955E-38
82,4.701977E-38
82,2.350989E-38
82,1.175494E-38
82,5.877472E-39
82,2.938736E-39
82,1.469368E-39
82,7.34684E-40
82,3.67342E-40
82,1.83671E-40
82,9.18355E-41
82,4.591775E-41
82,2.295887E-41
82,1.147944E-41
82,5.739719E-42
82,2.869859E-42
82,1.43493E-42
82,7.174648E-43
82,3.587324E-43
82,1.793662E-43
82,8.96831E-44
82,4.484155E-44
82,2.242078E-44
82,1.121039E-44
82,5.605194E-45
82,2.802597E-45
82,1.401298E-45
82,0
82,0
82,0
82,0
82,0
82,0
82,0
82,0
82,0
82,0
82,0
82,0
82,0
82,0
82,0
82,0
82,0
82,0
82,0
82,0
82,0
82,0
82,0
82,0
82,0
82,0
82,0
82,0
82,0
82,0
82,0
82,0
82,0
82,0
82,0
82,0
82,0
82,0
82,0
82,0
82,0
82,0
82,0
82,0
82,0
82,0
82,0
82,0
82,0
82,0
82,0
82,0
82,0
82,0
82,0
82,0
82,0
82,0
82,0
82,0
82,0
82,0
82,0
82,0
82,0
82,0
82,0
82,0
82,0
82,0
82,0
82,0
82,0
82,0
82,0
82,0
82,0
82,0
82,0
82,0
82,0
82,0
82,0
82,0
82,0
82,0
82,0
82,0
82,0
82,0
82,0
82,0
82,0
82,0
82,0
82,0
82,0
82,0
82,0
82,0
82,0
82,0
82,0
82,0
82,0
82,0
82,0
82,0
82,0
82,0
82,0
82,0
82,0
82,0
82,0
82,0
82,0
82,0
82,0
82,0
82,0
82,0
82,0
82,0
82,0
82,0
82,0
82,0
82,0
82,0
82,0
82,0
82,0
82,0
82,0
82,0
82,0
82,0
82,0
82,0
82,0
82,0
82,0
82,0
82,0
82,0
82,0
82,0
82,0
82,0
82,0
82,0
82,0
82,0
82,0
82,0
82,0
82,0
82,0
82,0
82,0
82,0
82,0
82,0
82,0
82,0
82,0
82,0
82,0
80,1
80,0.5
80,0.25
80,0.125
80,0.0625
80,0.03125
80,0.015625
80,0.0078125
80,0.00390625
80,0.001953125
80,0.0009765625
80,0.0004882813
80,0.0002441406
80,0.0001220703
80,6.103516E-05
80,3.051758E-05
80,1.525879E-05
80,7.629395E-06
80,3.814697E-06
80,1.907349E-06
80,9.536743E-07
80,4.768372E-07
80,2.384186E-07
80,1.192093E-07
80,5.960464E-08
80,2.980232E-08
80,1.490116E-08
80,7.450581E-09
80,3.72529E-09
80,1.862645E-09
80,9.313226E-10
80,4.656613E-10
80,2.328306E-10
80,1.164153E-10
80,5.820766E-11
80,2.910383E-11
80,1.455192E-11
80,7.275958E-12
80,3.637979E-12
80,1.818989E-12
80,9.094947E-13
80,4.547474E-13
80,2.273737E-13
80,1.136868E-13
80,5.684342E-14
80,2.842171E-14
80,1.421085E-14
80,7.105427E-15
80,3.552714E-15
80,1.776357E-15
80,8.881784E-16
80,4.440892E-16
80,2.220446E-16
80,1.110223E-16
80,5.551115E-17
80,2.775558E-17
80,1.387779E-17
80,6.938894E-18
80,3.469447E-18
80,1.734723E-18
80,8.673617E-19
80,4.336809E-19
80,2.168404E-19
80,1.084202E-19
80,5.421011E-20
80,2.710505E-20
80,1.355253E-20
80,6.776264E-21
80,3.388132E-21
80,1.694066E-21
80,8.470329E-22
80,4.235165E-22
80,2.117582E-22
80,1.058791E-22
80,5.293956E-23
80,2.646978E-23
80,1.323489E-23
80,6.617445E-24
80,3.308722E-24
80,1.654361E-24
80,8.271806E-25
80,4.135903E-25
80,2.067952E-25
80,1.033976E-25
80,5.169879E-26
80,2.584939E-26
80,1.29247E-26
80,6.462349E-27
80,3.231174E-27
80,1.615587E-27
80,8.077936E-28
80,4.038968E-28
80,2.019484E-28
80,1.009742E-28
80,5.04871E-29
80,2.524355E-29
80,1.262177E-29
80,6.310887E-30
80,3.155444E-30
80,1.577722E-30
80,7.888609E-31
80,3.944305E-31
80,1.972152E-31
80,9.860761E-32
80,4.930381E-32
80,2.46519E-32
80,1.232595E-32
80,6.162976E-33
80,3.081488E-33
80,1.540744E-33
80,7.70372E-34
80,3.85186E-34
80,1.92593E-34
80,9.62965E-35
80,4.814825E-35
80,2.407412E-35
80,1.203706E-35
80,6.018531E-36
80,3.009266E-36
80,1.504633E-36
80,7.523164E-37
80,3.761582E-37
80,1.880791E-37
80,9.403955E-38
80,4.701977E-38
80,2.350989E-38
80,1.175494E-38
80,5.877472E-39
80,2.938736E-39
80,1.469368E-39
80,7.34684E-40
80,3.67342E-40
80,1.83671E-40
80,9.18355E-41
80,4.591775E-41
80,2.295887E-41
80,1.147944E-41
80,5.739719E-42
80,2.869859E-42
80,1.43493E-42
80,7.174648E-43
80,3.587324E-43
80,1.793662E-43
80,8.96831E-44
80,4.484155E-44
80,2.242078E-44
80,1.121039E-44
80,5.605194E-45
80,2.802597E-45
80,1.401298E-45
80,0
80,0
80,0
80,0
80,0
80,0
80,0
80,0
80,0
80,0
80,0
80,0
80,0
80,0
80,0
80,0
80,0
80,0
80,0
80,0
80,0
80,0
80,0
80,0
80,0
80,0
80,0
80,0
80,0
80,0
80,0
80,0
80,0
80,0
80,0
80,0
80,0
80,0
80,0
80,0
80,0
80,0
80,0
80,0
80,0
80,0
80,0
80,0
80,0
80,0
80,0
80,0
80,0
80,0
80,0
80,0
80,0
80,0
80,0
80,0
80,0
80,0
80,0
80,0
80,0
80,0
80,0
80,0
80,0
80,0
80,0
80,0
80,0
80,0
80,0
80,0
80,0
80,0
80,0
80,0
80,0
80,0
80,0
80,0
80,0
80,0
80,0
80,0
80,0
80,0
78,1
78,0.5
78,0.25
78,0.125
78,0.0625
78,0.03125
78,0.015625
78,0.0078125
78,0.00390625
78,0.001953125
78,0.0009765625
78,0.0004882813
78,0.0002441406
78,0.0001220703
78,6.103516E-05
78,3.051758E-05
78,1.525879E-05
78,7.629395E-06
78,3.814697E-06
78,1.907349E-06
78,9.536743E-07
78,4.768372E-07
78,2.384186E-07
78,1.192093E-07
78,5.960464E-08
78,2.980232E-08
78,1.490116E-08
78,7.450581E-09
78,3.72529E-09
78,1.862645E-09
78,9.313226E-10
78,4.656613E-10
78,2.328306E-10
78,1.164153E-10
78,5.820766E-11
78,2.910383E-11
78,1.455192E-11
78,7.275958E-12
78,3.637979E-12
78,1.818989E-12
78,9.094947E-13
78,4.547474E-13
78,2.273737E-13
78,1.136868E-13
78,5.684342E-14
78,2.842171E-14
78,1.421085E-14
78,7.105427E-15
78,3.552714E-15
78,1.776357E-15
78,8.881784E-16
78,4.440892E-16
78,2.220446E-16
78,1.110223E-16
78,5.551115E-17
78,2.775558E-17
78,1.387779E-17
78,6.938894E-18
78,3.469447E-18
78,1.734723E-18
78,8.673617E-19
78,4.336809E-19
78,2.168404E-19
78,1.084202E-19
78,5.421011E-20
78,2.710505E-20
78,1.355253E-20
78,6.776264E-21
78,3.388132E-21
78,1.694066E-21
78,8.470329E-22
78,4.235165E-22
78,2.117582E-22
78,1.058791E-22
78,5.293956E-23
78,2.646978E-23
78,1.323489E-23
78,6.617445E-24
78,3.308722E-24
78,1.654361E-24
78,8.271806E-25
78,4.135903E-25
78,2.067952E-25
78,1.033976E-25
78,5.169879E-26
78,2.584939E-26
78,1.29247E-26
78,6.462349E-27
78,3.231174E-27
78,1.615587E-27
78,8.077936E-28
78,4.038968E-28
78,2.019484E-28
78,1.009742E-28
78,5.04871E-29
78,2.524355E-29
78,1.262177E-29
78,6.310887E-30
78,3.155444E-30
78,1.577722E-30
78,7.888609E-31
78,3.944305E-31
78,1.972152E-31
78,9.860761E-32
78,4.930381E-32
78,2.46519E-32
78,1.232595E-32
78,6.162976E-33
78,3.081488E-33
78,1.540744E-33
78,7.70372E-34
78,3.85186E-34
78,1.92593E-34
78,9.62965E-35
78,4.814825E-35
78,2.407412E-35
78,1.203706E-35
78,6.018531E-36
78,3.009266E-36
78,1.504633E-36
78,7.523164E-37
78,3.761582E-37
78,1.880791E-37
78,9.403955E-38
78,4.701977E-38
78,2.350989E-38
78,1.175494E-38
78,5.877472E-39
78,2.938736E-39
78,1.469368E-39
78,7.34684E-40
78,3.67342E-40
78,1.83671E-40
78,9.18355E-41
78,4.591775E-41
78,2.295887E-41
78,1.147944E-41
78,5.739719E-42
78,2.869859E-42
78,1.43493E-42
78,7.174648E-43
78,3.587324E-43
78,1.793662E-43
78,8.96831E-44
78,4.484155E-44
78,2.242078E-44
78,1.121039E-44
78,5.605194E-45
78,2.802597E-45
78,1.401298E-45
78,0
78,0
78,0
78,0
78,0
78,0
78,0
78,0
78,0
78,0
78,0
78,0
78,0
78,0
78,0
78,0
78,0
78,0
78,0
78,0
78,0
78,0
78,0
78,0
78,0
78,0
78,0
78,0
78,0
78,0
78,0
78,0
78,0
78,0
78,0
78,0
78,0
78,0
78,0
78,0
78,0
78,0
78,0
78,0
78,0
78,0
78,0
78,0
78,0
78,0
78,0
78,0
78,0
78,0
78,0
78,0
78,0
78,0
78,0
78,0
78,0
78,0
78,0
78,0
78,0
78,0
78,0
78,0
78,0
78,0
78,0
78,0
78,0
78,0
78,0
78,0
78,0
78,0
78,0
78,0
78,0
78,0
78,0
78,0
78,0
78,0
78,0
78,0
78,0
78,0
78,0
78,0
78,0
78,0
78,0
78,0
78,0
78,0
78,0
78,0
78,0
78,0
78,0
78,0
78,0
78,0
78,0
78,0
78,0
78,0
78,0
78,0
78,0
78,0
78,0
78,0
78,0
78,0
78,0
78,0
78,0
78,0
78,0
78,0
78,0
78,0
78,0
78,0
78,0
78,0
78,0
78,0
78,0
78,0
78,0
78,0
78,0
78,0
78,0
78,0
78,0
78,0
78,0
78,0
78,0
78,0
78,0
78,0
78,0
78,0
78,0
78,0
78,0
78,0
78,0
78,0
78,0
78,0
78,0
78,0
78,0
78,0
78,0
84,3
84,1.5
84,0.75
84,0.375
84,0.1875
84,0.09375
84,0.046875
84,0.0234375
84,0.01171875
84,0.005859375
84,0.002929688
84,0.001464844
84,0.0007324219
84,0.0003662109
84,0.0001831055
84,9.155273E-05
84,4.577637E-05
84,2.288818E-05
84,1.144409E-05
84,5.722046E-06
84,2.861023E-06
84,1.430511E-06
84,7.152557E-07
84,3.576279E-07
84,1.788139E-07
84,8.940697E-08
84,4.470348E-08
84,2.235174E-08
84,1.117587E-08
84,5.587935E-09
84,2.793968E-09
84,1.396984E-09
84,6.984919E-10
84,3.49246E-10
84,1.74623E-10
84,8.731149E-11
84,4.365575E-11
84,2.182787E-11
84,1.091394E-11
84,5.456968E-12
84,2.728484E-12
84,1.364242E-12
84,6.82121E-13
84,3.410605E-13
84,1.705303E-13
84,8.526513E-14
84,4.263256E-14
84,2.131628E-14
84,1.065814E-14
84,5.329071E-15
84,2.664535E-15
84,1.332268E-15
84,6.661338E-16
84,3.330669E-16
84,1.665335E-16
84,8.326673E-17
84,4.163336E-17
84,2.081668E-17
84,1.040834E-17
84,5.20417E-18
84,2.602085E-18
84,1.301043E-18
84,6.505213E-19
84,3.252607E-19
84,1.626303E-19
84,8.131516E-20
84,4.065758E-20
84,2.032879E-20
84,1.01644E-20
84,5.082198E-21
84,2.541099E-21
84,1.270549E-21
84,6.352747E-22
84,3.176374E-22
84,1.588187E-22
84,7.940934E-23
84,3.970467E-23
84,1.985233E-23
84,9.926167E-24
84,4.963084E-24
84,2.481542E-24
84,1.240771E-24
84,6.203855E-25
84,3.101927E-25
84,1.550964E-25
84,7.754818E-26
84,3.877409E-26
84,1.938705E-26
84,9.693523E-27
84,4.846761E-27
84,2.423381E-27
84,1.21169E-27
84,6.058452E-28
84,3.029226E-28
84,1.514613E-28
84,7.573065E-29
84,3.786532E-29
84,1.893266E-29
84,9.466331E-30
84,4.733165E-30
84,2.366583E-30
84,1.183291E-30
84,5.916457E-31
84,2.958228E-31
84,1.479114E-31
84,7.395571E-32
84,3.697785E-32
84,1.848893E-32
84,9.244464E-33
84,4.622232E-33
84,2.311116E-33
84,1.155558E-33
84,5.77779E-34
84,2.888895E-34
84,1.444447E-34
84,7.222237E-35
84,3.611119E-35
84,1.805559E-35
84,9.027797E-36
84,4.513898E-36
84,2.256949E-36
84,1.128475E-36
84,5.642373E-37
84,2.821186E-37
84,1.410593E-37
84,7.052966E-38
84,3.526483E-38
84,1.763242E-38
84,8.816208E-39
84,4.408104E-39
84,2.204052E-39
84,1.102026E-39
84,5.51013E-40
84,2.755065E-40
84,1.377532E-40
84,6.887662E-41
84,3.443831E-41
84,1.721916E-41
84,8.609578E-42
84,4.304789E-42
84,2.152394E-42
84,1.076197E-42
84,5.380986E-43
84,2.690493E-43
84,1.345247E-43
84,6.726233E-44
84,3.363116E-44
84,1.681558E-44
84,8.407791E-45
84,4.203895E-45
84,2.802597E-45
84,1.401298E-45
84,0
84,0
84,0
84,0
84,0
84,0
84,0
84,0
84,0
84,0
84,0
84,0
84,0
84,0
84,0
84,0
84,0
84,0
84,0
84,0
84,0
84,0
84,0
84,0
84,0
84,0
84,0
84,0
84,0
84,0
84,0
84,0
84,0
84,0
84,0
84,0
84,0
84,0
84,0
84,0
84,0
84,0
84,0
84,0
84,0
84,0
84,0
84,0
84,0
84,0
84,0
84,0
84,0
84,0
84,0
84,0
84,0
84,0
84,0
84,0
84,0
84,0
84,0
84,0
84,0
84,0
84,0
84,0
84,0
84,0
84,0
84,0
84,0
84,0
84,0
84,0
84,0
84,0
84,0
84,0
84,0
84,0
84,0
84,0
84,0
84,0
84,0
84,0
84,0
84,0
84,0
84,0
84,0
84,0
84,0
84,0
84,0
84,0
84,0
84,0
84,0
84,0
84,0
84,0
84,0
84,0
84,0
84,0
84,0
84,0
84,0
84,0
84,0
84,0
84,0
84,0
84,0
84,0
84,0
84,0
84,0
84,0
84,0
84,0
84,0
84,0
84,0
84,0
84,0
84,0
84,0
84,0
84,0
89,2.5
89,1.25
89,0.625
89,0.3125
89,0.15625
89,0.078125
89,0.0390625
89,0.01953125
89,0.009765625
89,0.004882813
89,0.002441406
89,0.001220703
89,0.0006103516
89,0.0003051758
89,0.0001525879
89,7.629395E-05
89,3.814697E-05
89,1.907349E-05
89,9.536743E-06
89,4.768372E-06
89,2.384186E-06
89,1.192093E-06
89,5.960464E-07
89,2.980232E-07
89,1.490116E-07
89,7.450581E-08
89,3.72529E-08
89,1.862645E-08
89,9.313226E-09
89,4.656613E-09
89,2.328306E-09
89,1.164153E-09
89,5.820766E-10
89,2.910383E-10
89,1.455192E-10
89,7.275958E-11
89,3.637979E-11
89,1.818989E-11
89,9.094947E-12
89,4.547474E-12
89,2.273737E-12
89,1.136868E-12
89,5.684342E-13
89,2.842171E-13
89,1.421085E-13
89,7.105427E-14
89,3.552714E-14
89,1.776357E-14
89,8.881784E-15
89,4.440892E-15
89,2.220446E-15
89,1.110223E-15
89,5.551115E-16
89,2.775558E-16
89,1.387779E-16
89,6.938894E-17
89,3.469447E-17
89,1.734723E-17
89,8.673617E-18
89,4.336809E-18
89,2.168404E-18
89,1.084202E-18
89,5.421011E-19
89,2.710505E-19
89,1.355253E-19
89,6.776264E-20
89,3.388132E-20
89,1.694066E-20
89,8.470329E-21
89,4.235165E-21
89,2.117582E-21
89,1.058791E-21
89,5.293956E-22
89,2.646978E-22
89,1.323489E-22
89,6.617445E-23
89,3.308722E-23
89,1.654361E-23
89,8.271806E-24
89,4.135903E-24
89,2.067952E-24
89,1.033976E-24
89,5.169879E-25
89,2.584939E-25
89,1.29247E-25
89,6.462349E-26
89,3.231174E-26
89,1.615587E-26
89,8.077936E-27
89,4.038968E-27
89,2.019484E-27
89,1.009742E-27
89,5.04871E-28
89,2.524355E-28
89,1.262177E-28
89,6.310887E-29
89,3.155444E-29
89,1.577722E-29
89,7.888609E-30
89,3.944305E-30
89,1.972152E-30
89,9.860761E-31
89,4.930381E-31
89,2.46519E-31
89,1.232595E-31
89,6.162976E-32
89,3.081488E-32
89,1.540744E-32
89,7.70372E-33
89,3.85186E-33
89,1.92593E-33
89,9.62965E-34
89,4.814825E-34
89,2.407412E-34
89,1.203706E-34
89,6.018531E-35
89,3.009266E-35
89,1.504633E-35
89,7.523164E-36
89,3.761582E-36
89,1.880791E-36
89,9.403955E-37
89,4.701977E-37
89,2.350989E-37
89,1.175494E-37
89,5.877472E-38
89,2.938736E-38
89,1.469368E-38
89,7.34684E-39
89,3.67342E-39
89,1.83671E-39
89,9.18355E-40
89,4.591775E-40
89,2.295887E-40
89,1.147944E-40
89,5.739719E-41
89,2.869859E-41
89,1.43493E-41
89,7.174648E-42
89,3.587324E-42
89,1.793662E-42
89,8.96831E-43
89,4.484155E-43
89,2.242078E-43
89,1.121039E-43
89,5.605194E-44
89,2.802597E-44
89,1.401298E-44
89,7.006492E-45
89,2.802597E-45
89,1.401298E-45
89,0
89,0
89,0
89,0
89,0
89,0
89,0
89,0
89,0
89,0
89,0
89,0
89,0
89,0
89,0
89,0
89,0
89,0
89,0
89,0
89,0
89,0
89,0
89,0
89,0
89,0
89,0
89,0
89,0
89,0
89,0
89,0
89,0
89,0
89,0
89,0
89,0
89,0
89,0
89,0
89,0
89,0
89,0
89,0
89,0
89,0
89,0
89,0
89,0
89,0
89,0
89,0
89,0
89,0
89,0
89,0
89,0
89,0
89,0
89,0
89,0
89,0
89,0
89,0
89,0
89,0
89,0
89,0
89,0
89,0
89,0
89,0
89,0
89,0
89,0
89,0
89,0
89,0
89,0
89,0
89,0
89,0
89,0
89,0
89,0
89,0
89,0
89,0
89,0
89,0
89,0
89,0
89,0
89,0
89,0
89,0
89,0
89,0
89,0
89,0
89,0
89,0
89,0
91,1
91,0.5
91,0.25
91,0.125
91,0.0625
91,0.03125
91,0.015625
91,0.0078125
91,0.00390625
91,0.001953125
91,0.0009765625
91,0.0004882813
91,0.0002441406
91,0.0001220703
91,6.103516E-05
91,3.051758E-05
91,1.525879E-05
91,7.629395E-06
91,3.814697E-06
91,1.907349E-06
91,9.536743E-07
91,4.768372E-07
91,2.384186E-07
91,1.192093E-07
91,5.960464E-08
91,2.980232E-08
91,1.490116E-08
91,7.450581E-09
91,3.72529E-09
91,1.862645E-09
91,9.313226E-10
91,4.656613E-10
91,2.328306E-10
91,1.164153E-10
91,5.820766E-11
91,2.910383E-11
91,1.455192E-11
91,7.275958E-12
91,3.637979E-12
91,1.818989E-12
91,9.094947E-13
91,4.547474E-13
91,2.273737E-13
91,1.136868E-13
91,5.684342E-14
91,2.842171E-14
91,1.421085E-14
91,7.105427E-15
91,3.552714E-15
91,1.776357E-15
91,8.881784E-16
91,4.440892E-16
91,2.220446E-16
91,1.110223E-16
91,5.551115E-17
91,2.775558E-17
91,1.387779E-17
91,6.938894E-18
91,3.469447E-18
91,1.734723E-18
91,8.673617E-19
91,4.336809E-19
91,2.168404E-19
91,1.084202E-19
91,5.421011E-20
91,2.710505E-20
91,1.355253E-20
91,6.776264E-21
91,3.388132E-21
91,1.694066E-21
91,8.470329E-22
91,4.235165E-22
91,2.117582E-22
91,1.058791E-22
91,5.293956E-23
91,2.646978E-23
91,1.323489E-23
91,6.617445E-24
91,3.308722E-24
91,1.654361E-24
91,8.271806E-25
91,4.135903E-25
91,2.067952E-25
91,1.033976E-25
91,5.169879E-26
91,2.584939E-26
91,1.29247E-26
91,6.462349E-27
91,3.231174E-27
91,1.615587E-27
91,8.077936E-28
91,4.038968E-28
91,2.019484E-28
91,1.009742E-28
91,5.04871E-29
91,2.524355E-29
91,1.262177E-29
91,6.310887E-30
91,3.155444E-30
91,1.577722E-30
91,7.888609E-31
91,3.944305E-31
91,1.972152E-31
91,9.860761E-32
91,4.930381E-32
91,2.46519E-32
91,1.232595E-32
91,6.162976E-33
91,3.081488E-33
91,1.540744E-33
91,7.70372E-34
91,3.85186E-34
91,1.92593E-34
91,9.62965E-35
91,4.814825E-35
91,2.407412E-35
91,1.203706E-35
91,6.018531E-36
91,3.009266E-36
91,1.504633E-36
91,7.523164E-37
91,3.761582E-37
91,1.880791E-37
91,9.403955E-38
91,4.701977E-38
91,2.350989E-38
91,1.175494E-38
91,5.877472E-39
91,2.938736E-39
91,1.469368E-39
91,7.34684E-40
91,3.67342E-40
91,1.83671E-40
91,9.18355E-41
91,4.591775E-41
91,2.295887E-41
91,1.147944E-41
91,5.739719E-42
91,2.869859E-42
91,1.43493E-42
91,7.174648E-43
91,3.587324E-43
91,1.793662E-43
91,8.96831E-44
91,4.484155E-44
91,2.242078E-44
91,1.121039E-44
91,5.605194E-45
91,2.802597E-45
91,1.401298E-45
91,0
91,0
91,0
91,0
91,0
91,0
91,0
91,0
91,0
91,0
91,0
91,0
91,0
91,0
91,0
91,0
91,0
91,0
91,0
91,0
91,0
91,0
91,0
91,0
91,0
91,0
91,0
91,0
91,0
91,0
91,0
91,0
91,0
91,0
91,0
91,0
91,0
91,0
91,0
91,0
91,0
91,0
91,0
91,0
91,0
91,0
91,0
91,0
91,0
91,0
91,0
91,0
91,0
91,0
91,0
91,0
91,0
91,0
91,0
91,0
91,0
91,0
91,0
91,0
91,0
91,0
91,0
91,0
91,0
91,0
91,0
91,0
91,0
