-1,0
-1,0
-1,0
-1,0
-1,0
-1,0
-1,0
-1,0
-1,0
-1,0
-1,0
-1,0
-1,0
-1,0
-1,0
-1,0
-1,0
-1,0
-1,0
-1,0
-1,0
-1,0
-1,0
-1,0
-1,0
-1,0
-1,0
-1,0
-1,0
-1,0
-1,0
-1,0
-1,0
-1,0
-1,0
-1,0
-1,0
-1,0
-1,0
-1,0
-1,0
-1,0
-1,0
-1,0
-1,0
-1,0
-1,0
-1,0
-1,0
-1,0
-1,0
-1,0
-1,0
-1,0
-1,0
-1,0
-1,0
-1,0
-1,0
-1,0
-1,0
-1,0
-1,0
-1,0
-1,0
-1,0
-1,0
-1,0
-1,0
-1,0
-1,0
-1,0
-1,0
-1,0
-1,0
-1,0
-1,0
-1,0
-1,0
-1,0
-1,0
-1,0
-1,0
-1,0
-1,0
-1,0
-1,0
-1,0
-1,0
-1,0
-1,0
-1,0
-1,0
-1,0
-1,0
-1,0
-1,0
-1,0
-1,0
-1,0
-1,0
-1,0
-1,0
-1,0
-1,0
-1,0
-1,0
-1,0
-1,0
-1,0
-1,0
-1,0
-1,0
-1,0
-1,0
-1,0
-1,0
-1,0
-1,0
-1,0
-1,0
-1,0
-1,0
-1,0
-1,0
-1,0
-1,0
-1,0
-1,0
-1,0
-1,0
-1,0
-1,0
-1,0
-1,0
-1,0
-1,0
-1,0
-1,0
-1,0
-1,0
-1,0
-1,0
-1,0
-1,0
-1,0
-1,0
-1,0
-1,0
-1,0
-1,0
-1,0
-1,0
-1,0
-1,0
-1,0
-1,0
-1,0
-1,0
-1,0
-1,0
-1,0
-1,0
-1,0
-1,0
-1,0
-1,0
-1,0
-1,0
-1,0
-1,0
-1,0
-1,0
-1,0
-1,0
-1,0
-1,0
-1,0
-1,0
-1,0
-1,0
-1,0
-1,0
-1,0
-1,0
-1,0
-1,0
-1,0
-1,0
-1,0
-1,0
-1,0
-1,0
-1,0
-1,0
-1,0
-1,0
-1,0
-1,0
-1,0
-1,0
-1,0
-1,0
-1,0
-1,0
-1,0
-1,0
-1,0
-1,0
-1,0
-1,0
-1,0
-1,0
-1,0
-1,0
-1,0
-1,0
-1,0
-1,0
-1,0
-1,0
-1,0
-1,0
-1,0
-1,0
-1,0
-1,0
-1,0
-1,0
-1,0
-1,0
-1,0
-1,0
-1,0
-1,0
-1,0
-1,0
-1,0
-1,0
-1,0
-1,0
-1,0
-1,0
-1,0
-1,0
-1,0
-1,0
-1,0
-1,0
-1,0
-1,0
-1,0
-1,0
-1,0
-1,0
-1,0
-1,0
-1,0
-1,0
-1,0
-1,0
-1,0
-1,0
-1,0
-1,0
-1,0
-1,0
-1,0
-1,0
-1,0
-1,0
-1,0
-1,0
-1,0
-1,0
-1,0
-1,0
-1,0
-1,0
-1,0
-1,0
-1,0
-1,0
-1,0
-1,0
-1,0
-1,0
-1,0
-1,0
-1,0
-1,0
-1,0
-1,0
-1,0
-1,0
-1,0
-1,0
-1,0
-1,0
-1,0
12,0
12,0
12,0
12,0
12,0
12,0
12,0
12,0
12,0
12,0
12,0
12,0
12,0
12,0
12,0
12,0
12,0
12,0
12,0
12,0
12,0
12,0
12,0
12,0
12,0
12,0
12,0
12,0
12,0
12,0
12,0
12,0
12,0
12,0
12,0
12,0
12,0
12,0
12,0
12,0
12,0
12,0
12,0
12,0
12,0
12,0
12,0
12,0
12,0
12,0
12,0
12,0
12,0
12,0
12,0
12,0
12,0
12,0
12,0
12,0
12,0
12,0
12,0
12,0
12,0
12,0
12,0
12,0
12,0
12,0
12,0
12,0
12,0
12,0
12,0
12,0
12,0
12,0
12,0
12,0
12,0
12,0
12,0
12,0
12,0
12,0
12,0
12,0
12,0
12,0
12,0
12,0
12,0
12,0
12,0
12,0
12,0
12,0
12,0
12,0
12,0
12,0
12,0
12,0
12,0
12,0
12,0
12,0
12,0
12,0
12,0
12,0
12,0
12,0
12,0
12,0
12,0
12,0
12,0
12,0
12,0
12,0
12,0
12,0
12,0
12,0
12,0
12,0
12,0
12,0
12,0
12,0
12,0
12,0
12,0
12,0
12,0
12,0
12,0
12,0
12,0
12,0
12,0
12,0
12,0
12,0
12,0
12,0
12,0
12,0
12,0
12,0
12,0
12,0
12,0
12,0
12,0
12,0
12,0
12,0
12,0
12,0
12,0
12,0
12,0
12,0
12,0
12,0
12,0
12,0
12,0
12,0
12,0
12,0
12,0
12,0
12,0
12,0
12,0
12,0
12,0
12,0
12,0
12,0
12,0
12,0
12,0
12,0
12,0
12,0
12,0
12,0
12,0
12,0
12,0
12,0
12,0
12,0
12,0
12,0
12,0
12,0
12,0
12,0
12,0
12,0
12,0
12,0
12,0
12,0
12,0
12,0
12,0
12,0
12,0
12,0
12,0
12,0
12,0
12,0
12,0
12,0
12,0
12,0
12,0
12,0
12,0
12,0
12,0
12,0
12,0
12,0
12,0
12,0
12,0
12,0
12,0
12,0
12,0
12,0
12,0
12,0
12,0
12,0
12,0
12,0
12,0
12,0
12,0
12,0
12,0
12,0
12,0
12,0
12,0
12,0
12,0
12,0
12,0
12,0
12,0
12,0
12,0
12,0
12,0
12,0
12,0
12,0
12,0
12,0
12,0
12,0
12,0
12,0
12,0
12,0
12,0
12,0
12,0
12,0
12,0
12,0
12,0
12,0
12,0
12,0
12,0
12,0
12,0
12,0
12,0
12,0
12,0
12,0
12,0
12,0
12,0
12,0
12,0
12,0
12,0
12,0
12,0
12,0
12,0
12,0
12,0
12,0
12,0
12,0
12,0
12,0
12,0
12,0
12,0
12,0
12,0
12,0
12,0
12,0
12,0
99,43.5
99,21.75
99,10.875
99,5.4375
99,2.71875
99,1.359375
99,0.6796875
99,0.3398438
99,0.1699219
99,0.08496094
99,0.04248047
99,0.02124023
99,0.01062012
99,0.005310059
99,0.002655029
99,0.001327515
99,0.0006637573
99,0.0003318787
99,0.0001659393
99,8.296967E-05
99,4.148483E-05
99,2.074242E-05
99,1.037121E-05
99,5.185604E-06
99,2.592802E-06
99,1.296401E-06
99,6.482005E-07
99,3.241003E-07
99,1.620501E-07
99,8.102506E-08
99,4.051253E-08
99,2.025627E-08
99,1.012813E-08
99,5.064066E-09
99,2.532033E-09
99,1.266017E-09
99,6.330083E-10
99,3.165042E-10
99,1.582521E-10
99,7.912604E-11
99,3.956302E-11
99,1.978151E-11
99,9.890755E-12
99,4.945377E-12
99,2.472689E-12
99,1.236344E-12
99,6.181722E-13
99,3.090861E-13
99,1.54543E-13
99,7.727152E-14
99,3.863576E-14
99,1.931788E-14
99,9.65894E-15
99,4.82947E-15
99,2.414735E-15
99,1.207368E-15
99,6.036838E-16
99,3.018419E-16
99,1.509209E-16
99,7.546047E-17
99,3.773024E-17
99,1.886512E-17
99,9.432559E-18
99,4.716279E-18
99,2.35814E-18
99,1.17907E-18
99,5.895349E-19
99,2.947675E-19
99,1.473837E-19
99,7.369187E-20
99,3.684593E-20
99,1.842297E-20
99,9.211483E-21
99,4.605742E-21
99,2.302871E-21
99,1.151435E-21
99,5.757177E-22
99,2.878589E-22
99,1.439294E-22
99,7.196471E-23
99,3.598236E-23
99,1.799118E-23
99,8.995589E-24
99,4.497795E-24
99,2.248897E-24
99,1.124449E-24
99,5.622243E-25
99,2.811122E-25
99,1.405561E-25
99,7.027804E-26
99,3.513902E-26
99,1.756951E-26
99,8.784755E-27
99,4.392378E-27
99,2.196189E-27
99,1.098094E-27
99,5.490472E-28
99,2.745236E-28
99,1.372618E-28
99,6.86309E-29
99,3.431545E-29
99,1.715772E-29
99,8.578862E-30
99,4.289431E-30
99,2.144716E-30
99,1.072358E-30
99,5.361789E-31
99,2.680894E-31
99,1.340447E-31
99,6.702236E-32
99,3.351118E-32
99,1.675559E-32
99,8.377795E-33
99,4.188898E-33
99,2.094449E-33
99,1.047224E-33
99,5.236122E-34
99,2.618061E-34
99,1.309031E-34
99,6.545153E-35
99,3.272576E-35
99,1.636288E-35
99,8.181441E-36
99,4.09072E-36
99,2.04536E-36
99,1.02268E-36
99,5.1134E-37
99,2.5567E-37
99,1.27835E-37
99,6.391751E-38
99,3.195875E-38
99,1.597938E-38
99,7.989688E-39
99,3.994844E-39
99,1.997422E-39
99,9.98711E-40
99,4.993555E-40
99,2.496778E-40
99,1.248389E-40
99,6.241944E-41
99,3.120972E-41
99,1.560486E-41
99,7.80243E-42
99,3.901215E-42
99,1.950607E-42
99,9.753037E-43
99,4.876519E-43
99,2.438259E-43
99,1.21913E-43
99,6.165713E-44
99,3.082857E-44
99,1.541428E-44
99,8.407791E-45
99,4.203895E-45
99,2.802597E-45
99,1.401298E-45
99,0
99,0
99,0
89,5
89,2.5
89,1.25
89,0.625
89,0.3125
89,0.15625
89,0.078125
89,0.0390625
89,0.01953125
89,0.009765625
89,0.004882813
89,0.002441406
89,0.001220703
89,0.0006103516
89,0.0003051758
89,0.0001525879
89,7.629395E-05
89,3.814697E-05
89,1.907349E-05
89,9.536743E-06
89,4.768372E-06
89,2.384186E-06
89,1.192093E-06
89,5.960464E-07
89,2.980232E-07
89,1.490116E-07
89,7.450581E-08
89,3.72529E-08
89,1.862645E-08
89,9.313226E-09
89,4.656613E-09
89,2.328306E-09
89,1.164153E-09
89,5.820766E-10
89,2.910383E-10
89,1.455192E-10
89,7.275958E-11
89,3.637979E-11
89,1.818989E-11
89,9.094947E-12
89,4.547474E-12
89,2.273737E-12
89,1.136868E-12
89,5.684342E-13
89,2.842171E-13
89,1.421085E-13
89,7.105427E-14
89,3.552714E-14
89,1.776357E-14
89,8.881784E-15
89,4.440892E-15
89,2.220446E-15
89,1.110223E-15
89,5.551115E-16
89,2.775558E-16
89,1.387779E-16
89,6.938894E-17
89,3.469447E-17
89,1.734723E-17
89,8.673617E-18
89,4.336809E-18
89,2.168404E-18
89,1.084202E-18
89,5.421011E-19
89,2.710505E-19
89,1.355253E-19
89,6.776264E-20
89,3.388132E-20
89,1.694066E-20
89,8.470329E-21
89,4.235165E-21
89,2.117582E-21
89,1.058791E-21
89,5.293956E-22
89,2.646978E-22
89,1.323489E-22
89,6.617445E-23
89,3.308722E-23
89,1.654361E-23
89,8.271806E-24
89,4.135903E-24
89,2.067952E-24
89,1.033976E-24
89,5.169879E-25
89,2.584939E-25
89,1.29247E-25
89,6.462349E-26
89,3.231174E-26
89,1.615587E-26
89,8.077936E-27
89,4.038968E-27
89,2.019484E-27
89,1.009742E-27
89,5.04871E-28
89,2.524355E-28
89,1.262177E-28
89,6.310887E-29
89,3.155444E-29
89,1.577722E-29
89,7.888609E-30
89,3.944305E-30
89,1.972152E-30
89,9.860761E-31
89,4.930381E-31
89,2.46519E-31
89,1.232595E-31
89,6.162976E-32
89,3.081488E-32
89,1.540744E-32
89,7.70372E-33
89,3.85186E-33
89,1.92593E-33
89,9.62965E-34
89,4.814825E-34
89,2.407412E-34
89,1.203706E-34
89,6.018531E-35
89,3.009266E-35
89,1.504633E-35
89,7.523164E-36
89,3.761582E-36
89,1.880791E-36
89,9.403955E-37
89,4.701977E-37
89,2.350989E-37
89,1.175494E-37
89,5.877472E-38
89,2.938736E-38
89,1.469368E-38
89,7.34684E-39
89,3.67342E-39
89,1.83671E-39
89,9.18355E-40
89,4.591775E-40
89,2.295887E-40
89,1.147944E-40
89,5.739719E-41
89,2.869859E-41
89,1.43493E-41
89,7.174648E-42
89,3.587324E-42
89,1.793662E-42
89,8.96831E-43
89,4.484155E-43
89,2.242078E-43
89,1.121039E-43
89,5.605194E-44
89,2.802597E-44
89,1.401298E-44
89,7.006492E-45
89,2.802597E-45
89,1.401298E-45
89,0
89,0
89,0
89,0
89,0
89,0
89,0
89,0
89,0
89,0
89,0
89,0
89,0
89,0
89,0
89,0
89,0
89,0
89,0
89,0
89,0
89,0
89,0
89,0
89,0
89,0
89,0
89,0
89,0
89,0
89,0
89,0
89,0
89,0
89,0
89,0
89,0
89,0
89,0
89,0
89,0
89,0
89,0
89,0
89,0
89,0
89,0
89,0
89,0
89,0
89,0
89,0
89,0
89,0
89,0
89,0
89,0
89,0
89,0
89,0
89,0
89,0
89,0
89,0
89,0
89,0
89,0
89,0
89,0
89,0
89,0
89,0
89,0
89,0
89,0
89,0
89,0
89,0
89,0
89,0
89,0
89,0
89,0
89,0
89,0
89,0
89,0
89,0
89,0
89,0
89,0
89,0
68,10.5
68,5.25
68,2.625
68,1.3125
68,0.65625
68,0.328125
68,0.1640625
68,0.08203125
68,0.04101563
68,0.02050781
68,0.01025391
68,0.005126953
68,0.002563477
68,0.001281738
68,0.0006408691
68,0.0003204346
68,0.0001602173
68,8.010864E-05
68,4.005432E-05
68,2.002716E-05
68,1.001358E-05
68,5.00679E-06
68,2.503395E-06
68,1.251698E-06
68,6.258488E-07
68,3.129244E-07
68,1.564622E-07
68,7.82311E-08
68,3.911555E-08
68,1.955777E-08
68,9.778887E-09
68,4.889444E-09
68,2.444722E-09
68,1.222361E-09
68,6.111804E-10
68,3.055902E-10
68,1.527951E-10
68,7.639755E-11
68,3.819878E-11
68,1.909939E-11
68,9.549694E-12
68,4.774847E-12
68,2.387424E-12
68,1.193712E-12
68,5.968559E-13
68,2.984279E-13
68,1.49214E-13
68,7.460699E-14
68,3.730349E-14
68,1.865175E-14
68,9.325873E-15
68,4.662937E-15
68,2.331468E-15
68,1.165734E-15
68,5.828671E-16
68,2.914335E-16
68,1.457168E-16
68,7.285839E-17
68,3.642919E-17
68,1.82146E-17
68,9.107298E-18
68,4.553649E-18
68,2.276825E-18
68,1.138412E-18
68,5.692061E-19
68,2.846031E-19
68,1.423015E-19
68,7.115077E-20
68,3.557538E-20
68,1.778769E-20
68,8.893846E-21
68,4.446923E-21
68,2.223461E-21
68,1.111731E-21
68,5.558654E-22
68,2.779327E-22
68,1.389663E-22
68,6.948317E-23
68,3.474159E-23
68,1.737079E-23
68,8.685396E-24
68,4.342698E-24
68,2.171349E-24
68,1.085675E-24
68,5.428373E-25
68,2.714186E-25
68,1.357093E-25
68,6.785466E-26
68,3.392733E-26
68,1.696366E-26
68,8.481832E-27
68,4.240916E-27
68,2.120458E-27
68,1.060229E-27
68,5.301145E-28
68,2.650573E-28
68,1.325286E-28
68,6.626432E-29
68,3.313216E-29
68,1.656608E-29
68,8.28304E-30
68,4.14152E-30
68,2.07076E-30
68,1.03538E-30
68,5.1769E-31
68,2.58845E-31
68,1.294225E-31
68,6.471125E-32
68,3.235562E-32
68,1.617781E-32
68,8.088906E-33
68,4.044453E-33
68,2.022226E-33
68,1.011113E-33
68,5.055566E-34
68,2.527783E-34
68,1.263892E-34
68,6.319458E-35
68,3.159729E-35
68,1.579864E-35
68,7.899322E-36
68,3.949661E-36
68,1.974831E-36
68,9.874153E-37
68,4.937076E-37
68,2.468538E-37
68,1.234269E-37
68,6.171345E-38
68,3.085673E-38
68,1.542836E-38
68,7.714182E-39
68,3.857091E-39
68,1.928545E-39
68,9.642727E-40
68,4.821364E-40
68,2.410682E-40
68,1.205341E-40
68,6.026704E-41
68,3.013352E-41
68,1.506676E-41
68,7.533381E-42
68,3.76669E-42
68,1.883345E-42
68,9.416726E-43
68,4.708363E-43
68,2.354181E-43
68,1.177091E-43
68,5.885454E-44
68,2.942727E-44
68,1.401298E-44
68,7.006492E-45
68,2.802597E-45
68,1.401298E-45
68,0
68,0
68,0
68,0
68,0
68,0
68,0
68,0
68,0
68,0
68,0
68,0
68,0
68,0
68,0
68,0
68,0
68,0
68,0
68,0
68,0
68,0
68,0
68,0
68,0
68,0
68,0
68,0
68,0
68,0
68,0
68,0
68,0
68,0
68,0
68,0
68,0
68,0
68,0
68,0
68,0
68,0
68,0
68,0
68,0
68,0
68,0
68,0
68,0
68,0
68,0
68,0
68,0
68,0
68,0
68,0
68,0
68,0
68,0
68,0
68,0
68,0
68,0
68,0
68,0
68,0
68,0
68,0
68,0
68,0
68,0
68,0
68,0
68,0
68,0
68,0
68,0
68,0
68,0
68,0
68,0
68,0
68,0
68,0
68,0
68,0
68,0
68,0
68,0
68,0
68,0
68,0
68,0
68,0
68,0
68,0
68,0
68,0
68,0
68,0
68,0
68,0
68,0
68,0
68,0
68,0
68,0
68,0
68,0
68,0
68,0
68,0
68,0
68,0
68,0
68,0
68,0
68,0
68,0
68,0
68,0
68,0
68,0
68,0
68,0
68,0
68,0
68,0
68,0
68,0
68,0
68,0
68,0
68,0
68,0
68,0
68,0
68,0
68,0
68,0
68,0
68,0
68,0
68,0
68,0
68,0
68,0
68,0
68,0
68,0
68,0
68,0
68,0
68,0
68,0
68,0
68,0
68,0
68,0
68,0
68,0
59,4.5
59,2.25
59,1.125
59,0.5625
59,0.28125
59,0.140625
59,0.0703125
59,0.03515625
59,0.01757813
59,0.008789063
59,0.004394531
59,0.002197266
59,0.001098633
59,0.0005493164
59,0.0002746582
59,0.0001373291
59,6.866455E-05
59,3.433228E-05
59,1.716614E-05
59,8.583069E-06
59,4.291534E-06
59,2.145767E-06
59,1.072884E-06
59,5.364418E-07
59,2.682209E-07
59,1.341105E-07
59,6.705523E-08
59,3.352761E-08
59,1.676381E-08
59,8.381903E-09
59,4.190952E-09
59,2.095476E-09
59,1.047738E-09
59,5.238689E-10
59,2.619345E-10
59,1.309672E-10
59,6.548362E-11
59,3.274181E-11
59,1.63709E-11
59,8.185452E-12
59,4.092726E-12
59,2.046363E-12
59,1.023182E-12
59,5.115908E-13
59,2.557954E-13
59,1.278977E-13
59,6.394885E-14
59,3.197442E-14
59,1.598721E-14
59,7.993606E-15
59,3.996803E-15
59,1.998401E-15
59,9.992007E-16
59,4.996004E-16
59,2.498002E-16
59,1.249001E-16
59,6.245005E-17
59,3.122502E-17
59,1.561251E-17
59,7.806256E-18
59,3.903128E-18
59,1.951564E-18
59,9.75782E-19
59,4.87891E-19
59,2.439455E-19
59,1.219727E-19
59,6.098637E-20
59,3.049319E-20
59,1.524659E-20
59,7.623297E-21
59,3.811648E-21
59,1.905824E-21
59,9.529121E-22
59,4.76456E-22
59,2.38228E-22
59,1.19114E-22
59,5.9557E-23
59,2.97785E-23
59,1.488925E-23
59,7.444626E-24
59,3.722313E-24
59,1.861156E-24
59,9.305782E-25
59,4.652891E-25
59,2.326445E-25
59,1.163223E-25
59,5.816114E-26
59,2.908057E-26
59,1.454028E-26
59,7.270142E-27
59,3.635071E-27
59,1.817536E-27
59,9.087678E-28
59,4.543839E-28
59,2.271919E-28
59,1.13596E-28
59,5.679799E-29
59,2.839899E-29
59,1.41995E-29
59,7.099748E-30
59,3.549874E-30
59,1.774937E-30
59,8.874685E-31
59,4.437343E-31
59,2.218671E-31
59,1.109336E-31
59,5.546678E-32
59,2.773339E-32
59,1.38667E-32
59,6.933348E-33
59,3.466674E-33
59,1.733337E-33
59,8.666685E-34
59,4.333342E-34
59,2.166671E-34
59,1.083336E-34
59,5.416678E-35
59,2.708339E-35
59,1.354169E-35
59,6.770847E-36
59,3.385424E-36
59,1.692712E-36
59,8.463559E-37
59,4.23178E-37
59,2.11589E-37
59,1.057945E-37
59,5.289725E-38
59,2.644862E-38
59,1.322431E-38
59,6.612156E-39
59,3.306078E-39
59,1.653039E-39
59,8.265195E-40
59,4.132597E-40
59,2.066299E-40
59,1.033149E-40
59,5.165747E-41
59,2.582873E-41
59,1.291437E-41
59,6.457183E-42
59,3.228592E-42
59,1.614296E-42
59,8.071479E-43
59,4.03574E-43
59,2.01787E-43
59,1.008935E-43
59,5.044674E-44
59,2.522337E-44
59,1.261169E-44
59,5.605194E-45
59,2.802597E-45
59,1.401298E-45
59,0
59,0
59,0
59,0
59,0
59,0
59,0
59,0
59,0
59,0
59,0
59,0
59,0
59,0
59,0
59,0
59,0
59,0
59,0
59,0
59,0
59,0
59,0
59,0
59,0
59,0
59,0
59,0
59,0
59,0
59,0
59,0
59,0
59,0
59,0
59,0
59,0
59,0
59,0
59,0
59,0
59,0
59,0
59,0
59,0
59,0
59,0
59,0
59,0
59,0
59,0
59,0
59,0
59,0
59,0
59,0
59,0
59,0
59,0
59,0
59,0
59,0
59,0
59,0
59,0
59,0
59,0
59,0
59,0
59,0
59,0
59,0
59,0
59,0
59,0
59,0
59,0
59,0
59,0
59,0
59,0
59,0
59,0
59,0
59,0
59,0
59,0
59,0
59,0
59,0
59,0
59,0
59,0
59,0
59,0
59,0
59,0
59,0
59,0
59,0
59,0
59,0
59,0
59,0
59,0
59,0
59,0
59,0
59,0
59,0
59,0
59,0
59,0
59,0
59,0
59,0
59,0
59,0
59,0
59,0
59,0
59,0
59,0
59,0
59,0
59,0
59,0
59,0
59,0
59,0
59,0
59,0
59,0
59,0
59,0
59,0
59,0
59,0
59,0
59,0
59,0
59,0
59,0
59,0
59,0
59,0
59,0
59,0
59,0
59,0
59,0
59,0
59,0
59,0
59,0
59,0
59,0
59,0
59,0
59,0
59,0
59,0
59,0
59,0
59,0
59,0
59,0
59,0
59,0
59,0
59,0
59,0
59,0
59,0
59,0
59,0
59,0
59,0
59,0
59,0
59,0
59,0
59,0
59,0
59,0
59,0
59,0
59,0
59,0
59,0
59,0
59,0
59,0
59,0
59,0
59,0
59,0
59,0
59,0
59,0
59,0
59,0
59,0
59,0
59,0
59,0
59,0
59,0
59,0
59,0
59,0
59,0
59,0
59,0
59,0
59,0
59,0
59,0
59,0
59,0
59,0
59,0
59,0
59,0
59,0
59,0
59,0
59,0
59,0
59,0
59,0
59,0
59,0
59,0
59,0
59,0
59,0
59,0
59,0
59,0
59,0
59,0
59,0
59,0
59,0
59,0
59,0
59,0
59,0
59,0
59,0
59,0
59,0
59,0
59,0
59,0
59,0
59,0
59,0
59,0
59,0
59,0
59,0
59,0
59,0
59,0
59,0
59,0
59,0
59,0
59,0
59,0
59,0
59,0
59,0
59,0
59,0
59,0
59,0
59,0
59,0
59,0
59,0
59,0
65,3
65,1.5
65,0.75
65,0.375
65,0.1875
65,0.09375
65,0.046875
65,0.0234375
65,0.01171875
65,0.005859375
65,0.002929688
65,0.001464844
65,0.0007324219
65,0.0003662109
65,0.0001831055
65,9.155273E-05
65,4.577637E-05
65,2.288818E-05
65,1.144409E-05
65,5.722046E-06
65,2.861023E-06
65,1.430511E-06
65,7.152557E-07
65,3.576279E-07
65,1.788139E-07
65,8.940697E-08
65,4.470348E-08
65,2.235174E-08
65,1.117587E-08
65,5.587935E-09
65,2.793968E-09
65,1.396984E-09
65,6.984919E-10
65,3.49246E-10
65,1.74623E-10
65,8.731149E-11
65,4.365575E-11
65,2.182787E-11
65,1.091394E-11
65,5.456968E-12
65,2.728484E-12
65,1.364242E-12
65,6.82121E-13
65,3.410605E-13
65,1.705303E-13
65,8.526513E-14
65,4.263256E-14
65,2.131628E-14
65,1.065814E-14
65,5.329071E-15
65,2.664535E-15
65,1.332268E-15
65,6.661338E-16
65,3.330669E-16
65,1.665335E-16
65,8.326673E-17
65,4.163336E-17
65,2.081668E-17
65,1.040834E-17
65,5.20417E-18
65,2.602085E-18
65,1.301043E-18
65,6.505213E-19
65,3.252607E-19
65,1.626303E-19
65,8.131516E-20
65,4.065758E-20
65,2.032879E-20
65,1.01644E-20
65,5.082198E-21
65,2.541099E-21
65,1.270549E-21
65,6.352747E-22
65,3.176374E-22
65,1.588187E-22
65,7.940934E-23
65,3.970467E-23
65,1.985233E-23
65,9.926167E-24
65,4.963084E-24
65,2.481542E-24
65,1.240771E-24
65,6.203855E-25
65,3.101927E-25
65,1.550964E-25
65,7.754818E-26
65,3.877409E-26
65,1.938705E-26
65,9.693523E-27
65,4.846761E-27
65,2.423381E-27
65,1.21169E-27
65,6.058452E-28
65,3.029226E-28
65,1.514613E-28
65,7.573065E-29
65,3.786532E-29
65,1.893266E-29
65,9.466331E-30
65,4.733165E-30
65,2.366583E-30
65,1.183291E-30
65,5.916457E-31
65,2.958228E-31
65,1.479114E-31
65,7.395571E-32
65,3.697785E-32
65,1.848893E-32
65,9.244464E-33
65,4.622232E-33
65,2.311116E-33
65,1.155558E-33
65,5.77779E-34
65,2.888895E-34
65,1.444447E-34
65,7.222237E-35
65,3.611119E-35
65,1.805559E-35
65,9.027797E-36
65,4.513898E-36
65,2.256949E-36
65,1.128475E-36
65,5.642373E-37
65,2.821186E-37
65,1.410593E-37
65,7.052966E-38
65,3.526483E-38
65,1.763242E-38
65,8.816208E-39
65,4.408104E-39
65,2.204052E-39
65,1.102026E-39
65,5.51013E-40
65,2.755065E-40
65,1.377532E-40
65,6.887662E-41
65,3.443831E-41
65,1.721916E-41
65,8.609578E-42
65,4.304789E-42
65,2.152394E-42
65,1.076197E-42
65,5.380986E-43
65,2.690493E-43
65,1.345247E-43
65,6.726233E-44
65,3.363116E-44
65,1.681558E-44
65,8.407791E-45
65,4.203895E-45
65,2.802597E-45
65,1.401298E-45
65,0
65,0
65,0
65,0
65,0
65,0
65,0
65,0
65,0
65,0
65,0
65,0
65,0
65,0
65,0
65,0
65,0
65,0
65,0
65,0
65,0
65,0
65,0
65,0
65,0
65,0
65,0
65,0
65,0
65,0
65,0
65,0
65,0
65,0
65,0
65,0
65,0
65,0
65,0
65,0
65,0
65,0
65,0
65,0
65,0
65,0
65,0
65,0
65,0
65,0
65,0
65,0
65,0
65,0
65,0
65,0
65,0
65,0
65,0
65,0
65,0
65,0
65,0
65,0
65,0
65,0
65,0
65,0
65,0
65,0
65,0
65,0
65,0
65,0
65,0
65,0
65,0
65,0
65,0
65,0
65,0
65,0
65,0
65,0
65,0
65,0
65,0
65,0
56,4.5
56,2.25
56,1.125
56,0.5625
56,0.28125
56,0.140625
56,0.0703125
56,0.03515625
56,0.01757813
56,0.008789063
56,0.004394531
56,0.002197266
56,0.001098633
56,0.0005493164
56,0.0002746582
56,0.0001373291
56,6.866455E-05
56,3.433228E-05
56,1.716614E-05
56,8.583069E-06
56,4.291534E-06
56,2.145767E-06
56,1.072884E-06
56,5.364418E-07
56,2.682209E-07
56,1.341105E-07
56,6.705523E-08
56,3.352761E-08
56,1.676381E-08
56,8.381903E-09
56,4.190952E-09
56,2.095476E-09
56,1.047738E-09
56,5.238689E-10
56,2.619345E-10
56,1.309672E-10
56,6.548362E-11
56,3.274181E-11
56,1.63709E-11
56,8.185452E-12
56,4.092726E-12
56,2.046363E-12
56,1.023182E-12
56,5.115908E-13
56,2.557954E-13
56,1.278977E-13
56,6.394885E-14
56,3.197442E-14
56,1.598721E-14
56,7.993606E-15
56,3.996803E-15
56,1.998401E-15
56,9.992007E-16
56,4.996004E-16
56,2.498002E-16
56,1.249001E-16
56,6.245005E-17
56,3.122502E-17
56,1.561251E-17
56,7.806256E-18
56,3.903128E-18
56,1.951564E-18
56,9.75782E-19
56,4.87891E-19
56,2.439455E-19
56,1.219727E-19
56,6.098637E-20
56,3.049319E-20
56,1.524659E-20
56,7.623297E-21
56,3.811648E-21
56,1.905824E-21
56,9.529121E-22
56,4.76456E-22
56,2.38228E-22
56,1.19114E-22
56,5.9557E-23
56,2.97785E-23
56,1.488925E-23
56,7.444626E-24
56,3.722313E-24
56,1.861156E-24
56,9.305782E-25
56,4.652891E-25
56,2.326445E-25
56,1.163223E-25
56,5.816114E-26
56,2.908057E-26
56,1.454028E-26
56,7.270142E-27
56,3.635071E-27
56,1.817536E-27
56,9.087678E-28
56,4.543839E-28
56,2.271919E-28
56,1.13596E-28
56,5.679799E-29
56,2.839899E-29
56,1.41995E-29
56,7.099748E-30
56,3.549874E-30
56,1.774937E-30
56,8.874685E-31
56,4.437343E-31
56,2.218671E-31
56,1.109336E-31
56,5.546678E-32
56,2.773339E-32
56,1.38667E-32
56,6.933348E-33
56,3.466674E-33
56,1.733337E-33
56,8.666685E-34
56,4.333342E-34
56,2.166671E-34
56,1.083336E-34
56,5.416678E-35
56,2.708339E-35
56,1.354169E-35
56,6.770847E-36
56,3.385424E-36
56,1.692712E-36
56,8.463559E-37
56,4.23178E-37
56,2.11589E-37
56,1.057945E-37
56,5.289725E-38
56,2.644862E-38
56,1.322431E-38
56,6.612156E-39
56,3.306078E-39
56,1.653039E-39
56,8.265195E-40
56,4.132597E-40
56,2.066299E-40
56,1.033149E-40
56,5.165747E-41
56,2.582873E-41
56,1.291437E-41
56,6.457183E-42
56,3.228592E-42
56,1.614296E-42
56,8.071479E-43
56,4.03574E-43
56,2.01787E-43
56,1.008935E-43
56,5.044674E-44
56,2.522337E-44
56,1.261169E-44
56,5.605194E-45
56,2.802597E-45
56,1.401298E-45
56,0
56,0
56,0
56,0
56,0
56,0
56,0
56,0
56,0
56,0
56,0
56,0
56,0
56,0
56,0
56,0
56,0
56,0
56,0
56,0
56,0
56,0
56,0
56,0
56,0
56,0
56,0
56,0
56,0
56,0
56,0
56,0
56,0
56,0
56,0
56,0
56,0
56,0
56,0
56,0
56,0
56,0
56,0
56,0
56,0
56,0
56,0
56,0
56,0
56,0
56,0
56,0
56,0
56,0
56,0
56,0
56,0
56,0
56,0
56,0
56,0
56,0
56,0
56,0
56,0
56,0
56,0
56,0
56,0
56,0
56,0
56,0
56,0
56,0
56,0
56,0
56,0
56,0
56,0
56,0
56,0
56,0
56,0
56,0
56,0
56,0
56,0
56,0
56,0
56,0
56,0
56,0
56,0
56,0
56,0
44,6
44,3
44,1.5
44,0.75
44,0.375
44,0.1875
44,0.09375
44,0.046875
44,0.0234375
44,0.01171875
44,0.005859375
44,0.002929688
44,0.001464844
44,0.0007324219
44,0.0003662109
44,0.0001831055
44,9.155273E-05
44,4.577637E-05
44,2.288818E-05
44,1.144409E-05
44,5.722046E-06
44,2.861023E-06
44,1.430511E-06
44,7.152557E-07
44,3.576279E-07
44,1.788139E-07
44,8.940697E-08
44,4.470348E-08
44,2.235174E-08
44,1.117587E-08
44,5.587935E-09
44,2.793968E-09
44,1.396984E-09
44,6.984919E-10
44,3.49246E-10
44,1.74623E-10
44,8.731149E-11
44,4.365575E-11
44,2.182787E-11
44,1.091394E-11
44,5.456968E-12
44,2.728484E-12
44,1.364242E-12
44,6.82121E-13
44,3.410605E-13
44,1.705303E-13
44,8.526513E-14
44,4.263256E-14
44,2.131628E-14
44,1.065814E-14
44,5.329071E-15
44,2.664535E-15
44,1.332268E-15
44,6.661338E-16
44,3.330669E-16
44,1.665335E-16
44,8.326673E-17
44,4.163336E-17
44,2.081668E-17
44,1.040834E-17
44,5.20417E-18
44,2.602085E-18
44,1.301043E-18
44,6.505213E-19
44,3.252607E-19
44,1.626303E-19
44,8.131516E-20
44,4.065758E-20
44,2.032879E-20
44,1.01644E-20
44,5.082198E-21
44,2.541099E-21
44,1.270549E-21
44,6.352747E-22
44,3.176374E-22
44,1.588187E-22
44,7.940934E-23
44,3.970467E-23
44,1.985233E-23
44,9.926167E-24
44,4.963084E-24
44,2.481542E-24
44,1.240771E-24
44,6.203855E-25
44,3.101927E-25
44,1.550964E-25
44,7.754818E-26
44,3.877409E-26
44,1.938705E-26
44,9.693523E-27
44,4.846761E-27
44,2.423381E-27
44,1.21169E-27
44,6.058452E-28
44,3.029226E-28
44,1.514613E-28
44,7.573065E-29
44,3.786532E-29
44,1.893266E-29
44,9.466331E-30
44,4.733165E-30
44,2.366583E-30
44,1.183291E-30
44,5.916457E-31
44,2.958228E-31
44,1.479114E-31
44,7.395571E-32
44,3.697785E-32
44,1.848893E-32
44,9.244464E-33
44,4.622232E-33
44,2.311116E-33
44,1.155558E-33
44,5.77779E-34
44,2.888895E-34
44,1.444447E-34
44,7.222237E-35
44,3.611119E-35
44,1.805559E-35
44,9.027797E-36
44,4.513898E-36
44,2.256949E-36
44,1.128475E-36
44,5.642373E-37
44,2.821186E-37
44,1.410593E-37
44,7.052966E-38
44,3.526483E-38
44,1.763242E-38
44,8.816208E-39
44,4.408104E-39
44,2.204052E-39
44,1.102026E-39
44,5.51013E-40
44,2.755065E-40
44,1.377532E-40
44,6.887662E-41
44,3.443831E-41
44,1.721916E-41
44,8.609578E-42
44,4.304789E-42
44,2.152394E-42
44,1.076197E-42
44,5.380986E-43
44,2.690493E-43
44,1.345247E-43
44,6.726233E-44
44,3.363116E-44
44,1.681558E-44
44,8.407791E-45
44,4.203895E-45
44,2.802597E-45
44,1.401298E-45
44,0
44,0
44,0
44,0
44,0
44,0
44,0
44,0
44,0
44,0
44,0
44,0
44,0
44,0
44,0
44,0
44,0
44,0
44,0
44,0
44,0
44,0
44,0
44,0
44,0
44,0
44,0
44,0
44,0
44,0
44,0
44,0
44,0
44,0
44,0
44,0
44,0
44,0
44,0
44,0
44,0
44,0
44,0
44,0
44,0
44,0
44,0
44,0
44,0
44,0
44,0
44,0
44,0
44,0
44,0
44,0
44,0
44,0
44,0
44,0
44,0
44,0
44,0
44,0
44,0
44,0
44,0
44,0
44,0
44,0
44,0
44,0
44,0
44,0
44,0
44,0
44,0
44,0
44,0
44,0
44,0
44,0
44,0
44,0
44,0
44,0
44,0
44,0
44,0
44,0
44,0
44,0
44,0
44,0
44,0
44,0
44,0
44,0
44,0
44,0
44,0
44,0
44,0
44,0
44,0
44,0
44,0
44,0
44,0
44,0
44,0
44,0
44,0
44,0
44,0
44,0
44,0
44,0
44,0
44,0
44,0
44,0
44,0
44,0
44,0
44,0
44,0
44,0
44,0
44,0
44,0
44,0
44,0
44,0
44,0
44,0
44,0
44,0
35,4.5
35,2.25
35,1.125
35,0.5625
35,0.28125
35,0.140625
35,0.0703125
35,0.03515625
35,0.01757813
35,0.008789063
35,0.004394531
35,0.002197266
35,0.001098633
35,0.0005493164
35,0.0002746582
35,0.0001373291
35,6.866455E-05
35,3.433228E-05
35,1.716614E-05
35,8.583069E-06
35,4.291534E-06
35,2.145767E-06
35,1.072884E-06
35,5.364418E-07
35,2.682209E-07
35,1.341105E-07
35,6.705523E-08
35,3.352761E-08
35,1.676381E-08
35,8.381903E-09
35,4.190952E-09
35,2.095476E-09
35,1.047738E-09
35,5.238689E-10
35,2.619345E-10
35,1.309672E-10
35,6.548362E-11
35,3.274181E-11
35,1.63709E-11
35,8.185452E-12
35,4.092726E-12
35,2.046363E-12
35,1.023182E-12
35,5.115908E-13
35,2.557954E-13
35,1.278977E-13
35,6.394885E-14
35,3.197442E-14
35,1.598721E-14
35,7.993606E-15
35,3.996803E-15
35,1.998401E-15
35,9.992007E-16
35,4.996004E-16
35,2.498002E-16
35,1.249001E-16
35,6.245005E-17
35,3.122502E-17
35,1.561251E-17
35,7.806256E-18
35,3.903128E-18
35,1.951564E-18
35,9.75782E-19
35,4.87891E-19
35,2.439455E-19
35,1.219727E-19
35,6.098637E-20
35,3.049319E-20
35,1.524659E-20
35,7.623297E-21
35,3.811648E-21
35,1.905824E-21
35,9.529121E-22
35,4.76456E-22
35,2.38228E-22
35,1.19114E-22
35,5.9557E-23
35,2.97785E-23
35,1.488925E-23
35,7.444626E-24
35,3.722313E-24
35,1.861156E-24
35,9.305782E-25
35,4.652891E-25
35,2.326445E-25
35,1.163223E-25
35,5.816114E-26
35,2.908057E-26
35,1.454028E-26
35,7.270142E-27
35,3.635071E-27
35,1.817536E-27
35,9.087678E-28
35,4.543839E-28
35,2.271919E-28
35,1.13596E-28
35,5.679799E-29
35,2.839899E-29
35,1.41995E-29
35,7.099748E-30
35,3.549874E-30
35,1.774937E-30
35,8.874685E-31
35,4.437343E-31
35,2.218671E-31
35,1.109336E-31
35,5.546678E-32
35,2.773339E-32
35,1.38667E-32
35,6.933348E-33
35,3.466674E-33
35,1.733337E-33
35,8.666685E-34
35,4.333342E-34
35,2.166671E-34
35,1.083336E-34
35,5.416678E-35
35,2.708339E-35
35,1.354169E-35
35,6.770847E-36
35,3.385424E-36
35,1.692712E-36
35,8.463559E-37
35,4.23178E-37
35,2.11589E-37
35,1.057945E-37
35,5.289725E-38
35,2.644862E-38
35,1.322431E-38
35,6.612156E-39
35,3.306078E-39
35,1.653039E-39
35,8.265195E-40
35,4.132597E-40
35,2.066299E-40
35,1.033149E-40
35,5.165747E-41
35,2.582873E-41
35,1.291437E-41
35,6.457183E-42
35,3.228592E-42
35,1.614296E-42
35,8.071479E-43
35,4.03574E-43
35,2.01787E-43
35,1.008935E-43
35,5.044674E-44
35,2.522337E-44
35,1.261169E-44
35,5.605194E-45
35,2.802597E-45
35,1.401298E-45
35,0
35,0
35,0
35,0
35,0
35,0
35,0
35,0
35,0
35,0
35,0
35,0
35,0
35,0
35,0
35,0
35,0
35,0
35,0
35,0
35,0
35,0
35,0
35,0
35,0
35,0
35,0
35,0
35,0
35,0
35,0
35,0
35,0
35,0
35,0
35,0
35,0
35,0
35,0
35,0
35,0
35,0
35,0
35,0
35,0
35,0
35,0
35,0
35,0
35,0
35,0
35,0
35,0
35,0
35,0
35,0
35,0
35,0
35,0
35,0
35,0
35,0
35,0
35,0
35,0
35,0
35,0
35,0
35,0
35,0
35,0
35,0
35,0
35,0
35,0
35,0
35,0
35,0
35,0
35,0
35,0
35,0
35,0
35,0
35,0
35,0
35,0
35,0
35,0
35,0
35,0
35,0
35,0
35,0
35,0
35,0
34,0.5
34,0.25
34,0.125
34,0.0625
34,0.03125
34,0.015625
34,0.0078125
34,0.00390625
34,0.001953125
34,0.0009765625
34,0.0004882813
34,0.0002441406
34,0.0001220703
34,6.103516E-05
34,3.051758E-05
34,1.525879E-05
34,7.629395E-06
34,3.814697E-06
34,1.907349E-06
34,9.536743E-07
34,4.768372E-07
34,2.384186E-07
34,1.192093E-07
34,5.960464E-08
34,2.980232E-08
34,1.490116E-08
34,7.450581E-09
34,3.72529E-09
34,1.862645E-09
34,9.313226E-10
34,4.656613E-10
34,2.328306E-10
34,1.164153E-10
34,5.820766E-11
34,2.910383E-11
34,1.455192E-11
34,7.275958E-12
34,3.637979E-12
34,1.818989E-12
34,9.094947E-13
34,4.547474E-13
34,2.273737E-13
34,1.136868E-13
34,5.684342E-14
34,2.842171E-14
34,1.421085E-14
34,7.105427E-15
34,3.552714E-15
34,1.776357E-15
34,8.881784E-16
34,4.440892E-16
34,2.220446E-16
34,1.110223E-16
34,5.551115E-17
34,2.775558E-17
34,1.387779E-17
34,6.938894E-18
34,3.469447E-18
34,1.734723E-18
34,8.673617E-19
34,4.336809E-19
34,2.168404E-19
34,1.084202E-19
34,5.421011E-20
34,2.710505E-20
34,1.355253E-20
34,6.776264E-21
34,3.388132E-21
34,1.694066E-21
34,8.470329E-22
34,4.235165E-22
34,2.117582E-22
34,1.058791E-22
34,5.293956E-23
34,2.646978E-23
34,1.323489E-23
34,6.617445E-24
34,3.308722E-24
34,1.654361E-24
34,8.271806E-25
34,4.135903E-25
34,2.067952E-25
34,1.033976E-25
34,5.169879E-26
34,2.584939E-26
34,1.29247E-26
34,6.462349E-27
34,3.231174E-27
34,1.615587E-27
34,8.077936E-28
34,4.038968E-28
34,2.019484E-28
34,1.009742E-28
34,5.04871E-29
34,2.524355E-29
34,1.262177E-29
34,6.310887E-30
34,3.155444E-30
34,1.577722E-30
34,7.888609E-31
34,3.944305E-31
34,1.972152E-31
34,9.860761E-32
34,4.930381E-32
34,2.46519E-32
34,1.232595E-32
34,6.162976E-33
34,3.081488E-33
34,1.540744E-33
34,7.70372E-34
34,3.85186E-34
34,1.92593E-34
34,9.62965E-35
34,4.814825E-35
34,2.407412E-35
34,1.203706E-35
34,6.018531E-36
34,3.009266E-36
34,1.504633E-36
34,7.523164E-37
34,3.761582E-37
34,1.880791E-37
34,9.403955E-38
34,4.701977E-38
34,2.350989E-38
34,1.175494E-38
34,5.877472E-39
34,2.938736E-39
34,1.469368E-39
34,7.34684E-40
34,3.67342E-40
34,1.83671E-40
34,9.18355E-41
34,4.591775E-41
34,2.295887E-41
34,1.147944E-41
34,5.739719E-42
34,2.869859E-42
34,1.43493E-42
34,7.174648E-43
34,3.587324E-43
34,1.793662E-43
34,8.96831E-44
34,4.484155E-44
34,2.242078E-44
34,1.121039E-44
34,5.605194E-45
34,2.802597E-45
34,1.401298E-45
34,0
34,0
34,0
34,0
34,0
34,0
34,0
34,0
34,0
34,0
34,0
34,0
34,0
34,0
34,0
34,0
34,0
34,0
34,0
34,0
34,0
34,0
34,0
34,0
34,0
34,0
34,0
34,0
34,0
34,0
34,0
34,0
34,0
34,0
34,0
34,0
34,0
34,0
34,0
34,0
34,0
34,0
34,0
34,0
34,0
34,0
34,0
34,0
34,0
34,0
34,0
34,0
34,0
34,0
34,0
34,0
34,0
34,0
34,0
34,0
34,0
34,0
34,0
34,0
34,0
34,0
34,0
34,0
34,0
34,0
34,0
34,0
34,0
34,0
34,0
34,0
34,0
34,0
34,0
34,0
34,0
34,0
34,0
34,0
34,0
34,0
34,0
34,0
34,0
34,0
34,0
34,0
34,0
34,0
34,0
34,0
34,0
34,0
34,0
34,0
34,0
34,0
34,0
34,0
34,0
36,1
36,0.5
36,0.25
36,0.125
36,0.0625
36,0.03125
36,0.015625
36,0.0078125
36,0.00390625
36,0.001953125
36,0.0009765625
36,0.0004882813
36,0.0002441406
36,0.0001220703
36,6.103516E-05
36,3.051758E-05
36,1.525879E-05
36,7.629395E-06
36,3.814697E-06
36,1.907349E-06
36,9.536743E-07
36,4.768372E-07
36,2.384186E-07
36,1.192093E-07
36,5.960464E-08
36,2.980232E-08
36,1.490116E-08
36,7.450581E-09
36,3.72529E-09
36,1.862645E-09
36,9.313226E-10
36,4.656613E-10
36,2.328306E-10
36,1.164153E-10
36,5.820766E-11
36,2.910383E-11
36,1.455192E-11
36,7.275958E-12
36,3.637979E-12
36,1.818989E-12
36,9.094947E-13
36,4.547474E-13
36,2.273737E-13
36,1.136868E-13
36,5.684342E-14
36,2.842171E-14
36,1.421085E-14
36,7.105427E-15
36,3.552714E-15
36,1.776357E-15
36,8.881784E-16
36,4.440892E-16
36,2.220446E-16
36,1.110223E-16
36,5.551115E-17
36,2.775558E-17
36,1.387779E-17
36,6.938894E-18
36,3.469447E-18
36,1.734723E-18
36,8.673617E-19
36,4.336809E-19
36,2.168404E-19
36,1.084202E-19
36,5.421011E-20
36,2.710505E-20
36,1.355253E-20
36,6.776264E-21
36,3.388132E-21
36,1.694066E-21
36,8.470329E-22
36,4.235165E-22
36,2.117582E-22
36,1.058791E-22
36,5.293956E-23
36,2.646978E-23
36,1.323489E-23
36,6.617445E-24
36,3.308722E-24
36,1.654361E-24
36,8.271806E-25
36,4.135903E-25
36,2.067952E-25
36,1.033976E-25
36,5.169879E-26
36,2.584939E-26
36,1.29247E-26
36,6.462349E-27
36,3.231174E-27
36,1.615587E-27
36,8.077936E-28
36,4.038968E-28
36,2.019484E-28
36,1.009742E-28
36,5.04871E-29
36,2.524355E-29
36,1.262177E-29
36,6.310887E-30
36,3.155444E-30
36,1.577722E-30
36,7.888609E-31
36,3.944305E-31
36,1.972152E-31
36,9.860761E-32
36,4.930381E-32
36,2.46519E-32
36,1.232595E-32
36,6.162976E-33
36,3.081488E-33
36,1.540744E-33
36,7.70372E-34
36,3.85186E-34
36,1.92593E-34
36,9.62965E-35
36,4.814825E-35
36,2.407412E-35
36,1.203706E-35
36,6.018531E-36
36,3.009266E-36
36,1.504633E-36
36,7.523164E-37
36,3.761582E-37
36,1.880791E-37
36,9.403955E-38
36,4.701977E-38
36,2.350989E-38
36,1.175494E-38
36,5.877472E-39
36,2.938736E-39
36,1.469368E-39
36,7.34684E-40
36,3.67342E-40
36,1.83671E-40
36,9.18355E-41
36,4.591775E-41
36,2.295887E-41
36,1.147944E-41
36,5.739719E-42
36,2.869859E-42
36,1.43493E-42
36,7.174648E-43
36,3.587324E-43
36,1.793662E-43
36,8.96831E-44
36,4.484155E-44
36,2.242078E-44
36,1.121039E-44
36,5.605194E-45
36,2.802597E-45
36,1.401298E-45
36,0
36,0
36,0
36,0
36,0
36,0
36,0
36,0
36,0
36,0
36,0
36,0
36,0
36,0
36,0
36,0
36,0
36,0
36,0
36,0
36,0
36,0
36,0
36,0
36,0
36,0
36,0
36,0
36,0
36,0
36,0
36,0
36,0
36,0
36,0
36,0
36,0
36,0
36,0
36,0
36,0
36,0
36,0
36,0
36,0
36,0
36,0
36,0
36,0
36,0
36,0
36,0
36,0
36,0
36,0
36,0
36,0
36,0
36,0
36,0
36,0
36,0
36,0
36,0
36,0
36,0
36,0
36,0
36,0
36,0
36,0
36,0
36,0
36,0
36,0
36,0
36,0
36,0
36,0
36,0
36,0
36,0
36,0
36,0
36,0
36,0
36,0
36,0
36,0
36,0
36,0
36,0
36,0
36,0
36,0
36,0
36,0
36,0
36,0
36,0
36,0
36,0
36,0
36,0
36,0
36,0
36,0
36,0
36,0
36,0
36,0
36,0
36,0
36,0
36,0
36,0
36,0
36,0
36,0
36,0
36,0
36,0
36,0
36,0
36,0
36,0
36,0
36,0
36,0
36,0
36,0
36,0
36,0
36,0
36,0
36,0
36,0
36,0
36,0
36,0
36,0
36,0
36,0
36,0
36,0
36,0
36,0
36,0
36,0
36,0
36,0
36,0
36,0
36,0
36,0
36,0
36,0
36,0
36,0
36,0
36,0
36,0
36,0
36,0
36,0
36,0
36,0
36,0
36,0
36,0
36,0
36,0
36,0
36,0
36,0
36,0
36,0
36,0
36,0
36,0
36,0
36,0
36,0
36,0
36,0
36,0
36,0
36,0
36,0
36,0
36,0
36,0
36,0
36,0
36,0
36,0
36,0
36,0
36,0
36,0
36,0
36,0
36,0
36,0
36,0
36,0
36,0
36,0
36,0
36,0
36,0
36,0
36,0
36,0
36,0
36,0
36,0
36,0
36,0
36,0
36,0
36,0
36,0
36,0
36,0
36,0
36,0
36,0
36,0
36,0
36,0
36,0
36,0
36,0
36,0
36,0
36,0
36,0
36,0
36,0
36,0
36,0
36,0
36,0
36,0
36,0
36,0
36,0
36,0
36,0
36,0
36,0
36,0
36,0
36,0
36,0
36,0
36,0
36,0
36,0
36,0
36,0
36,0
36,0
36,0
36,0
36,0
36,0
36,0
36,0
36,0
36,0
36,0
36,0
36,0
36,0
36,0
36,0
36,0
36,0
36,0
36,0
36,0
36,0
36,0
36,0
36,0
36,0
36,0
36,0
36,0
36,0
36,0
36,0
36,0
36,0
36,0
36,0
36,0
36,0
36,0
36,0
36,0
36,0
36,0
36,0
36,0
36,0
36,0
36,0
36,0
36,0
36,0
36,0
36,0
36,0
36,0
36,0
36,0
36,0
36,0
36,0
36,0
36,0
36,0
36,0
36,0
36,0
36,0
36,0
36,0
36,0
36,0
36,0
36,0
36,0
36,0
36,0
36,0
36,0
36,0
36,0
36,0
36,0
36,0
36,0
36,0
36,0
36,0
36,0
36,0
36,0
36,0
36,0
36,0
36,0
36,0
36,0
36,0
36,0
36,0
36,0
36,0
36,0
36,0
36,0
36,0
36,0
36,0
36,0
36,0
36,0
36,0
36,0
36,0
36,0
36,0
36,0
36,0
36,0
36,0
36,0
36,0
36,0
36,0
36,0
36,0
36,0
36,0
36,0
36,0
36,0
36,0
36,0
36,0
36,0
36,0
36,0
36,0
36,0
36,0
36,0
36,0
36,0
36,0
36,0
36,0
36,0
36,0
36,0
36,0
36,0
36,0
36,0
36,0
36,0
36,0
36,0
36,0
36,0
36,0
36,0
36,0
36,0
36,0
36,0
36,0
36,0
36,0
36,0
36,0
36,0
36,0
36,0
36,0
36,0
36,0
36,0
36,0
36,0
36,0
36,0
36,0
36,0
36,0
36,0
36,0
36,0
36,0
36,0
36,0
36,0
36,0
36,0
36,0
36,0
36,0
36,0
36,0
36,0
36,0
36,0
36,0
36,0
36,0
36,0
36,0
36,0
36,0
36,0
36,0
36,0
36,0
36,0
36,0
36,0
36,0
36,0
36,0
36,0
36,0
36,0
36,0
36,0
36,0
36,0
36,0
36,0
36,0
36,0
36,0
36,0
36,0
36,0
36,0
36,0
36,0
36,0
36,0
36,0
36,0
36,0
36,0
36,0
36,0
36,0
36,0
36,0
36,0
36,0
36,0
36,0
36,0
36,0
36,0
36,0
36,0
36,0
36,0
36,0
36,0
36,0
36,0
36,0
36,0
36,0
36,0
36,0
36,0
36,0
36,0
36,0
36,0
36,0
36,0
36,0
36,0
36,0
36,0
36,0
36,0
36,0
36,0
36,0
36,0
36,0
36,0
36,0
36,0
36,0
36,0
36,0
36,0
36,0
36,0
36,0
36,0
36,0
36,0
36,0
36,0
36,0
36,0
36,0
36,0
36,0
36,0
36,0
36,0
36,0
36,0
36,0
36,0
36,0
36,0
36,0
36,0
36,0
36,0
36,0
36,0
36,0
36,0
36,0
36,0
36,0
36,0
36,0
36,0
36,0
36,0
36,0
36,0
36,0
36,0
36,0
36,0
36,0
36,0
36,0
36,0
36,0
36,0
36,0
36,0
36,0
36,0
36,0
36,0
36,0
36,0
36,0
36,0
36,0
36,0
36,0
36,0
36,0
36,0
36,0
36,0
36,0
36,0
36,0
36,0
36,0
36,0
36,0
36,0
36,0
36,0
36,0
36,0
36,0
36,0
36,0
36,0
36,0
36,0
36,0
36,0
36,0
36,0
36,0
36,0
36,0
36,0
36,0
36,0
36,0
36,0
36,0
36,0
36,0
36,0
36,0
36,0
36,0
36,0
36,0
36,0
36,0
36,0
36,0
36,0
36,0
36,0
36,0
36,0
36,0
36,0
36,0
36,0
36,0
302,133
302,66.5
302,33.25
302,16.625
302,8.3125
302,4.15625
302,2.078125
302,1.039063
302,0.5195313
302,0.2597656
302,0.1298828
302,0.06494141
302,0.0324707
302,0.01623535
302,0.008117676
302,0.004058838
302,0.002029419
302,0.001014709
302,0.0005073547
302,0.0002536774
302,0.0001268387
302,6.341934E-05
302,3.170967E-05
302,1.585484E-05
302,7.927418E-06
302,3.963709E-06
302,1.981854E-06
302,9.909272E-07
302,4.954636E-07
302,2.477318E-07
302,1.238659E-07
302,6.193295E-08
302,3.096648E-08
302,1.548324E-08
302,7.741619E-09
302,3.870809E-09
302,1.935405E-09
302,9.677024E-10
302,4.838512E-10
302,2.419256E-10
302,1.209628E-10
302,6.04814E-11
302,3.02407E-11
302,1.512035E-11
302,7.560175E-12
302,3.780087E-12
302,1.890044E-12
302,9.450218E-13
302,4.725109E-13
302,2.362555E-13
302,1.181277E-13
302,5.906386E-14
302,2.953193E-14
302,1.476597E-14
302,7.382983E-15
302,3.691492E-15
302,1.845746E-15
302,9.228729E-16
302,4.614364E-16
302,2.307182E-16
302,1.153591E-16
302,5.767956E-17
302,2.883978E-17
302,1.441989E-17
302,7.209944E-18
302,3.604972E-18
302,1.802486E-18
242,30
242,15
242,7.5
242,3.75
242,1.875
242,0.9375
242,0.46875
242,0.234375
242,0.1171875
242,0.05859375
242,0.02929688
242,0.01464844
242,0.007324219
242,0.003662109
242,0.001831055
242,0.0009155273
242,0.0004577637
242,0.0002288818
242,0.0001144409
242,5.722046E-05
242,2.861023E-05
242,1.430511E-05
242,7.152557E-06
242,3.576279E-06
242,1.788139E-06
242,8.940697E-07
242,4.470348E-07
242,2.235174E-07
242,1.117587E-07
242,5.587935E-08
242,2.793968E-08
242,1.396984E-08
242,6.984919E-09
242,3.49246E-09
242,1.74623E-09
242,8.731149E-10
242,4.365575E-10
242,2.182787E-10
242,1.091394E-10
242,5.456968E-11
242,2.728484E-11
242,1.364242E-11
242,6.82121E-12
242,3.410605E-12
242,1.705303E-12
242,8.526513E-13
242,4.263256E-13
242,2.131628E-13
242,1.065814E-13
242,5.329071E-14
242,2.664535E-14
242,1.332268E-14
242,6.661338E-15
242,3.330669E-15
242,1.665335E-15
242,8.326673E-16
242,4.163336E-16
242,2.081668E-16
242,1.040834E-16
242,5.20417E-17
242,2.602085E-17
242,1.301043E-17
242,6.505213E-18
242,3.252607E-18
242,1.626303E-18
242,8.131516E-19
242,4.065758E-19
242,2.032879E-19
242,1.01644E-19
242,5.082198E-20
242,2.541099E-20
242,1.270549E-20
242,6.352747E-21
242,3.176374E-21
242,1.588187E-21
242,7.940934E-22
242,3.970467E-22
242,1.985233E-22
242,9.926167E-23
242,4.963084E-23
242,2.481542E-23
242,1.240771E-23
242,6.203855E-24
242,3.101927E-24
242,1.550964E-24
242,7.754818E-25
242,3.877409E-25
242,1.938705E-25
242,9.693523E-26
242,4.846761E-26
242,2.423381E-26
242,1.21169E-26
242,6.058452E-27
242,3.029226E-27
242,1.514613E-27
242,7.573065E-28
242,3.786532E-28
242,1.893266E-28
242,9.466331E-29
242,4.733165E-29
242,2.366583E-29
242,1.183291E-29
242,5.916457E-30
242,2.958228E-30
242,1.479114E-30
242,7.395571E-31
242,3.697785E-31
242,1.848893E-31
242,9.244464E-32
242,4.622232E-32
242,2.311116E-32
242,1.155558E-32
242,5.77779E-33
242,2.888895E-33
242,1.444447E-33
242,7.222237E-34
242,3.611119E-34
242,1.805559E-34
242,9.027797E-35
242,4.513898E-35
242,2.256949E-35
242,1.128475E-35
242,5.642373E-36
242,2.821186E-36
242,1.410593E-36
242,7.052966E-37
242,3.526483E-37
242,1.763242E-37
242,8.816208E-38
242,4.408104E-38
242,2.204052E-38
242,1.102026E-38
242,5.51013E-39
242,2.755065E-39
242,1.377532E-39
242,6.887662E-40
242,3.443831E-40
242,1.721916E-40
242,8.609578E-41
242,4.304789E-41
242,2.152394E-41
242,1.076197E-41
242,5.380986E-42
242,2.690493E-42
242,1.345247E-42
242,6.726233E-43
242,3.363116E-43
242,1.681558E-43
242,8.407791E-44
242,4.203895E-44
242,2.101948E-44
242,1.121039E-44
242,5.605194E-45
242,2.802597E-45
242,1.401298E-45
242,0
242,0
242,0
242,0
242,0
242,0
242,0
242,0
242,0
242,0
242,0
242,0
242,0
242,0
242,0
242,0
242,0
242,0
242,0
242,0
242,0
242,0
242,0
242,0
242,0
242,0
242,0
242,0
242,0
242,0
242,0
242,0
242,0
242,0
242,0
242,0
242,0
242,0
242,0
242,0
242,0
242,0
242,0
242,0
242,0
242,0
242,0
242,0
242,0
242,0
242,0
242,0
242,0
242,0
242,0
242,0
242,0
242,0
242,0
242,0
242,0
242,0
242,0
242,0
242,0
242,0
242,0
242,0
242,0
242,0
242,0
242,0
242,0
242,0
242,0
242,0
242,0
242,0
242,0
242,0
242,0
242,0
242,0
242,0
242,0
242,0
242,0
242,0
242,0
242,0
242,0
242,0
242,0
242,0
242,0
242,0
242,0
242,0
242,0
242,0
242,0
242,0
242,0
242,0
242,0
242,0
242,0
242,0
242,0
242,0
242,0
242,0
242,0
242,0
242,0
242,0
242,0
242,0
175,33.5
175,16.75
175,8.375
175,4.1875
175,2.09375
175,1.046875
175,0.5234375
175,0.2617188
175,0.1308594
175,0.06542969
175,0.03271484
175,0.01635742
175,0.008178711
175,0.004089355
175,0.002044678
175,0.001022339
175,0.0005111694
175,0.0002555847
175,0.0001277924
175,6.389618E-05
175,3.194809E-05
175,1.597404E-05
175,7.987022E-06
175,3.993511E-06
175,1.996756E-06
175,9.983778E-07
175,4.991889E-07
175,2.495944E-07
175,1.247972E-07
175,6.239861E-08
175,3.119931E-08
175,1.559965E-08
175,7.799827E-09
175,3.899913E-09
175,1.949957E-09
175,9.749783E-10
175,4.874892E-10
175,2.437446E-10
175,1.218723E-10
175,6.093615E-11
175,3.046807E-11
175,1.523404E-11
175,7.617018E-12
175,3.808509E-12
175,1.904255E-12
175,9.521273E-13
175,4.760636E-13
175,2.380318E-13
175,1.190159E-13
175,5.950795E-14
175,2.975398E-14
175,1.487699E-14
175,7.438494E-15
175,3.719247E-15
175,1.859624E-15
175,9.298118E-16
175,4.649059E-16
175,2.324529E-16
175,1.162265E-16
175,5.811324E-17
175,2.905662E-17
175,1.452831E-17
175,7.264155E-18
175,3.632077E-18
175,1.816039E-18
175,9.080193E-19
175,4.540097E-19
175,2.270048E-19
175,1.135024E-19
175,5.675121E-20
175,2.83756E-20
175,1.41878E-20
175,7.093901E-21
175,3.54695E-21
175,1.773475E-21
175,8.867376E-22
175,4.433688E-22
175,2.216844E-22
175,1.108422E-22
175,5.54211E-23
175,2.771055E-23
175,1.385528E-23
175,6.927638E-24
175,3.463819E-24
175,1.731909E-24
175,8.659547E-25
175,4.329774E-25
175,2.164887E-25
175,1.082443E-25
175,5.412217E-26
175,2.706108E-26
175,1.353054E-26
175,6.765271E-27
175,3.382636E-27
175,1.691318E-27
175,8.456589E-28
175,4.228294E-28
175,2.114147E-28
175,1.057074E-28
175,5.285368E-29
175,2.642684E-29
175,1.321342E-29
175,6.60671E-30
175,3.303355E-30
175,1.651678E-30
175,8.258388E-31
175,4.129194E-31
175,2.064597E-31
175,1.032298E-31
175,5.161492E-32
175,2.580746E-32
175,1.290373E-32
175,6.451865E-33
175,3.225933E-33
175,1.612966E-33
175,8.064832E-34
175,4.032416E-34
175,2.016208E-34
175,1.008104E-34
175,5.04052E-35
175,2.52026E-35
175,1.26013E-35
175,6.30065E-36
175,3.150325E-36
175,1.575162E-36
175,7.875812E-37
175,3.937906E-37
175,1.968953E-37
175,9.844765E-38
175,4.922383E-38
175,2.461191E-38
175,1.230596E-38
175,6.152978E-39
175,3.076489E-39
175,1.538245E-39
175,7.691223E-40
175,3.845611E-40
175,1.922806E-40
175,9.614029E-41
175,4.807014E-41
175,2.403507E-41
175,1.201754E-41
175,6.008768E-42
175,3.004384E-42
175,1.502192E-42
175,7.51096E-43
175,3.75548E-43
175,1.87774E-43
175,9.3887E-44
175,4.764415E-44
175,2.382207E-44
175,1.121039E-44
175,5.605194E-45
175,2.802597E-45
175,1.401298E-45
175,0
175,0
175,0
175,0
175,0
175,0
175,0
175,0
175,0
175,0
175,0
175,0
175,0
175,0
175,0
175,0
175,0
175,0
175,0
175,0
175,0
175,0
175,0
175,0
175,0
175,0
175,0
175,0
175,0
175,0
175,0
175,0
175,0
175,0
175,0
175,0
175,0
175,0
175,0
175,0
175,0
175,0
175,0
175,0
175,0
175,0
175,0
175,0
175,0
175,0
175,0
175,0
175,0
175,0
175,0
175,0
175,0
175,0
175,0
175,0
175,0
175,0
175,0
175,0
175,0
175,0
175,0
175,0
175,0
175,0
175,0
175,0
175,0
175,0
175,0
175,0
175,0
175,0
175,0
175,0
175,0
175,0
175,0
175,0
175,0
175,0
175,0
175,0
175,0
175,0
175,0
175,0
175,0
175,0
175,0
175,0
175,0
175,0
175,0
175,0
175,0
175,0
175,0
175,0
175,0
175,0
175,0
175,0
175,0
175,0
175,0
175,0
175,0
175,0
175,0
175,0
175,0
175,0
175,0
175,0
175,0
175,0
175,0
175,0
175,0
175,0
175,0
175,0
175,0
175,0
175,0
175,0
175,0
175,0
175,0
175,0
175,0
175,0
175,0
175,0
175,0
175,0
175,0
175,0
175,0
175,0
128,23.5
128,11.75
128,5.875
128,2.9375
128,1.46875
128,0.734375
128,0.3671875
128,0.1835938
128,0.09179688
128,0.04589844
128,0.02294922
128,0.01147461
128,0.005737305
128,0.002868652
128,0.001434326
128,0.0007171631
128,0.0003585815
128,0.0001792908
128,8.964539E-05
128,4.482269E-05
128,2.241135E-05
128,1.120567E-05
128,5.602837E-06
128,2.801418E-06
128,1.400709E-06
128,7.003546E-07
128,3.501773E-07
128,1.750886E-07
128,8.754432E-08
128,4.377216E-08
128,2.188608E-08
128,1.094304E-08
128,5.47152E-09
128,2.73576E-09
128,1.36788E-09
128,6.8394E-10
128,3.4197E-10
128,1.70985E-10
128,8.54925E-11
128,4.274625E-11
128,2.137313E-11
128,1.068656E-11
128,5.343281E-12
128,2.671641E-12
128,1.33582E-12
128,6.679102E-13
128,3.339551E-13
128,1.669775E-13
128,8.348877E-14
128,4.174439E-14
128,2.087219E-14
128,1.04361E-14
128,5.218048E-15
128,2.609024E-15
128,1.304512E-15
128,6.52256E-16
128,3.26128E-16
128,1.63064E-16
128,8.1532E-17
128,4.0766E-17
128,2.0383E-17
128,1.01915E-17
128,5.09575E-18
128,2.547875E-18
128,1.273938E-18
128,6.369688E-19
128,3.184844E-19
128,1.592422E-19
128,7.96211E-20
128,3.981055E-20
128,1.990527E-20
128,9.952637E-21
128,4.976319E-21
128,2.488159E-21
128,1.24408E-21
128,6.220398E-22
128,3.110199E-22
128,1.5551E-22
128,7.775498E-23
128,3.887749E-23
128,1.943874E-23
128,9.719372E-24
128,4.859686E-24
128,2.429843E-24
128,1.214922E-24
128,6.074608E-25
128,3.037304E-25
128,1.518652E-25
128,7.59326E-26
128,3.79663E-26
128,1.898315E-26
128,9.491574E-27
128,4.745787E-27
128,2.372894E-27
128,1.186447E-27
128,5.932234E-28
128,2.966117E-28
128,1.483059E-28
128,7.415293E-29
128,3.707646E-29
128,1.853823E-29
128,9.269116E-30
128,4.634558E-30
128,2.317279E-30
128,1.158639E-30
128,5.793197E-31
128,2.896599E-31
128,1.448299E-31
128,7.241497E-32
128,3.620748E-32
128,1.810374E-32
128,9.051871E-33
128,4.525935E-33
128,2.262968E-33
128,1.131484E-33
128,5.657419E-34
128,2.82871E-34
128,1.414355E-34
128,7.071774E-35
128,3.535887E-35
128,1.767944E-35
128,8.839718E-36
128,4.419859E-36
128,2.209929E-36
128,1.104965E-36
128,5.524823E-37
128,2.762412E-37
128,1.381206E-37
128,6.906029E-38
128,3.453015E-38
128,1.726507E-38
128,8.632537E-39
128,4.316268E-39
128,2.158134E-39
128,1.079067E-39
128,5.395335E-40
128,2.697668E-40
128,1.348834E-40
128,6.744169E-41
128,3.372085E-41
128,1.686042E-41
128,8.430212E-42
128,4.215106E-42
128,2.107553E-42
128,1.053776E-42
128,5.268882E-43
128,2.634441E-43
128,1.317221E-43
128,6.586103E-44
128,3.363116E-44
128,1.681558E-44
128,8.407791E-45
128,4.203895E-45
128,2.802597E-45
128,1.401298E-45
128,0
128,0
128,0
128,0
128,0
128,0
128,0
128,0
128,0
128,0
128,0
128,0
128,0
128,0
128,0
128,0
128,0
128,0
128,0
128,0
128,0
128,0
128,0
128,0
128,0
128,0
128,0
128,0
128,0
128,0
128,0
128,0
128,0
128,0
128,0
128,0
128,0
128,0
128,0
128,0
128,0
128,0
128,0
128,0
128,0
128,0
128,0
128,0
128,0
128,0
128,0
128,0
128,0
128,0
128,0
128,0
128,0
128,0
128,0
128,0
128,0
128,0
128,0
128,0
128,0
128,0
128,0
128,0
128,0
128,0
128,0
128,0
128,0
128,0
128,0
128,0
128,0
128,0
128,0
128,0
128,0
128,0
128,0
128,0
128,0
128,0
128,0
128,0
128,0
128,0
128,0
128,0
128,0
128,0
128,0
128,0
128,0
128,0
128,0
128,0
128,0
128,0
128,0
128,0
128,0
128,0
128,0
128,0
128,0
95,16.5
95,8.25
95,4.125
95,2.0625
95,1.03125
95,0.515625
95,0.2578125
95,0.1289063
95,0.06445313
95,0.03222656
95,0.01611328
95,0.008056641
95,0.00402832
95,0.00201416
95,0.00100708
95,0.00050354
95,0.00025177
95,0.000125885
95,6.29425E-05
95,3.147125E-05
95,1.573563E-05
95,7.867813E-06
95,3.933907E-06
95,1.966953E-06
95,9.834766E-07
95,4.917383E-07
95,2.458692E-07
95,1.229346E-07
95,6.146729E-08
95,3.073364E-08
95,1.536682E-08
95,7.683411E-09
95,3.841706E-09
95,1.920853E-09
95,9.604264E-10
95,4.802132E-10
95,2.401066E-10
95,1.200533E-10
95,6.002665E-11
95,3.001333E-11
95,1.500666E-11
95,7.503331E-12
95,3.751666E-12
95,1.875833E-12
95,9.379164E-13
95,4.689582E-13
95,2.344791E-13
95,1.172396E-13
95,5.861978E-14
95,2.930989E-14
95,1.465494E-14
95,7.327472E-15
95,3.663736E-15
95,1.831868E-15
95,9.15934E-16
95,4.57967E-16
95,2.289835E-16
95,1.144917E-16
95,5.724587E-17
95,2.862294E-17
95,1.431147E-17
95,7.155734E-18
95,3.577867E-18
95,1.788934E-18
95,8.944668E-19
95,4.472334E-19
95,2.236167E-19
95,1.118083E-19
95,5.590417E-20
95,2.795209E-20
95,1.397604E-20
95,6.988022E-21
95,3.494011E-21
95,1.747005E-21
95,8.735027E-22
95,4.367514E-22
95,2.183757E-22
95,1.091878E-22
95,5.459392E-23
95,2.729696E-23
95,1.364848E-23
95,6.82424E-24
95,3.41212E-24
95,1.70606E-24
95,8.5303E-25
95,4.26515E-25
95,2.132575E-25
95,1.066288E-25
95,5.331438E-26
95,2.665719E-26
95,1.332859E-26
95,6.664297E-27
95,3.332148E-27
95,1.666074E-27
95,8.330371E-28
95,4.165186E-28
95,2.082593E-28
95,1.041296E-28
95,5.206482E-29
95,2.603241E-29
95,1.30162E-29
95,6.508102E-30
95,3.254051E-30
95,1.627026E-30
95,8.135128E-31
95,4.067564E-31
95,2.033782E-31
95,1.016891E-31
95,5.084455E-32
95,2.542228E-32
95,1.271114E-32
95,6.355569E-33
95,3.177784E-33
95,1.588892E-33
95,7.944461E-34
95,3.972231E-34
95,1.986115E-34
95,9.930576E-35
95,4.965288E-35
95,2.482644E-35
95,1.241322E-35
95,6.20661E-36
95,3.103305E-36
95,1.551653E-36
95,7.758263E-37
95,3.879131E-37
95,1.939566E-37
95,9.697828E-38
95,4.848914E-38
95,2.424457E-38
95,1.212229E-38
95,6.061143E-39
95,3.030571E-39
95,1.515286E-39
95,7.576428E-40
95,3.788214E-40
95,1.894107E-40
95,9.470536E-41
95,4.735268E-41
95,2.367634E-41
95,1.183817E-41
95,5.919085E-42
95,2.959542E-42
95,1.479771E-42
95,7.398856E-43
95,3.699428E-43
95,1.849714E-43
95,9.24857E-44
95,4.624285E-44
95,2.242078E-44
95,1.121039E-44
95,5.605194E-45
95,2.802597E-45
95,1.401298E-45
95,0
95,0
95,0
95,0
95,0
95,0
95,0
95,0
95,0
95,0
95,0
95,0
95,0
95,0
95,0
95,0
95,0
95,0
95,0
95,0
95,0
95,0
95,0
95,0
95,0
95,0
95,0
95,0
95,0
95,0
95,0
95,0
95,0
95,0
95,0
95,0
95,0
95,0
95,0
95,0
95,0
95,0
95,0
95,0
95,0
95,0
95,0
95,0
95,0
95,0
95,0
95,0
95,0
95,0
95,0
95,0
95,0
95,0
95,0
95,0
95,0
95,0
95,0
95,0
95,0
95,0
95,0
95,0
95,0
95,0
95,0
95,0
95,0
95,0
95,0
95,0
95,0
95,0
95,0
95,0
95,0
95,0
95,0
95,0
95,0
95,0
95,0
95,0
95,0
72,11.5
72,5.75
72,2.875
72,1.4375
72,0.71875
72,0.359375
72,0.1796875
72,0.08984375
72,0.04492188
72,0.02246094
72,0.01123047
72,0.005615234
72,0.002807617
72,0.001403809
72,0.0007019043
72,0.0003509521
72,0.0001754761
72,8.773804E-05
72,4.386902E-05
72,2.193451E-05
72,1.096725E-05
72,5.483627E-06
72,2.741814E-06
72,1.370907E-06
72,6.854534E-07
72,3.427267E-07
72,1.713634E-07
72,8.568168E-08
72,4.284084E-08
72,2.142042E-08
72,1.071021E-08
72,5.355105E-09
72,2.677552E-09
72,1.338776E-09
72,6.693881E-10
72,3.346941E-10
72,1.67347E-10
72,8.367351E-11
72,4.183676E-11
72,2.091838E-11
72,1.045919E-11
72,5.229595E-12
72,2.614797E-12
72,1.307399E-12
72,6.536993E-13
72,3.268497E-13
72,1.634248E-13
72,8.171241E-14
72,4.085621E-14
72,2.04281E-14
72,1.021405E-14
72,5.107026E-15
72,2.553513E-15
72,1.276756E-15
72,6.383782E-16
72,3.191891E-16
72,1.595946E-16
72,7.979728E-17
72,3.989864E-17
72,1.994932E-17
72,9.97466E-18
72,4.98733E-18
72,2.493665E-18
72,1.246832E-18
72,6.234162E-19
72,3.117081E-19
72,1.558541E-19
72,7.792703E-20
72,3.896352E-20
72,1.948176E-20
72,9.740879E-21
72,4.870439E-21
72,2.43522E-21
72,1.21761E-21
72,6.088049E-22
72,3.044025E-22
72,1.522012E-22
72,7.610062E-23
72,3.805031E-23
72,1.902515E-23
72,9.512577E-24
72,4.756289E-24
72,2.378144E-24
72,1.189072E-24
72,5.945361E-25
72,2.97268E-25
72,1.48634E-25
72,7.431701E-26
72,3.71585E-26
72,1.857925E-26
72,9.289626E-27
72,4.644813E-27
72,2.322407E-27
72,1.161203E-27
72,5.806016E-28
72,2.903008E-28
72,1.451504E-28
72,7.25752E-29
72,3.62876E-29
72,1.81438E-29
72,9.0719E-30
72,4.53595E-30
72,2.267975E-30
72,1.133988E-30
72,5.669938E-31
72,2.834969E-31
72,1.417484E-31
72,7.087422E-32
72,3.543711E-32
72,1.771856E-32
72,8.859278E-33
72,4.429639E-33
72,2.214819E-33
72,1.10741E-33
72,5.537049E-34
72,2.768524E-34
72,1.384262E-34
72,6.921311E-35
72,3.460655E-35
72,1.730328E-35
72,8.651638E-36
72,4.325819E-36
72,2.16291E-36
72,1.081455E-36
72,5.407274E-37
72,2.703637E-37
72,1.351819E-37
72,6.759093E-38
72,3.379546E-38
72,1.689773E-38
72,8.448866E-39
72,4.224433E-39
72,2.112216E-39
72,1.056108E-39
72,5.280541E-40
72,2.640271E-40
72,1.320135E-40
72,6.600676E-41
72,3.300338E-41
72,1.650169E-41
72,8.250845E-42
72,4.125423E-42
72,2.062711E-42
72,1.031356E-42
72,5.156778E-43
72,2.578389E-43
72,1.289195E-43
72,6.445973E-44
72,3.222986E-44
72,1.681558E-44
72,8.407791E-45
72,4.203895E-45
72,2.802597E-45
72,1.401298E-45
72,0
72,0
72,0
72,0
72,0
72,0
72,0
72,0
72,0
72,0
72,0
72,0
72,0
72,0
72,0
72,0
72,0
72,0
72,0
72,0
72,0
72,0
72,0
72,0
72,0
72,0
72,0
72,0
72,0
72,0
72,0
72,0
72,0
72,0
72,0
72,0
72,0
72,0
72,0
72,0
72,0
72,0
72,0
72,0
72,0
72,0
72,0
72,0
72,0
72,0
72,0
72,0
72,0
72,0
72,0
72,0
72,0
72,0
72,0
72,0
72,0
72,0
72,0
72,0
72,0
72,0
72,0
72,0
72,0
72,0
72,0
72,0
72,0
72,0
72,0
72,0
72,0
72,0
72,0
72,0
72,0
72,0
72,0
72,0
72,0
72,0
72,0
72,0
72,0
72,0
72,0
72,0
72,0
72,0
72,0
72,0
72,0
72,0
72,0
72,0
72,0
72,0
72,0
72,0
72,0
72,0
72,0
72,0
72,0
72,0
72,0
72,0
72,0
72,0
72,0
72,0
72,0
72,0
72,0
72,0
72,0
72,0
72,0
72,0
72,0
72,0
72,0
72,0
72,0
72,0
72,0
72,0
72,0
72,0
72,0
72,0
72,0
72,0
72,0
72,0
72,0
72,0
72,0
72,0
72,0
72,0
72,0
72,0
72,0
72,0
72,0
72,0
72,0
72,0
72,0
72,0
72,0
72,0
72,0
72,0
72,0
72,0
72,0
72,0
72,0
72,0
72,0
72,0
72,0
72,0
72,0
72,0
72,0
72,0
72,0
72,0
72,0
72,0
72,0
72,0
72,0
72,0
72,0
72,0
72,0
72,0
72,0
72,0
72,0
72,0
72,0
72,0
72,0
72,0
72,0
72,0
72,0
72,0
72,0
72,0
72,0
72,0
72,0
72,0
72,0
72,0
72,0
72,0
72,0
72,0
72,0
72,0
72,0
72,0
72,0
72,0
72,0
72,0
72,0
72,0
72,0
72,0
72,0
72,0
72,0
72,0
72,0
72,0
72,0
72,0
72,0
72,0
72,0
72,0
72,0
72,0
72,0
72,0
72,0
72,0
72,0
72,0
72,0
72,0
72,0
72,0
72,0
72,0
72,0
72,0
72,0
72,0
72,0
72,0
72,0
72,0
72,0
72,0
72,0
72,0
72,0
72,0
72,0
72,0
72,0
72,0
72,0
72,0
72,0
72,0
218,73
218,36.5
218,18.25
218,9.125
218,4.5625
218,2.28125
218,1.140625
218,0.5703125
218,0.2851563
218,0.1425781
218,0.07128906
218,0.03564453
218,0.01782227
218,0.008911133
218,0.004455566
218,0.002227783
218,0.001113892
218,0.0005569458
218,0.0002784729
218,0.0001392365
218,6.961823E-05
218,3.480911E-05
218,1.740456E-05
218,8.702278E-06
218,4.351139E-06
218,2.17557E-06
218,1.087785E-06
218,5.438924E-07
218,2.719462E-07
218,1.359731E-07
218,6.798655E-08
218,3.399327E-08
218,1.699664E-08
218,8.498318E-09
218,4.249159E-09
218,2.12458E-09
218,1.06229E-09
218,5.311449E-10
218,2.655725E-10
218,1.327862E-10
218,6.639311E-11
218,3.319656E-11
218,1.659828E-11
218,8.299139E-12
218,4.14957E-12
218,2.074785E-12
218,1.037392E-12
218,5.186962E-13
218,2.593481E-13
218,1.29674E-13
218,6.483702E-14
218,3.241851E-14
218,1.620926E-14
218,8.104628E-15
218,4.052314E-15
218,2.026157E-15
218,1.013079E-15
218,5.065393E-16
218,2.532696E-16
218,1.266348E-16
218,6.331741E-17
218,3.16587E-17
218,1.582935E-17
218,7.914676E-18
218,3.957338E-18
218,1.978669E-18
218,9.893345E-19
218,4.946672E-19
218,2.473336E-19
218,1.236668E-19
218,6.183341E-20
218,3.09167E-20
218,1.545835E-20
218,7.729176E-21
218,3.864588E-21
218,1.932294E-21
218,9.66147E-22
218,4.830735E-22
218,2.415367E-22
218,1.207684E-22
218,6.038418E-23
218,3.019209E-23
218,1.509605E-23
218,7.548023E-24
218,3.774012E-24
218,1.887006E-24
218,9.435029E-25
218,4.717514E-25
218,2.358757E-25
218,1.179379E-25
218,5.896893E-26
218,2.948447E-26
218,1.474223E-26
218,7.371116E-27
218,3.685558E-27
218,1.842779E-27
218,9.213895E-28
218,4.606948E-28
218,2.303474E-28
218,1.151737E-28
218,5.758685E-29
218,2.879342E-29
218,1.439671E-29
218,7.198356E-30
218,3.599178E-30
218,1.799589E-30
218,8.997945E-31
218,4.498972E-31
218,2.249486E-31
218,1.124743E-31
218,5.623715E-32
218,2.811858E-32
218,1.405929E-32
218,7.029644E-33
218,3.514822E-33
218,1.757411E-33
218,8.787055E-34
218,4.393528E-34
218,2.196764E-34
218,1.098382E-34
218,5.49191E-35
218,2.745955E-35
218,1.372977E-35
218,6.864887E-36
218,3.432444E-36
218,1.716222E-36
218,8.581109E-37
218,4.290554E-37
218,2.145277E-37
218,1.072639E-37
218,5.363193E-38
218,2.681596E-38
218,1.340798E-38
218,6.703991E-39
218,3.351996E-39
218,1.675998E-39
218,8.379989E-40
218,4.189995E-40
218,2.094997E-40
218,1.047499E-40
218,5.237493E-41
218,2.618747E-41
218,1.309373E-41
218,6.546866E-42
218,3.273433E-42
218,1.636717E-42
218,8.183583E-43
218,4.091792E-43
218,2.045896E-43
218,1.022948E-43
218,5.044674E-44
218,2.522337E-44
218,1.261169E-44
218,5.605194E-45
218,2.802597E-45
218,1.401298E-45
218,0
218,0
218,0
218,0
218,0
218,0
218,0
218,0
218,0
218,0
218,0
218,0
218,0
218,0
218,0
218,0
218,0
218,0
218,0
218,0
218,0
218,0
218,0
218,0
218,0
218,0
218,0
195,11.5
195,5.75
195,2.875
195,1.4375
195,0.71875
195,0.359375
195,0.1796875
195,0.08984375
195,0.04492188
195,0.02246094
195,0.01123047
195,0.005615234
195,0.002807617
195,0.001403809
195,0.0007019043
195,0.0003509521
195,0.0001754761
195,8.773804E-05
195,4.386902E-05
195,2.193451E-05
195,1.096725E-05
195,5.483627E-06
195,2.741814E-06
195,1.370907E-06
195,6.854534E-07
195,3.427267E-07
195,1.713634E-07
195,8.568168E-08
195,4.284084E-08
195,2.142042E-08
195,1.071021E-08
195,5.355105E-09
195,2.677552E-09
195,1.338776E-09
195,6.693881E-10
195,3.346941E-10
195,1.67347E-10
195,8.367351E-11
195,4.183676E-11
195,2.091838E-11
195,1.045919E-11
195,5.229595E-12
195,2.614797E-12
195,1.307399E-12
195,6.536993E-13
195,3.268497E-13
195,1.634248E-13
195,8.171241E-14
195,4.085621E-14
195,2.04281E-14
195,1.021405E-14
195,5.107026E-15
195,2.553513E-15
195,1.276756E-15
195,6.383782E-16
195,3.191891E-16
195,1.595946E-16
195,7.979728E-17
195,3.989864E-17
195,1.994932E-17
195,9.97466E-18
195,4.98733E-18
195,2.493665E-18
195,1.246832E-18
195,6.234162E-19
195,3.117081E-19
195,1.558541E-19
195,7.792703E-20
195,3.896352E-20
195,1.948176E-20
195,9.740879E-21
195,4.870439E-21
195,2.43522E-21
195,1.21761E-21
195,6.088049E-22
195,3.044025E-22
195,1.522012E-22
195,7.610062E-23
195,3.805031E-23
195,1.902515E-23
195,9.512577E-24
195,4.756289E-24
195,2.378144E-24
195,1.189072E-24
195,5.945361E-25
195,2.97268E-25
195,1.48634E-25
195,7.431701E-26
195,3.71585E-26
195,1.857925E-26
195,9.289626E-27
195,4.644813E-27
195,2.322407E-27
195,1.161203E-27
195,5.806016E-28
195,2.903008E-28
195,1.451504E-28
195,7.25752E-29
195,3.62876E-29
195,1.81438E-29
195,9.0719E-30
195,4.53595E-30
195,2.267975E-30
195,1.133988E-30
195,5.669938E-31
195,2.834969E-31
195,1.417484E-31
195,7.087422E-32
195,3.543711E-32
195,1.771856E-32
195,8.859278E-33
195,4.429639E-33
195,2.214819E-33
195,1.10741E-33
195,5.537049E-34
195,2.768524E-34
195,1.384262E-34
195,6.921311E-35
195,3.460655E-35
195,1.730328E-35
195,8.651638E-36
195,4.325819E-36
195,2.16291E-36
195,1.081455E-36
195,5.407274E-37
195,2.703637E-37
195,1.351819E-37
195,6.759093E-38
195,3.379546E-38
195,1.689773E-38
195,8.448866E-39
195,4.224433E-39
195,2.112216E-39
195,1.056108E-39
195,5.280541E-40
195,2.640271E-40
195,1.320135E-40
195,6.600676E-41
195,3.300338E-41
195,1.650169E-41
195,8.250845E-42
195,4.125423E-42
195,2.062711E-42
195,1.031356E-42
195,5.156778E-43
195,2.578389E-43
195,1.289195E-43
195,6.445973E-44
195,3.222986E-44
195,1.681558E-44
195,8.407791E-45
195,4.203895E-45
195,2.802597E-45
195,1.401298E-45
195,0
195,0
195,0
195,0
195,0
195,0
195,0
195,0
195,0
195,0
195,0
195,0
195,0
195,0
195,0
195,0
195,0
195,0
195,0
195,0
195,0
195,0
195,0
195,0
195,0
195,0
195,0
195,0
195,0
195,0
195,0
195,0
195,0
195,0
195,0
195,0
195,0
195,0
195,0
195,0
195,0
195,0
195,0
195,0
195,0
195,0
195,0
195,0
195,0
195,0
195,0
195,0
195,0
195,0
195,0
195,0
195,0
195,0
195,0
195,0
195,0
195,0
195,0
195,0
195,0
195,0
195,0
195,0
195,0
195,0
195,0
195,0
195,0
195,0
195,0
195,0
195,0
195,0
195,0
195,0
195,0
195,0
195,0
195,0
195,0
195,0
195,0
195,0
195,0
195,0
195,0
195,0
195,0
195,0
195,0
195,0
195,0
195,0
195,0
195,0
195,0
195,0
195,0
195,0
195,0
195,0
195,0
195,0
195,0
195,0
195,0
195,0
195,0
195,0
195,0
195,0
195,0
195,0
195,0
195,0
195,0
195,0
195,0
195,0
195,0
195,0
195,0
195,0
195,0
195,0
172,11.5
172,5.75
172,2.875
172,1.4375
172,0.71875
172,0.359375
172,0.1796875
172,0.08984375
172,0.04492188
172,0.02246094
172,0.01123047
172,0.005615234
172,0.002807617
172,0.001403809
172,0.0007019043
172,0.0003509521
172,0.0001754761
172,8.773804E-05
172,4.386902E-05
172,2.193451E-05
172,1.096725E-05
172,5.483627E-06
172,2.741814E-06
172,1.370907E-06
172,6.854534E-07
172,3.427267E-07
172,1.713634E-07
172,8.568168E-08
172,4.284084E-08
172,2.142042E-08
172,1.071021E-08
172,5.355105E-09
172,2.677552E-09
172,1.338776E-09
172,6.693881E-10
172,3.346941E-10
172,1.67347E-10
172,8.367351E-11
172,4.183676E-11
172,2.091838E-11
172,1.045919E-11
172,5.229595E-12
172,2.614797E-12
172,1.307399E-12
172,6.536993E-13
172,3.268497E-13
172,1.634248E-13
172,8.171241E-14
172,4.085621E-14
172,2.04281E-14
172,1.021405E-14
172,5.107026E-15
172,2.553513E-15
172,1.276756E-15
172,6.383782E-16
172,3.191891E-16
172,1.595946E-16
172,7.979728E-17
172,3.989864E-17
172,1.994932E-17
172,9.97466E-18
172,4.98733E-18
172,2.493665E-18
172,1.246832E-18
172,6.234162E-19
172,3.117081E-19
172,1.558541E-19
172,7.792703E-20
172,3.896352E-20
172,1.948176E-20
172,9.740879E-21
172,4.870439E-21
172,2.43522E-21
172,1.21761E-21
172,6.088049E-22
172,3.044025E-22
172,1.522012E-22
172,7.610062E-23
172,3.805031E-23
172,1.902515E-23
172,9.512577E-24
172,4.756289E-24
172,2.378144E-24
172,1.189072E-24
172,5.945361E-25
172,2.97268E-25
172,1.48634E-25
172,7.431701E-26
172,3.71585E-26
172,1.857925E-26
172,9.289626E-27
172,4.644813E-27
172,2.322407E-27
172,1.161203E-27
172,5.806016E-28
172,2.903008E-28
172,1.451504E-28
172,7.25752E-29
172,3.62876E-29
172,1.81438E-29
172,9.0719E-30
172,4.53595E-30
172,2.267975E-30
172,1.133988E-30
172,5.669938E-31
172,2.834969E-31
172,1.417484E-31
172,7.087422E-32
172,3.543711E-32
172,1.771856E-32
172,8.859278E-33
172,4.429639E-33
172,2.214819E-33
172,1.10741E-33
172,5.537049E-34
172,2.768524E-34
172,1.384262E-34
172,6.921311E-35
172,3.460655E-35
172,1.730328E-35
172,8.651638E-36
172,4.325819E-36
172,2.16291E-36
172,1.081455E-36
172,5.407274E-37
172,2.703637E-37
172,1.351819E-37
172,6.759093E-38
172,3.379546E-38
172,1.689773E-38
172,8.448866E-39
172,4.224433E-39
172,2.112216E-39
172,1.056108E-39
172,5.280541E-40
172,2.640271E-40
172,1.320135E-40
172,6.600676E-41
172,3.300338E-41
172,1.650169E-41
172,8.250845E-42
172,4.125423E-42
172,2.062711E-42
172,1.031356E-42
172,5.156778E-43
172,2.578389E-43
172,1.289195E-43
172,6.445973E-44
172,3.222986E-44
172,1.681558E-44
172,8.407791E-45
172,4.203895E-45
172,2.802597E-45
172,1.401298E-45
172,0
172,0
172,0
172,0
172,0
172,0
172,0
172,0
172,0
172,0
172,0
172,0
172,0
172,0
172,0
172,0
172,0
172,0
172,0
172,0
172,0
172,0
172,0
172,0
172,0
172,0
172,0
172,0
172,0
172,0
172,0
172,0
172,0
172,0
172,0
172,0
172,0
172,0
172,0
172,0
172,0
172,0
172,0
172,0
172,0
172,0
172,0
172,0
172,0
172,0
172,0
172,0
172,0
172,0
172,0
172,0
172,0
172,0
172,0
172,0
172,0
172,0
172,0
172,0
172,0
172,0
172,0
172,0
172,0
172,0
172,0
172,0
172,0
172,0
172,0
172,0
172,0
172,0
172,0
172,0
172,0
172,0
172,0
172,0
172,0
172,0
172,0
172,0
172,0
172,0
172,0
172,0
132,20
132,10
132,5
132,2.5
132,1.25
132,0.625
132,0.3125
132,0.15625
132,0.078125
132,0.0390625
132,0.01953125
132,0.009765625
132,0.004882813
132,0.002441406
132,0.001220703
132,0.0006103516
132,0.0003051758
132,0.0001525879
132,7.629395E-05
132,3.814697E-05
132,1.907349E-05
132,9.536743E-06
132,4.768372E-06
132,2.384186E-06
132,1.192093E-06
132,5.960464E-07
132,2.980232E-07
132,1.490116E-07
132,7.450581E-08
132,3.72529E-08
132,1.862645E-08
132,9.313226E-09
132,4.656613E-09
132,2.328306E-09
132,1.164153E-09
132,5.820766E-10
132,2.910383E-10
132,1.455192E-10
132,7.275958E-11
132,3.637979E-11
132,1.818989E-11
132,9.094947E-12
132,4.547474E-12
132,2.273737E-12
132,1.136868E-12
132,5.684342E-13
132,2.842171E-13
132,1.421085E-13
132,7.105427E-14
132,3.552714E-14
132,1.776357E-14
132,8.881784E-15
132,4.440892E-15
132,2.220446E-15
132,1.110223E-15
132,5.551115E-16
132,2.775558E-16
132,1.387779E-16
132,6.938894E-17
132,3.469447E-17
132,1.734723E-17
132,8.673617E-18
132,4.336809E-18
132,2.168404E-18
132,1.084202E-18
132,5.421011E-19
132,2.710505E-19
132,1.355253E-19
132,6.776264E-20
132,3.388132E-20
132,1.694066E-20
132,8.470329E-21
132,4.235165E-21
132,2.117582E-21
132,1.058791E-21
132,5.293956E-22
132,2.646978E-22
132,1.323489E-22
132,6.617445E-23
132,3.308722E-23
132,1.654361E-23
132,8.271806E-24
132,4.135903E-24
132,2.067952E-24
132,1.033976E-24
132,5.169879E-25
132,2.584939E-25
132,1.29247E-25
132,6.462349E-26
132,3.231174E-26
132,1.615587E-26
132,8.077936E-27
132,4.038968E-27
132,2.019484E-27
132,1.009742E-27
132,5.04871E-28
132,2.524355E-28
132,1.262177E-28
132,6.310887E-29
132,3.155444E-29
132,1.577722E-29
132,7.888609E-30
132,3.944305E-30
132,1.972152E-30
132,9.860761E-31
132,4.930381E-31
132,2.46519E-31
132,1.232595E-31
132,6.162976E-32
132,3.081488E-32
132,1.540744E-32
132,7.70372E-33
132,3.85186E-33
132,1.92593E-33
132,9.62965E-34
132,4.814825E-34
132,2.407412E-34
132,1.203706E-34
132,6.018531E-35
132,3.009266E-35
132,1.504633E-35
132,7.523164E-36
132,3.761582E-36
132,1.880791E-36
132,9.403955E-37
132,4.701977E-37
132,2.350989E-37
132,1.175494E-37
132,5.877472E-38
132,2.938736E-38
132,1.469368E-38
132,7.34684E-39
132,3.67342E-39
132,1.83671E-39
132,9.18355E-40
132,4.591775E-40
132,2.295887E-40
132,1.147944E-40
132,5.739719E-41
132,2.869859E-41
132,1.43493E-41
132,7.174648E-42
132,3.587324E-42
132,1.793662E-42
132,8.96831E-43
132,4.484155E-43
132,2.242078E-43
132,1.121039E-43
132,5.605194E-44
132,2.802597E-44
132,1.401298E-44
132,7.006492E-45
132,2.802597E-45
132,1.401298E-45
132,0
132,0
132,0
132,0
132,0
132,0
132,0
132,0
132,0
132,0
132,0
132,0
132,0
132,0
132,0
132,0
132,0
132,0
132,0
132,0
132,0
132,0
132,0
132,0
132,0
132,0
132,0
132,0
132,0
132,0
132,0
132,0
132,0
132,0
132,0
132,0
132,0
132,0
132,0
132,0
132,0
132,0
132,0
132,0
132,0
132,0
132,0
132,0
132,0
132,0
132,0
132,0
132,0
132,0
132,0
132,0
132,0
132,0
132,0
132,0
132,0
132,0
132,0
132,0
132,0
132,0
132,0
132,0
132,0
132,0
132,0
132,0
132,0
132,0
132,0
132,0
132,0
132,0
132,0
132,0
132,0
132,0
132,0
132,0
132,0
132,0
132,0
132,0
132,0
132,0
132,0
132,0
132,0
132,0
132,0
98,17
98,8.5
98,4.25
98,2.125
98,1.0625
98,0.53125
98,0.265625
98,0.1328125
98,0.06640625
98,0.03320313
98,0.01660156
98,0.008300781
98,0.004150391
98,0.002075195
98,0.001037598
98,0.0005187988
98,0.0002593994
98,0.0001296997
98,6.484985E-05
98,3.242493E-05
98,1.621246E-05
98,8.106232E-06
98,4.053116E-06
98,2.026558E-06
98,1.013279E-06
98,5.066395E-07
98,2.533197E-07
98,1.266599E-07
98,6.332994E-08
98,3.166497E-08
98,1.583248E-08
98,7.916242E-09
98,3.958121E-09
98,1.97906E-09
98,9.895302E-10
98,4.947651E-10
98,2.473826E-10
98,1.236913E-10
98,6.184564E-11
98,3.092282E-11
98,1.546141E-11
98,7.730705E-12
98,3.865352E-12
98,1.932676E-12
98,9.663381E-13
98,4.831691E-13
98,2.415845E-13
98,1.207923E-13
98,6.039613E-14
98,3.019807E-14
98,1.509903E-14
98,7.549517E-15
98,3.774758E-15
98,1.887379E-15
98,9.436896E-16
98,4.718448E-16
98,2.359224E-16
98,1.179612E-16
98,5.89806E-17
98,2.94903E-17
98,1.474515E-17
98,7.372575E-18
98,3.686287E-18
98,1.843144E-18
98,9.215718E-19
98,4.607859E-19
98,2.30393E-19
98,1.151965E-19
98,5.759824E-20
98,2.879912E-20
98,1.439956E-20
98,7.19978E-21
98,3.59989E-21
98,1.799945E-21
98,8.999725E-22
98,4.499863E-22
98,2.249931E-22
98,1.124966E-22
98,5.624828E-23
98,2.812414E-23
98,1.406207E-23
98,7.031035E-24
98,3.515518E-24
98,1.757759E-24
98,8.788794E-25
98,4.394397E-25
98,2.197199E-25
98,1.098599E-25
98,5.492996E-26
98,2.746498E-26
98,1.373249E-26
98,6.866245E-27
98,3.433123E-27
98,1.716561E-27
98,8.582807E-28
98,4.291403E-28
98,2.145702E-28
98,1.072851E-28
98,5.364254E-29
98,2.682127E-29
98,1.341064E-29
98,6.705318E-30
98,3.352659E-30
98,1.676329E-30
98,8.381647E-31
98,4.190824E-31
98,2.095412E-31
98,1.047706E-31
98,5.238529E-32
98,2.619265E-32
98,1.309632E-32
98,6.548162E-33
98,3.274081E-33
98,1.63704E-33
98,8.185202E-34
98,4.092601E-34
98,2.046301E-34
98,1.02315E-34
98,5.115751E-35
98,2.557876E-35
98,1.278938E-35
98,6.394689E-36
98,3.197345E-36
98,1.598672E-36
98,7.993362E-37
98,3.996681E-37
98,1.99834E-37
98,9.991702E-38
98,4.995851E-38
98,2.497925E-38
98,1.248963E-38
98,6.244814E-39
98,3.122407E-39
98,1.561203E-39
98,7.806017E-40
98,3.903009E-40
98,1.951504E-40
98,9.757521E-41
98,4.878761E-41
98,2.43938E-41
98,1.21969E-41
98,6.098451E-42
98,3.049225E-42
98,1.524613E-42
98,7.623064E-43
98,3.811532E-43
98,1.905766E-43
98,9.52883E-44
98,4.764415E-44
98,2.382207E-44
98,1.121039E-44
98,5.605194E-45
98,2.802597E-45
98,1.401298E-45
98,0
98,0
98,0
98,0
98,0
98,0
98,0
98,0
98,0
98,0
98,0
98,0
98,0
98,0
98,0
98,0
98,0
98,0
98,0
98,0
98,0
98,0
98,0
98,0
98,0
98,0
98,0
98,0
98,0
98,0
98,0
98,0
98,0
98,0
98,0
98,0
98,0
98,0
98,0
98,0
98,0
98,0
98,0
98,0
98,0
98,0
98,0
98,0
98,0
98,0
98,0
98,0
98,0
98,0
98,0
98,0
98,0
98,0
98,0
98,0
98,0
98,0
98,0
98,0
98,0
98,0
98,0
98,0
98,0
98,0
98,0
98,0
98,0
98,0
98,0
98,0
98,0
98,0
98,0
98,0
98,0
98,0
98,0
98,0
98,0
98,0
98,0
98,0
98,0
98,0
98,0
98,0
98,0
98,0
98,0
98,0
98,0
98,0
98,0
98,0
98,0
98,0
98,0
98,0
98,0
98,0
98,0
98,0
98,0
98,0
98,0
98,0
98,0
98,0
98,0
98,0
98,0
98,0
98,0
98,0
98,0
98,0
98,0
98,0
98,0
98,0
98,0
98,0
98,0
98,0
98,0
98,0
98,0
98,0
98,0
98,0
98,0
98,0
98,0
98,0
98,0
98,0
98,0
98,0
98,0
98,0
98,0
98,0
98,0
98,0
98,0
98,0
98,0
98,0
98,0
98,0
98,0
98,0
98,0
98,0
98,0
98,0
98,0
98,0
98,0
98,0
98,0
98,0
98,0
98,0
98,0
98,0
98,0
98,0
98,0
98,0
98,0
98,0
98,0
98,0
98,0
98,0
98,0
98,0
98,0
98,0
188,45
188,22.5
188,11.25
188,5.625
188,2.8125
188,1.40625
188,0.703125
188,0.3515625
188,0.1757813
188,0.08789063
188,0.04394531
188,0.02197266
188,0.01098633
188,0.005493164
188,0.002746582
188,0.001373291
188,0.0006866455
188,0.0003433228
188,0.0001716614
188,8.583069E-05
188,4.291534E-05
188,2.145767E-05
188,1.072884E-05
188,5.364418E-06
188,2.682209E-06
188,1.341105E-06
188,6.705523E-07
188,3.352761E-07
188,1.676381E-07
188,8.381903E-08
188,4.190952E-08
188,2.095476E-08
188,1.047738E-08
188,5.238689E-09
188,2.619345E-09
188,1.309672E-09
188,6.548362E-10
188,3.274181E-10
188,1.63709E-10
188,8.185452E-11
188,4.092726E-11
188,2.046363E-11
188,1.023182E-11
188,5.115908E-12
188,2.557954E-12
188,1.278977E-12
188,6.394885E-13
188,3.197442E-13
188,1.598721E-13
188,7.993606E-14
188,3.996803E-14
188,1.998401E-14
188,9.992007E-15
188,4.996004E-15
188,2.498002E-15
188,1.249001E-15
188,6.245005E-16
188,3.122502E-16
188,1.561251E-16
188,7.806256E-17
188,3.903128E-17
188,1.951564E-17
188,9.75782E-18
188,4.87891E-18
188,2.439455E-18
188,1.219727E-18
188,6.098637E-19
188,3.049319E-19
188,1.524659E-19
188,7.623297E-20
188,3.811648E-20
188,1.905824E-20
188,9.529121E-21
188,4.76456E-21
188,2.38228E-21
188,1.19114E-21
188,5.9557E-22
188,2.97785E-22
188,1.488925E-22
188,7.444626E-23
188,3.722313E-23
188,1.861156E-23
188,9.305782E-24
188,4.652891E-24
188,2.326445E-24
188,1.163223E-24
188,5.816114E-25
188,2.908057E-25
188,1.454028E-25
188,7.270142E-26
188,3.635071E-26
188,1.817536E-26
188,9.087678E-27
188,4.543839E-27
188,2.271919E-27
188,1.13596E-27
188,5.679799E-28
188,2.839899E-28
188,1.41995E-28
188,7.099748E-29
188,3.549874E-29
188,1.774937E-29
188,8.874685E-30
188,4.437343E-30
188,2.218671E-30
188,1.109336E-30
188,5.546678E-31
188,2.773339E-31
188,1.38667E-31
188,6.933348E-32
188,3.466674E-32
188,1.733337E-32
188,8.666685E-33
188,4.333342E-33
188,2.166671E-33
188,1.083336E-33
188,5.416678E-34
188,2.708339E-34
188,1.354169E-34
188,6.770847E-35
188,3.385424E-35
188,1.692712E-35
188,8.463559E-36
188,4.23178E-36
188,2.11589E-36
188,1.057945E-36
188,5.289725E-37
188,2.644862E-37
188,1.322431E-37
188,6.612156E-38
188,3.306078E-38
188,1.653039E-38
188,8.265195E-39
188,4.132597E-39
188,2.066299E-39
188,1.033149E-39
188,5.165747E-40
188,2.582873E-40
188,1.291437E-40
188,6.457183E-41
188,3.228592E-41
188,1.614296E-41
188,8.071479E-42
188,4.03574E-42
188,2.01787E-42
188,1.008935E-42
188,5.044674E-43
188,2.522337E-43
188,1.261169E-43
188,6.305843E-44
188,3.082857E-44
188,1.541428E-44
188,8.407791E-45
188,4.203895E-45
188,2.802597E-45
188,1.401298E-45
188,0
188,0
188,0
188,0
188,0
188,0
188,0
188,0
188,0
188,0
188,0
188,0
188,0
188,0
188,0
188,0
188,0
188,0
188,0
188,0
188,0
188,0
188,0
188,0
188,0
188,0
188,0
188,0
188,0
188,0
188,0
188,0
188,0
188,0
188,0
188,0
188,0
188,0
188,0
188,0
188,0
188,0
188,0
188,0
188,0
188,0
188,0
188,0
188,0
188,0
188,0
143,22.5
143,11.25
143,5.625
143,2.8125
143,1.40625
143,0.703125
143,0.3515625
143,0.1757813
143,0.08789063
143,0.04394531
143,0.02197266
143,0.01098633
143,0.005493164
143,0.002746582
143,0.001373291
143,0.0006866455
143,0.0003433228
143,0.0001716614
143,8.583069E-05
143,4.291534E-05
143,2.145767E-05
143,1.072884E-05
143,5.364418E-06
143,2.682209E-06
143,1.341105E-06
143,6.705523E-07
143,3.352761E-07
143,1.676381E-07
143,8.381903E-08
143,4.190952E-08
143,2.095476E-08
143,1.047738E-08
143,5.238689E-09
143,2.619345E-09
143,1.309672E-09
143,6.548362E-10
143,3.274181E-10
143,1.63709E-10
143,8.185452E-11
143,4.092726E-11
143,2.046363E-11
143,1.023182E-11
143,5.115908E-12
143,2.557954E-12
143,1.278977E-12
143,6.394885E-13
143,3.197442E-13
143,1.598721E-13
143,7.993606E-14
143,3.996803E-14
143,1.998401E-14
143,9.992007E-15
143,4.996004E-15
143,2.498002E-15
143,1.249001E-15
143,6.245005E-16
143,3.122502E-16
143,1.561251E-16
143,7.806256E-17
143,3.903128E-17
143,1.951564E-17
143,9.75782E-18
143,4.87891E-18
143,2.439455E-18
143,1.219727E-18
143,6.098637E-19
143,3.049319E-19
143,1.524659E-19
143,7.623297E-20
143,3.811648E-20
143,1.905824E-20
143,9.529121E-21
143,4.76456E-21
143,2.38228E-21
143,1.19114E-21
143,5.9557E-22
143,2.97785E-22
143,1.488925E-22
143,7.444626E-23
143,3.722313E-23
143,1.861156E-23
143,9.305782E-24
143,4.652891E-24
143,2.326445E-24
143,1.163223E-24
143,5.816114E-25
143,2.908057E-25
143,1.454028E-25
143,7.270142E-26
143,3.635071E-26
143,1.817536E-26
143,9.087678E-27
143,4.543839E-27
143,2.271919E-27
143,1.13596E-27
143,5.679799E-28
143,2.839899E-28
143,1.41995E-28
143,7.099748E-29
143,3.549874E-29
143,1.774937E-29
143,8.874685E-30
143,4.437343E-30
143,2.218671E-30
143,1.109336E-30
143,5.546678E-31
143,2.773339E-31
143,1.38667E-31
143,6.933348E-32
143,3.466674E-32
143,1.733337E-32
143,8.666685E-33
143,4.333342E-33
143,2.166671E-33
143,1.083336E-33
143,5.416678E-34
143,2.708339E-34
143,1.354169E-34
143,6.770847E-35
143,3.385424E-35
143,1.692712E-35
143,8.463559E-36
143,4.23178E-36
143,2.11589E-36
143,1.057945E-36
143,5.289725E-37
143,2.644862E-37
143,1.322431E-37
143,6.612156E-38
143,3.306078E-38
143,1.653039E-38
143,8.265195E-39
143,4.132597E-39
143,2.066299E-39
143,1.033149E-39
143,5.165747E-40
143,2.582873E-40
143,1.291437E-40
143,6.457183E-41
143,3.228592E-41
143,1.614296E-41
143,8.071479E-42
143,4.03574E-42
143,2.01787E-42
143,1.008935E-42
143,5.044674E-43
143,2.522337E-43
143,1.261169E-43
143,6.305843E-44
143,3.082857E-44
143,1.541428E-44
143,8.407791E-45
143,4.203895E-45
143,2.802597E-45
143,1.401298E-45
143,0
143,0
143,0
143,0
143,0
143,0
143,0
143,0
143,0
143,0
143,0
143,0
143,0
143,0
143,0
143,0
143,0
143,0
143,0
143,0
143,0
143,0
143,0
143,0
143,0
143,0
143,0
143,0
143,0
143,0
143,0
143,0
143,0
143,0
143,0
143,0
143,0
143,0
143,0
143,0
143,0
143,0
143,0
143,0
143,0
143,0
143,0
143,0
143,0
143,0
143,0
143,0
143,0
143,0
143,0
143,0
143,0
143,0
143,0
143,0
143,0
143,0
143,0
143,0
143,0
143,0
143,0
143,0
143,0
143,0
143,0
143,0
143,0
143,0
143,0
143,0
143,0
143,0
143,0
143,0
143,0
143,0
143,0
143,0
143,0
143,0
143,0
143,0
143,0
143,0
143,0
143,0
143,0
143,0
143,0
143,0
143,0
143,0
143,0
143,0
143,0
143,0
143,0
143,0
143,0
143,0
143,0
143,0
143,0
143,0
143,0
143,0
143,0
143,0
143,0
143,0
143,0
143,0
143,0
143,0
143,0
143,0
143,0
143,0
143,0
143,0
143,0
143,0
143,0
143,0
143,0
143,0
143,0
143,0
143,0
143,0
143,0
143,0
143,0
143,0
143,0
143,0
143,0
143,0
143,0
143,0
143,0
143,0
143,0
143,0
143,0
143,0
143,0
143,0
143,0
143,0
143,0
143,0
143,0
143,0
143,0
111,16
111,8
111,4
111,2
111,1
111,0.5
111,0.25
111,0.125
111,0.0625
111,0.03125
111,0.015625
111,0.0078125
111,0.00390625
111,0.001953125
111,0.0009765625
111,0.0004882813
111,0.0002441406
111,0.0001220703
111,6.103516E-05
111,3.051758E-05
111,1.525879E-05
111,7.629395E-06
111,3.814697E-06
111,1.907349E-06
111,9.536743E-07
111,4.768372E-07
111,2.384186E-07
111,1.192093E-07
111,5.960464E-08
111,2.980232E-08
111,1.490116E-08
111,7.450581E-09
111,3.72529E-09
111,1.862645E-09
111,9.313226E-10
111,4.656613E-10
111,2.328306E-10
111,1.164153E-10
111,5.820766E-11
111,2.910383E-11
111,1.455192E-11
111,7.275958E-12
111,3.637979E-12
111,1.818989E-12
111,9.094947E-13
111,4.547474E-13
111,2.273737E-13
111,1.136868E-13
111,5.684342E-14
111,2.842171E-14
111,1.421085E-14
111,7.105427E-15
111,3.552714E-15
111,1.776357E-15
111,8.881784E-16
111,4.440892E-16
111,2.220446E-16
111,1.110223E-16
111,5.551115E-17
111,2.775558E-17
111,1.387779E-17
111,6.938894E-18
111,3.469447E-18
111,1.734723E-18
111,8.673617E-19
111,4.336809E-19
111,2.168404E-19
111,1.084202E-19
111,5.421011E-20
111,2.710505E-20
111,1.355253E-20
111,6.776264E-21
111,3.388132E-21
111,1.694066E-21
111,8.470329E-22
111,4.235165E-22
111,2.117582E-22
111,1.058791E-22
111,5.293956E-23
111,2.646978E-23
111,1.323489E-23
111,6.617445E-24
111,3.308722E-24
111,1.654361E-24
111,8.271806E-25
111,4.135903E-25
111,2.067952E-25
111,1.033976E-25
111,5.169879E-26
111,2.584939E-26
111,1.29247E-26
111,6.462349E-27
111,3.231174E-27
111,1.615587E-27
111,8.077936E-28
111,4.038968E-28
111,2.019484E-28
111,1.009742E-28
111,5.04871E-29
111,2.524355E-29
111,1.262177E-29
111,6.310887E-30
111,3.155444E-30
111,1.577722E-30
111,7.888609E-31
111,3.944305E-31
111,1.972152E-31
111,9.860761E-32
111,4.930381E-32
111,2.46519E-32
111,1.232595E-32
111,6.162976E-33
111,3.081488E-33
111,1.540744E-33
111,7.70372E-34
111,3.85186E-34
111,1.92593E-34
111,9.62965E-35
111,4.814825E-35
111,2.407412E-35
111,1.203706E-35
111,6.018531E-36
111,3.009266E-36
111,1.504633E-36
111,7.523164E-37
111,3.761582E-37
111,1.880791E-37
111,9.403955E-38
111,4.701977E-38
111,2.350989E-38
111,1.175494E-38
111,5.877472E-39
111,2.938736E-39
111,1.469368E-39
111,7.34684E-40
111,3.67342E-40
111,1.83671E-40
111,9.18355E-41
111,4.591775E-41
111,2.295887E-41
111,1.147944E-41
111,5.739719E-42
111,2.869859E-42
111,1.43493E-42
111,7.174648E-43
111,3.587324E-43
111,1.793662E-43
111,8.96831E-44
111,4.484155E-44
111,2.242078E-44
111,1.121039E-44
111,5.605194E-45
111,2.802597E-45
111,1.401298E-45
111,0
111,0
111,0
111,0
111,0
111,0
111,0
111,0
111,0
111,0
111,0
111,0
111,0
111,0
111,0
111,0
111,0
111,0
111,0
111,0
111,0
111,0
111,0
111,0
111,0
111,0
111,0
111,0
111,0
111,0
111,0
111,0
111,0
111,0
111,0
111,0
111,0
111,0
111,0
111,0
111,0
111,0
111,0
111,0
111,0
111,0
111,0
111,0
111,0
111,0
111,0
111,0
111,0
111,0
111,0
111,0
111,0
111,0
111,0
111,0
111,0
111,0
111,0
111,0
111,0
111,0
111,0
111,0
111,0
111,0
111,0
111,0
111,0
111,0
111,0
111,0
111,0
111,0
111,0
111,0
111,0
111,0
111,0
111,0
111,0
111,0
111,0
111,0
111,0
111,0
111,0
111,0
111,0
111,0
111,0
111,0
111,0
111,0
111,0
111,0
111,0
111,0
111,0
111,0
111,0
111,0
111,0
111,0
111,0
111,0
111,0
111,0
111,0
111,0
111,0
111,0
111,0
111,0
111,0
111,0
111,0
111,0
111,0
111,0
111,0
111,0
111,0
111,0
111,0
111,0
111,0
111,0
111,0
111,0
111,0
111,0
111,0
111,0
111,0
111,0
111,0
111,0
111,0
111,0
111,0
111,0
111,0
111,0
111,0
111,0
111,0
111,0
111,0
111,0
111,0
111,0
111,0
111,0
111,0
111,0
111,0
111,0
111,0
111,0
111,0
111,0
111,0
111,0
111,0
111,0
111,0
111,0
111,0
111,0
111,0
111,0
111,0
111,0
111,0
111,0
111,0
111,0
111,0
111,0
111,0
111,0
111,0
111,0
111,0
111,0
111,0
111,0
111,0
111,0
111,0
111,0
111,0
111,0
111,0
111,0
111,0
111,0
111,0
111,0
111,0
111,0
111,0
111,0
111,0
111,0
96,7.5
96,3.75
96,1.875
96,0.9375
96,0.46875
96,0.234375
96,0.1171875
96,0.05859375
96,0.02929688
96,0.01464844
96,0.007324219
96,0.003662109
96,0.001831055
96,0.0009155273
96,0.0004577637
96,0.0002288818
96,0.0001144409
96,5.722046E-05
96,2.861023E-05
96,1.430511E-05
96,7.152557E-06
96,3.576279E-06
96,1.788139E-06
96,8.940697E-07
96,4.470348E-07
96,2.235174E-07
96,1.117587E-07
96,5.587935E-08
96,2.793968E-08
96,1.396984E-08
96,6.984919E-09
96,3.49246E-09
96,1.74623E-09
96,8.731149E-10
96,4.365575E-10
96,2.182787E-10
96,1.091394E-10
96,5.456968E-11
96,2.728484E-11
96,1.364242E-11
96,6.82121E-12
96,3.410605E-12
96,1.705303E-12
96,8.526513E-13
96,4.263256E-13
96,2.131628E-13
96,1.065814E-13
96,5.329071E-14
96,2.664535E-14
96,1.332268E-14
96,6.661338E-15
96,3.330669E-15
96,1.665335E-15
96,8.326673E-16
96,4.163336E-16
96,2.081668E-16
96,1.040834E-16
96,5.20417E-17
96,2.602085E-17
96,1.301043E-17
96,6.505213E-18
96,3.252607E-18
96,1.626303E-18
96,8.131516E-19
96,4.065758E-19
96,2.032879E-19
96,1.01644E-19
96,5.082198E-20
96,2.541099E-20
96,1.270549E-20
96,6.352747E-21
96,3.176374E-21
96,1.588187E-21
96,7.940934E-22
96,3.970467E-22
96,1.985233E-22
96,9.926167E-23
96,4.963084E-23
96,2.481542E-23
96,1.240771E-23
96,6.203855E-24
96,3.101927E-24
96,1.550964E-24
96,7.754818E-25
96,3.877409E-25
96,1.938705E-25
96,9.693523E-26
96,4.846761E-26
96,2.423381E-26
96,1.21169E-26
96,6.058452E-27
96,3.029226E-27
96,1.514613E-27
96,7.573065E-28
96,3.786532E-28
96,1.893266E-28
96,9.466331E-29
96,4.733165E-29
96,2.366583E-29
96,1.183291E-29
96,5.916457E-30
96,2.958228E-30
96,1.479114E-30
96,7.395571E-31
96,3.697785E-31
96,1.848893E-31
96,9.244464E-32
96,4.622232E-32
96,2.311116E-32
96,1.155558E-32
96,5.77779E-33
96,2.888895E-33
96,1.444447E-33
96,7.222237E-34
96,3.611119E-34
96,1.805559E-34
96,9.027797E-35
96,4.513898E-35
96,2.256949E-35
96,1.128475E-35
96,5.642373E-36
96,2.821186E-36
96,1.410593E-36
96,7.052966E-37
96,3.526483E-37
96,1.763242E-37
96,8.816208E-38
96,4.408104E-38
96,2.204052E-38
96,1.102026E-38
96,5.51013E-39
96,2.755065E-39
96,1.377532E-39
96,6.887662E-40
96,3.443831E-40
96,1.721916E-40
96,8.609578E-41
96,4.304789E-41
96,2.152394E-41
96,1.076197E-41
96,5.380986E-42
96,2.690493E-42
96,1.345247E-42
96,6.726233E-43
96,3.363116E-43
96,1.681558E-43
96,8.407791E-44
96,4.203895E-44
96,2.101948E-44
96,1.121039E-44
96,5.605194E-45
96,2.802597E-45
96,1.401298E-45
96,0
96,0
96,0
96,0
96,0
96,0
96,0
96,0
96,0
96,0
96,0
96,0
96,0
96,0
96,0
96,0
96,0
96,0
96,0
96,0
96,0
96,0
96,0
96,0
96,0
96,0
96,0
96,0
96,0
96,0
96,0
96,0
96,0
96,0
96,0
96,0
96,0
96,0
96,0
96,0
96,0
96,0
96,0
96,0
96,0
96,0
96,0
96,0
96,0
96,0
96,0
96,0
96,0
96,0
96,0
96,0
96,0
96,0
96,0
96,0
96,0
96,0
96,0
96,0
96,0
96,0
96,0
96,0
96,0
96,0
96,0
96,0
96,0
96,0
96,0
96,0
96,0
96,0
96,0
96,0
96,0
96,0
96,0
96,0
96,0
96,0
96,0
96,0
96,0
96,0
96,0
96,0
96,0
96,0
96,0
96,0
96,0
96,0
96,0
96,0
96,0
96,0
96,0
96,0
96,0
96,0
96,0
96,0
96,0
96,0
96,0
96,0
96,0
96,0
96,0
96,0
96,0
96,0
96,0
96,0
96,0
96,0
96,0
96,0
96,0
96,0
96,0
96,0
96,0
96,0
96,0
96,0
96,0
96,0
96,0
96,0
79,8.5
79,4.25
79,2.125
79,1.0625
79,0.53125
79,0.265625
79,0.1328125
79,0.06640625
79,0.03320313
79,0.01660156
79,0.008300781
79,0.004150391
79,0.002075195
79,0.001037598
79,0.0005187988
79,0.0002593994
79,0.0001296997
79,6.484985E-05
79,3.242493E-05
79,1.621246E-05
79,8.106232E-06
79,4.053116E-06
79,2.026558E-06
79,1.013279E-06
79,5.066395E-07
79,2.533197E-07
79,1.266599E-07
79,6.332994E-08
79,3.166497E-08
79,1.583248E-08
79,7.916242E-09
79,3.958121E-09
79,1.97906E-09
79,9.895302E-10
79,4.947651E-10
79,2.473826E-10
79,1.236913E-10
79,6.184564E-11
79,3.092282E-11
79,1.546141E-11
79,7.730705E-12
79,3.865352E-12
79,1.932676E-12
79,9.663381E-13
79,4.831691E-13
79,2.415845E-13
79,1.207923E-13
79,6.039613E-14
79,3.019807E-14
79,1.509903E-14
79,7.549517E-15
79,3.774758E-15
79,1.887379E-15
79,9.436896E-16
79,4.718448E-16
79,2.359224E-16
79,1.179612E-16
79,5.89806E-17
79,2.94903E-17
79,1.474515E-17
79,7.372575E-18
79,3.686287E-18
79,1.843144E-18
79,9.215718E-19
79,4.607859E-19
79,2.30393E-19
79,1.151965E-19
79,5.759824E-20
79,2.879912E-20
79,1.439956E-20
79,7.19978E-21
79,3.59989E-21
79,1.799945E-21
79,8.999725E-22
79,4.499863E-22
79,2.249931E-22
79,1.124966E-22
79,5.624828E-23
79,2.812414E-23
79,1.406207E-23
79,7.031035E-24
79,3.515518E-24
79,1.757759E-24
79,8.788794E-25
79,4.394397E-25
79,2.197199E-25
79,1.098599E-25
79,5.492996E-26
79,2.746498E-26
79,1.373249E-26
79,6.866245E-27
79,3.433123E-27
79,1.716561E-27
79,8.582807E-28
79,4.291403E-28
79,2.145702E-28
79,1.072851E-28
79,5.364254E-29
79,2.682127E-29
79,1.341064E-29
79,6.705318E-30
79,3.352659E-30
79,1.676329E-30
79,8.381647E-31
79,4.190824E-31
79,2.095412E-31
79,1.047706E-31
79,5.238529E-32
79,2.619265E-32
79,1.309632E-32
79,6.548162E-33
79,3.274081E-33
79,1.63704E-33
79,8.185202E-34
79,4.092601E-34
79,2.046301E-34
79,1.02315E-34
79,5.115751E-35
79,2.557876E-35
79,1.278938E-35
79,6.394689E-36
79,3.197345E-36
79,1.598672E-36
79,7.993362E-37
79,3.996681E-37
79,1.99834E-37
79,9.991702E-38
79,4.995851E-38
79,2.497925E-38
79,1.248963E-38
79,6.244814E-39
79,3.122407E-39
79,1.561203E-39
79,7.806017E-40
79,3.903009E-40
79,1.951504E-40
79,9.757521E-41
79,4.878761E-41
79,2.43938E-41
79,1.21969E-41
79,6.098451E-42
79,3.049225E-42
79,1.524613E-42
79,7.623064E-43
79,3.811532E-43
79,1.905766E-43
79,9.52883E-44
79,4.764415E-44
79,2.382207E-44
79,1.121039E-44
79,5.605194E-45
79,2.802597E-45
79,1.401298E-45
79,0
79,0
79,0
79,0
79,0
79,0
79,0
79,0
79,0
79,0
79,0
79,0
79,0
79,0
79,0
79,0
79,0
79,0
79,0
79,0
79,0
79,0
79,0
79,0
79,0
79,0
79,0
79,0
79,0
79,0
79,0
79,0
79,0
79,0
79,0
79,0
79,0
79,0
79,0
79,0
79,0
79,0
79,0
79,0
79,0
79,0
79,0
79,0
79,0
79,0
79,0
79,0
79,0
79,0
79,0
79,0
79,0
79,0
79,0
79,0
79,0
79,0
79,0
79,0
79,0
79,0
79,0
79,0
79,0
79,0
79,0
79,0
79,0
79,0
79,0
79,0
79,0
79,0
79,0
79,0
79,0
79,0
79,0
79,0
79,0
79,0
79,0
79,0
79,0
79,0
79,0
79,0
79,0
79,0
79,0
79,0
79,0
79,0
79,0
79,0
79,0
79,0
79,0
79,0
79,0
79,0
79,0
79,0
79,0
79,0
79,0
79,0
79,0
79,0
79,0
79,0
79,0
79,0
79,0
79,0
79,0
79,0
79,0
79,0
79,0
79,0
79,0
79,0
79,0
79,0
79,0
79,0
79,0
79,0
79,0
79,0
79,0
79,0
79,0
79,0
79,0
79,0
79,0
79,0
79,0
79,0
79,0
79,0
79,0
79,0
79,0
79,0
79,0
79,0
79,0
79,0
79,0
79,0
79,0
79,0
79,0
79,0
79,0
79,0
79,0
79,0
79,0
138,29.5
138,14.75
138,7.375
138,3.6875
138,1.84375
138,0.921875
138,0.4609375
138,0.2304688
138,0.1152344
138,0.05761719
138,0.02880859
138,0.0144043
138,0.007202148
138,0.003601074
138,0.001800537
138,0.0009002686
138,0.0004501343
138,0.0002250671
138,0.0001125336
138,5.626678E-05
138,2.813339E-05
138,1.40667E-05
138,7.033348E-06
138,3.516674E-06
138,1.758337E-06
138,8.791685E-07
138,4.395843E-07
138,2.197921E-07
138,1.098961E-07
138,5.494803E-08
138,2.747402E-08
138,1.373701E-08
138,6.868504E-09
138,3.434252E-09
138,1.717126E-09
138,8.58563E-10
138,4.292815E-10
138,2.146407E-10
138,1.073204E-10
138,5.366019E-11
138,2.683009E-11
138,1.341505E-11
138,6.707523E-12
138,3.353762E-12
138,1.676881E-12
138,8.384404E-13
138,4.192202E-13
138,2.096101E-13
138,1.048051E-13
138,5.240253E-14
138,2.620126E-14
138,1.310063E-14
138,6.550316E-15
138,3.275158E-15
138,1.637579E-15
138,8.187895E-16
138,4.093947E-16
138,2.046974E-16
138,1.023487E-16
138,5.117434E-17
138,2.558717E-17
138,1.279359E-17
138,6.396793E-18
138,3.198396E-18
138,1.599198E-18
138,7.995991E-19
138,3.997996E-19
138,1.998998E-19
138,9.994989E-20
138,4.997494E-20
138,2.498747E-20
138,1.249374E-20
138,6.246868E-21
138,3.123434E-21
138,1.561717E-21
138,7.808585E-22
138,3.904292E-22
138,1.952146E-22
138,9.760731E-23
138,4.880366E-23
138,2.440183E-23
138,1.220091E-23
138,6.100457E-24
138,3.050229E-24
138,1.525114E-24
138,7.625571E-25
138,3.812786E-25
138,1.906393E-25
138,9.531964E-26
138,4.765982E-26
138,2.382991E-26
138,1.191496E-26
138,5.957478E-27
138,2.978739E-27
138,1.489369E-27
138,7.446847E-28
138,3.723423E-28
138,1.861712E-28
138,9.308559E-29
138,4.654279E-29
138,2.32714E-29
138,1.16357E-29
138,5.817849E-30
138,2.908925E-30
138,1.454462E-30
138,7.272311E-31
138,3.636156E-31
138,1.818078E-31
138,9.090389E-32
138,4.545195E-32
138,2.272597E-32
138,1.136299E-32
138,5.681493E-33
138,2.840747E-33
138,1.420373E-33
138,7.101867E-34
138,3.550933E-34
138,1.775467E-34
138,8.877333E-35
138,4.438667E-35
138,2.219333E-35
138,1.109667E-35
138,5.548333E-36
138,2.774167E-36
138,1.387083E-36
138,6.935417E-37
138,3.467708E-37
138,1.733854E-37
138,8.669271E-38
138,4.334635E-38
138,2.167318E-38
138,1.083659E-38
138,5.418294E-39
138,2.709147E-39
138,1.354574E-39
138,6.772868E-40
138,3.386434E-40
138,1.693217E-40
138,8.466085E-41
138,4.233042E-41
138,2.116521E-41
138,1.058261E-41
138,5.291303E-42
138,2.645652E-42
138,1.322826E-42
138,6.614129E-43
138,3.307064E-43
138,1.653532E-43
138,8.267661E-44
138,4.203895E-44
138,2.101948E-44
138,1.121039E-44
138,5.605194E-45
138,2.802597E-45
138,1.401298E-45
138,0
138,0
138,0
138,0
138,0
138,0
138,0
138,0
138,0
138,0
138,0
138,0
138,0
138,0
138,0
138,0
138,0
138,0
102,18
102,9
102,4.5
102,2.25
102,1.125
102,0.5625
102,0.28125
102,0.140625
102,0.0703125
102,0.03515625
102,0.01757813
102,0.008789063
102,0.004394531
102,0.002197266
102,0.001098633
102,0.0005493164
