-1,0
-1,0
-1,0
-1,0
-1,0
-1,0
-1,0
-1,0
-1,0
-1,0
-1,0
-1,0
-1,0
-1,0
-1,0
-1,0
-1,0
-1,0
-1,0
-1,0
-1,0
-1,0
-1,0
-1,0
-1,0
-1,0
-1,0
-1,0
-1,0
-1,0
-1,0
-1,0
-1,0
-1,0
-1,0
-1,0
-1,0
-1,0
-1,0
-1,0
-1,0
-1,0
-1,0
-1,0
-1,0
-1,0
-1,0
-1,0
-1,0
-1,0
-1,0
-1,0
-1,0
-1,0
-1,0
-1,0
-1,0
-1,0
-1,0
-1,0
-1,0
-1,0
-1,0
-1,0
-1,0
-1,0
-1,0
-1,0
-1,0
-1,0
-1,0
-1,0
-1,0
-1,0
-1,0
-1,0
-1,0
-1,0
-1,0
-1,0
-1,0
-1,0
-1,0
-1,0
-1,0
-1,0
-1,0
-1,0
-1,0
-1,0
-1,0
-1,0
-1,0
-1,0
-1,0
-1,0
-1,0
-1,0
-1,0
-1,0
-1,0
-1,0
-1,0
-1,0
-1,0
-1,0
-1,0
-1,0
-1,0
-1,0
-1,0
-1,0
-1,0
-1,0
-1,0
-1,0
-1,0
-1,0
-1,0
-1,0
-1,0
-1,0
-1,0
-1,0
-1,0
-1,0
-1,0
-1,0
-1,0
-1,0
-1,0
-1,0
-1,0
-1,0
-1,0
-1,0
-1,0
-1,0
-1,0
-1,0
-1,0
-1,0
-1,0
-1,0
-1,0
-1,0
-1,0
-1,0
-1,0
-1,0
-1,0
-1,0
-1,0
-1,0
-1,0
-1,0
-1,0
-1,0
-1,0
-1,0
-1,0
-1,0
-1,0
-1,0
-1,0
-1,0
-1,0
-1,0
-1,0
-1,0
-1,0
-1,0
-1,0
-1,0
-1,0
-1,0
-1,0
-1,0
-1,0
-1,0
-1,0
-1,0
-1,0
-1,0
-1,0
-1,0
-1,0
-1,0
-1,0
-1,0
-1,0
-1,0
-1,0
-1,0
-1,0
-1,0
-1,0
-1,0
-1,0
-1,0
-1,0
-1,0
-1,0
-1,0
-1,0
-1,0
-1,0
-1,0
-1,0
-1,0
-1,0
-1,0
-1,0
-1,0
-1,0
-1,0
-1,0
-1,0
-1,0
-1,0
-1,0
-1,0
-1,0
-1,0
-1,0
-1,0
-1,0
-1,0
-1,0
-1,0
-1,0
-1,0
-1,0
-1,0
-1,0
-1,0
-1,0
-1,0
-1,0
-1,0
-1,0
-1,0
-1,0
-1,0
-1,0
-1,0
-1,0
-1,0
-1,0
-1,0
-1,0
-1,0
-1,0
-1,0
-1,0
-1,0
-1,0
-1,0
-1,0
-1,0
-1,0
-1,0
-1,0
-1,0
-1,0
-1,0
-1,0
-1,0
-1,0
-1,0
-1,0
-1,0
-1,0
-1,0
-1,0
-1,0
-1,0
-1,0
-1,0
-1,0
-1,0
-1,0
-1,0
-1,0
-1,0
-1,0
-1,0
-1,0
-1,0
-1,0
-1,0
-1,0
-1,0
-1,0
-1,0
-1,0
-1,0
-1,0
-1,0
-1,0
-1,0
-1,0
-1,0
-1,0
-1,0
-1,0
-1,0
-1,0
-1,0
-1,0
-1,0
-1,0
-1,0
-1,0
-1,0
-1,0
-1,0
-1,0
-1,0
-1,0
-1,0
-1,0
-1,0
-1,0
-1,0
-1,0
-1,0
-1,0
-1,0
-1,0
-1,0
-1,0
-1,0
-1,0
-1,0
-1,0
-1,0
-1,0
-1,0
-1,0
-1,0
-1,0
-1,0
-1,0
-1,0
-1,0
-1,0
-1,0
-1,0
-1,0
-1,0
-1,0
-1,0
-1,0
-1,0
-1,0
-1,0
-1,0
-1,0
-1,0
-1,0
-1,0
-1,0
-1,0
-1,0
-1,0
-1,0
-1,0
-1,0
-1,0
-1,0
-1,0
-1,0
-1,0
-1,0
-1,0
-1,0
-1,0
-1,0
-1,0
-1,0
-1,0
-1,0
-1,0
-1,0
-1,0
-1,0
-1,0
-1,0
-1,0
-1,0
-1,0
-1,0
-1,0
-1,0
-1,0
-1,0
-1,0
-1,0
-1,0
-1,0
-1,0
-1,0
-1,0
-1,0
-1,0
-1,0
-1,0
-1,0
-1,0
-1,0
-1,0
-1,0
-1,0
-1,0
-1,0
-1,0
-1,0
-1,0
-1,0
-1,0
-1,0
-1,0
-1,0
-1,0
-1,0
-1,0
-1,0
-1,0
-1,0
-1,0
-1,0
-1,0
-1,0
-1,0
-1,0
-1,0
-1,0
-1,0
-1,0
-1,0
-1,0
-1,0
-1,0
-1,0
-1,0
-1,0
-1,0
-1,0
-1,0
-1,0
-1,0
-1,0
-1,0
-1,0
-1,0
-1,0
-1,0
-1,0
-1,0
-1,0
-1,0
-1,0
-1,0
-1,0
-1,0
-1,0
-1,0
-1,0
-1,0
-1,0
-1,0
-1,0
-1,0
-1,0
-1,0
-1,0
-1,0
-1,0
-1,0
-1,0
-1,0
-1,0
-1,0
-1,0
-1,0
-1,0
-1,0
-1,0
-1,0
-1,0
-1,0
-1,0
-1,0
-1,0
-1,0
-1,0
-1,0
-1,0
-1,0
-1,0
874,0
874,0
874,0
874,0
874,0
874,0
874,0
874,0
874,0
874,0
874,0
874,0
874,0
874,0
874,0
874,0
874,0
874,0
874,0
874,0
874,0
874,0
874,0
874,0
874,0
874,0
874,0
874,0
874,0
874,0
874,0
874,0
874,0
874,0
874,0
874,0
874,0
874,0
874,0
874,0
874,0
874,0
874,0
874,0
874,0
874,0
874,0
874,0
874,0
874,0
874,0
874,0
623,125.5
623,62.75
623,31.375
623,15.6875
623,7.84375
623,3.921875
623,1.960938
623,0.9804688
623,0.4902344
623,0.2451172
623,0.1225586
623,0.0612793
623,0.03063965
623,0.01531982
623,0.007659912
623,0.003829956
623,0.001914978
623,0.000957489
623,0.0004787445
623,0.0002393723
623,0.0001196861
623,5.984306E-05
623,2.992153E-05
623,1.496077E-05
623,7.480383E-06
623,3.740191E-06
623,1.870096E-06
623,9.350479E-07
623,4.675239E-07
623,2.33762E-07
623,1.16881E-07
623,5.844049E-08
623,2.922025E-08
623,1.461012E-08
623,7.305061E-09
623,3.652531E-09
623,1.826265E-09
623,9.131327E-10
623,4.565663E-10
623,2.282832E-10
623,1.141416E-10
623,5.707079E-11
623,2.85354E-11
623,1.42677E-11
623,7.133849E-12
623,3.566925E-12
623,1.783462E-12
623,8.917311E-13
623,4.458656E-13
623,2.229328E-13
623,1.114664E-13
623,5.57332E-14
623,2.78666E-14
623,1.39333E-14
623,6.966649E-15
623,3.483325E-15
623,1.741662E-15
623,8.708312E-16
623,4.354156E-16
623,2.177078E-16
623,1.088539E-16
623,5.442695E-17
623,2.721347E-17
623,1.360674E-17
623,6.803369E-18
623,3.401684E-18
623,1.700842E-18
623,8.504211E-19
623,4.252105E-19
623,2.126053E-19
623,1.063026E-19
623,5.315132E-20
623,2.657566E-20
623,1.328783E-20
623,6.643915E-21
623,3.321957E-21
623,1.660979E-21
623,8.304893E-22
623,4.152447E-22
623,2.076223E-22
623,1.038112E-22
623,5.190558E-23
623,2.595279E-23
623,1.29764E-23
623,6.488198E-24
623,3.244099E-24
623,1.622049E-24
623,8.110247E-25
623,4.055124E-25
623,2.027562E-25
623,1.013781E-25
623,5.068905E-26
623,2.534452E-26
623,1.267226E-26
623,6.336131E-27
623,3.168065E-27
623,1.584033E-27
623,7.920163E-28
623,3.960082E-28
623,1.980041E-28
623,9.900204E-29
623,4.950102E-29
623,2.475051E-29
623,1.237526E-29
623,6.187628E-30
623,3.093814E-30
623,1.546907E-30
623,7.734535E-31
623,3.867267E-31
623,1.933634E-31
623,9.668168E-32
623,4.834084E-32
623,2.417042E-32
623,1.208521E-32
623,6.042605E-33
623,3.021303E-33
623,1.510651E-33
623,7.553257E-34
623,3.776628E-34
623,1.888314E-34
623,9.441571E-35
623,4.720785E-35
623,2.360393E-35
623,1.180196E-35
623,5.900982E-36
623,2.950491E-36
623,1.475245E-36
623,7.376227E-37
623,3.688114E-37
623,1.844057E-37
623,9.220284E-38
623,4.610142E-38
623,2.305071E-38
623,1.152535E-38
623,5.762677E-39
623,2.881339E-39
623,1.440669E-39
623,7.203347E-40
623,3.601673E-40
623,1.800837E-40
623,9.004183E-41
623,4.502092E-41
623,2.251046E-41
623,1.125523E-41
623,5.627615E-42
623,2.813807E-42
623,1.406904E-42
623,7.034518E-43
623,3.517259E-43
623,1.765636E-43
623,8.82818E-44
623,4.484155E-44
623,2.242078E-44
623,1.121039E-44
623,5.605194E-45
623,2.802597E-45
623,1.401298E-45
623,0
623,0
623,0
623,0
623,0
623,0
623,0
623,0
623,0
623,0
623,0
623,0
623,0
623,0
623,0
623,0
623,0
623,0
623,0
623,0
623,0
623,0
623,0
623,0
623,0
623,0
623,0
623,0
623,0
623,0
623,0
623,0
623,0
623,0
623,0
623,0
623,0
623,0
623,0
623,0
623,0
623,0
623,0
623,0
623,0
623,0
623,0
623,0
623,0
623,0
623,0
623,0
623,0
623,0
623,0
623,0
623,0
623,0
623,0
623,0
623,0
623,0
623,0
623,0
623,0
443,90
443,45
443,22.5
443,11.25
443,5.625
443,2.8125
443,1.40625
443,0.703125
443,0.3515625
443,0.1757813
443,0.08789063
443,0.04394531
443,0.02197266
443,0.01098633
443,0.005493164
443,0.002746582
443,0.001373291
443,0.0006866455
443,0.0003433228
443,0.0001716614
443,8.583069E-05
443,4.291534E-05
443,2.145767E-05
443,1.072884E-05
443,5.364418E-06
443,2.682209E-06
443,1.341105E-06
443,6.705523E-07
443,3.352761E-07
443,1.676381E-07
443,8.381903E-08
443,4.190952E-08
443,2.095476E-08
443,1.047738E-08
443,5.238689E-09
443,2.619345E-09
443,1.309672E-09
443,6.548362E-10
443,3.274181E-10
443,1.63709E-10
443,8.185452E-11
443,4.092726E-11
443,2.046363E-11
443,1.023182E-11
443,5.115908E-12
443,2.557954E-12
443,1.278977E-12
443,6.394885E-13
443,3.197442E-13
443,1.598721E-13
443,7.993606E-14
443,3.996803E-14
443,1.998401E-14
443,9.992007E-15
443,4.996004E-15
443,2.498002E-15
443,1.249001E-15
443,6.245005E-16
443,3.122502E-16
443,1.561251E-16
443,7.806256E-17
443,3.903128E-17
443,1.951564E-17
443,9.75782E-18
443,4.87891E-18
443,2.439455E-18
443,1.219727E-18
443,6.098637E-19
443,3.049319E-19
443,1.524659E-19
443,7.623297E-20
443,3.811648E-20
443,1.905824E-20
443,9.529121E-21
443,4.76456E-21
443,2.38228E-21
443,1.19114E-21
443,5.9557E-22
443,2.97785E-22
443,1.488925E-22
443,7.444626E-23
443,3.722313E-23
443,1.861156E-23
443,9.305782E-24
443,4.652891E-24
443,2.326445E-24
443,1.163223E-24
443,5.816114E-25
443,2.908057E-25
443,1.454028E-25
443,7.270142E-26
443,3.635071E-26
443,1.817536E-26
443,9.087678E-27
443,4.543839E-27
443,2.271919E-27
443,1.13596E-27
443,5.679799E-28
443,2.839899E-28
443,1.41995E-28
443,7.099748E-29
443,3.549874E-29
443,1.774937E-29
443,8.874685E-30
443,4.437343E-30
443,2.218671E-30
443,1.109336E-30
443,5.546678E-31
443,2.773339E-31
443,1.38667E-31
443,6.933348E-32
443,3.466674E-32
443,1.733337E-32
443,8.666685E-33
443,4.333342E-33
443,2.166671E-33
443,1.083336E-33
443,5.416678E-34
443,2.708339E-34
443,1.354169E-34
443,6.770847E-35
443,3.385424E-35
443,1.692712E-35
443,8.463559E-36
443,4.23178E-36
443,2.11589E-36
443,1.057945E-36
443,5.289725E-37
443,2.644862E-37
443,1.322431E-37
443,6.612156E-38
443,3.306078E-38
443,1.653039E-38
443,8.265195E-39
443,4.132597E-39
443,2.066299E-39
443,1.033149E-39
443,5.165747E-40
443,2.582873E-40
443,1.291437E-40
443,6.457183E-41
443,3.228592E-41
443,1.614296E-41
443,8.071479E-42
443,4.03574E-42
443,2.01787E-42
443,1.008935E-42
443,5.044674E-43
443,2.522337E-43
443,1.261169E-43
443,6.305843E-44
443,3.082857E-44
443,1.541428E-44
443,8.407791E-45
443,4.203895E-45
443,2.802597E-45
443,1.401298E-45
443,0
443,0
443,0
443,0
443,0
443,0
443,0
443,0
443,0
443,0
443,0
443,0
443,0
443,0
443,0
443,0
443,0
443,0
443,0
443,0
443,0
443,0
443,0
443,0
443,0
443,0
443,0
443,0
443,0
443,0
443,0
443,0
443,0
443,0
443,0
443,0
443,0
443,0
443,0
443,0
443,0
322,60.5
322,30.25
322,15.125
322,7.5625
322,3.78125
322,1.890625
322,0.9453125
322,0.4726563
322,0.2363281
322,0.1181641
322,0.05908203
322,0.02954102
322,0.01477051
322,0.007385254
322,0.003692627
322,0.001846313
322,0.0009231567
322,0.0004615784
322,0.0002307892
322,0.0001153946
322,5.76973E-05
322,2.884865E-05
322,1.442432E-05
322,7.212162E-06
322,3.606081E-06
322,1.803041E-06
322,9.015203E-07
322,4.507601E-07
322,2.253801E-07
322,1.1269E-07
322,5.634502E-08
322,2.817251E-08
322,1.408625E-08
322,7.043127E-09
322,3.521563E-09
322,1.760782E-09
322,8.803909E-10
322,4.401954E-10
322,2.200977E-10
322,1.100489E-10
322,5.502443E-11
322,2.751221E-11
322,1.375611E-11
322,6.878054E-12
322,3.439027E-12
322,1.719513E-12
322,8.597567E-13
322,4.298784E-13
322,2.149392E-13
322,1.074696E-13
322,5.373479E-14
322,2.68674E-14
322,1.34337E-14
322,6.716849E-15
322,3.358425E-15
322,1.679212E-15
322,8.396062E-16
322,4.198031E-16
322,2.099015E-16
322,1.049508E-16
322,5.247539E-17
322,2.623769E-17
322,1.311885E-17
322,6.559423E-18
322,3.279712E-18
322,1.639856E-18
322,8.199279E-19
322,4.099639E-19
322,2.04982E-19
322,1.02491E-19
322,5.124549E-20
322,2.562275E-20
322,1.281137E-20
322,6.405687E-21
322,3.202843E-21
322,1.601422E-21
322,8.007108E-22
322,4.003554E-22
322,2.001777E-22
322,1.000889E-22
322,5.004443E-23
322,2.502221E-23
322,1.251111E-23
322,6.255553E-24
322,3.127777E-24
322,1.563888E-24
322,7.819442E-25
322,3.909721E-25
322,1.95486E-25
322,9.774302E-26
322,4.887151E-26
322,2.443576E-26
322,1.221788E-26
322,6.108939E-27
322,3.054469E-27
322,1.527235E-27
322,7.636174E-28
322,3.818087E-28
322,1.909043E-28
322,9.545217E-29
322,4.772608E-29
322,2.386304E-29
322,1.193152E-29
322,5.965761E-30
322,2.98288E-30
322,1.49144E-30
322,7.457201E-31
322,3.7286E-31
322,1.8643E-31
322,9.321501E-32
322,4.66075E-32
322,2.330375E-32
322,1.165188E-32
322,5.825938E-33
322,2.912969E-33
322,1.456485E-33
322,7.282423E-34
322,3.641211E-34
322,1.820606E-34
322,9.103028E-35
322,4.551514E-35
322,2.275757E-35
322,1.137879E-35
322,5.689393E-36
322,2.844696E-36
322,1.422348E-36
322,7.111741E-37
322,3.55587E-37
322,1.777935E-37
322,8.889676E-38
322,4.444838E-38
322,2.222419E-38
322,1.11121E-38
322,5.556048E-39
322,2.778024E-39
322,1.389012E-39
322,6.945059E-40
322,3.47253E-40
322,1.736265E-40
322,8.681324E-41
322,4.340662E-41
322,2.170331E-41
322,1.085166E-41
322,5.425828E-42
322,2.712914E-42
322,1.356457E-42
322,6.782285E-43
322,3.391142E-43
322,1.695571E-43
322,8.407791E-44
322,4.203895E-44
322,2.101948E-44
322,1.121039E-44
322,5.605194E-45
322,2.802597E-45
322,1.401298E-45
322,0
322,0
322,0
322,0
322,0
322,0
322,0
322,0
322,0
322,0
322,0
322,0
322,0
322,0
322,0
322,0
322,0
322,0
322,0
322,0
322,0
322,0
322,0
322,0
322,0
322,0
322,0
322,0
322,0
322,0
322,0
322,0
322,0
322,0
322,0
322,0
322,0
322,0
322,0
322,0
322,0
322,0
322,0
322,0
322,0
322,0
322,0
322,0
322,0
322,0
322,0
322,0
322,0
322,0
322,0
322,0
322,0
322,0
322,0
322,0
322,0
322,0
322,0
322,0
322,0
322,0
322,0
322,0
322,0
322,0
322,0
322,0
322,0
322,0
322,0
322,0
322,0
322,0
322,0
322,0
322,0
322,0
322,0
322,0
322,0
322,0
237,42.5
237,21.25
237,10.625
237,5.3125
237,2.65625
237,1.328125
237,0.6640625
237,0.3320313
237,0.1660156
237,0.08300781
237,0.04150391
237,0.02075195
237,0.01037598
237,0.005187988
237,0.002593994
237,0.001296997
237,0.0006484985
237,0.0003242493
237,0.0001621246
237,8.106232E-05
237,4.053116E-05
237,2.026558E-05
237,1.013279E-05
237,5.066395E-06
237,2.533197E-06
237,1.266599E-06
237,6.332994E-07
237,3.166497E-07
237,1.583248E-07
237,7.916242E-08
237,3.958121E-08
237,1.97906E-08
237,9.895302E-09
237,4.947651E-09
237,2.473826E-09
237,1.236913E-09
237,6.184564E-10
237,3.092282E-10
237,1.546141E-10
237,7.730705E-11
237,3.865352E-11
237,1.932676E-11
237,9.663381E-12
237,4.831691E-12
237,2.415845E-12
237,1.207923E-12
237,6.039613E-13
237,3.019807E-13
237,1.509903E-13
237,7.549517E-14
237,3.774758E-14
237,1.887379E-14
237,9.436896E-15
237,4.718448E-15
237,2.359224E-15
237,1.179612E-15
237,5.89806E-16
237,2.94903E-16
237,1.474515E-16
237,7.372575E-17
237,3.686287E-17
237,1.843144E-17
237,9.215718E-18
237,4.607859E-18
237,2.30393E-18
237,1.151965E-18
237,5.759824E-19
237,2.879912E-19
237,1.439956E-19
237,7.19978E-20
237,3.59989E-20
237,1.799945E-20
237,8.999725E-21
237,4.499863E-21
237,2.249931E-21
237,1.124966E-21
237,5.624828E-22
237,2.812414E-22
237,1.406207E-22
237,7.031035E-23
237,3.515518E-23
237,1.757759E-23
237,8.788794E-24
237,4.394397E-24
237,2.197199E-24
237,1.098599E-24
237,5.492996E-25
237,2.746498E-25
237,1.373249E-25
237,6.866245E-26
237,3.433123E-26
237,1.716561E-26
237,8.582807E-27
237,4.291403E-27
237,2.145702E-27
237,1.072851E-27
237,5.364254E-28
237,2.682127E-28
237,1.341064E-28
237,6.705318E-29
237,3.352659E-29
237,1.676329E-29
237,8.381647E-30
237,4.190824E-30
237,2.095412E-30
237,1.047706E-30
237,5.238529E-31
237,2.619265E-31
237,1.309632E-31
237,6.548162E-32
237,3.274081E-32
237,1.63704E-32
237,8.185202E-33
237,4.092601E-33
237,2.046301E-33
237,1.02315E-33
237,5.115751E-34
237,2.557876E-34
237,1.278938E-34
237,6.394689E-35
237,3.197345E-35
237,1.598672E-35
237,7.993362E-36
237,3.996681E-36
237,1.99834E-36
237,9.991702E-37
237,4.995851E-37
237,2.497925E-37
237,1.248963E-37
237,6.244814E-38
237,3.122407E-38
237,1.561203E-38
237,7.806017E-39
237,3.903009E-39
237,1.951504E-39
237,9.757521E-40
237,4.878761E-40
237,2.43938E-40
237,1.21969E-40
237,6.098451E-41
237,3.049225E-41
237,1.524613E-41
237,7.623064E-42
237,3.811532E-42
237,1.905766E-42
237,9.52883E-43
237,4.764415E-43
237,2.382207E-43
237,1.191104E-43
237,5.885454E-44
237,2.942727E-44
237,1.401298E-44
237,7.006492E-45
237,2.802597E-45
237,1.401298E-45
237,0
237,0
237,0
237,0
237,0
237,0
237,0
237,0
237,0
237,0
237,0
237,0
237,0
237,0
237,0
237,0
237,0
237,0
237,0
237,0
237,0
237,0
237,0
237,0
237,0
237,0
237,0
237,0
237,0
237,0
237,0
237,0
237,0
237,0
237,0
237,0
237,0
237,0
237,0
237,0
237,0
237,0
237,0
237,0
237,0
237,0
237,0
237,0
237,0
237,0
237,0
237,0
237,0
237,0
237,0
237,0
237,0
237,0
237,0
237,0
237,0
237,0
237,0
237,0
237,0
237,0
237,0
237,0
237,0
237,0
237,0
237,0
237,0
237,0
237,0
237,0
237,0
237,0
237,0
237,0
237,0
237,0
237,0
237,0
237,0
237,0
237,0
237,0
237,0
237,0
237,0
237,0
237,0
237,0
237,0
237,0
237,0
237,0
237,0
237,0
237,0
237,0
237,0
237,0
237,0
237,0
237,0
237,0
237,0
237,0
237,0
237,0
237,0
237,0
237,0
237,0
237,0
237,0
237,0
237,0
237,0
237,0
237,0
237,0
237,0
237,0
237,0
201,18
201,9
201,4.5
201,2.25
201,1.125
201,0.5625
201,0.28125
201,0.140625
201,0.0703125
201,0.03515625
201,0.01757813
201,0.008789063
201,0.004394531
201,0.002197266
201,0.001098633
201,0.0005493164
201,0.0002746582
201,0.0001373291
201,6.866455E-05
201,3.433228E-05
201,1.716614E-05
201,8.583069E-06
201,4.291534E-06
201,2.145767E-06
201,1.072884E-06
201,5.364418E-07
201,2.682209E-07
201,1.341105E-07
201,6.705523E-08
201,3.352761E-08
201,1.676381E-08
201,8.381903E-09
201,4.190952E-09
201,2.095476E-09
201,1.047738E-09
201,5.238689E-10
201,2.619345E-10
201,1.309672E-10
201,6.548362E-11
201,3.274181E-11
201,1.63709E-11
201,8.185452E-12
201,4.092726E-12
201,2.046363E-12
201,1.023182E-12
201,5.115908E-13
201,2.557954E-13
201,1.278977E-13
201,6.394885E-14
201,3.197442E-14
201,1.598721E-14
201,7.993606E-15
201,3.996803E-15
201,1.998401E-15
201,9.992007E-16
201,4.996004E-16
201,2.498002E-16
201,1.249001E-16
201,6.245005E-17
201,3.122502E-17
201,1.561251E-17
201,7.806256E-18
201,3.903128E-18
201,1.951564E-18
201,9.75782E-19
201,4.87891E-19
201,2.439455E-19
201,1.219727E-19
201,6.098637E-20
201,3.049319E-20
201,1.524659E-20
201,7.623297E-21
201,3.811648E-21
201,1.905824E-21
201,9.529121E-22
201,4.76456E-22
201,2.38228E-22
201,1.19114E-22
201,5.9557E-23
201,2.97785E-23
201,1.488925E-23
201,7.444626E-24
201,3.722313E-24
201,1.861156E-24
201,9.305782E-25
201,4.652891E-25
201,2.326445E-25
201,1.163223E-25
201,5.816114E-26
201,2.908057E-26
201,1.454028E-26
201,7.270142E-27
201,3.635071E-27
201,1.817536E-27
201,9.087678E-28
201,4.543839E-28
201,2.271919E-28
201,1.13596E-28
201,5.679799E-29
201,2.839899E-29
201,1.41995E-29
201,7.099748E-30
201,3.549874E-30
201,1.774937E-30
201,8.874685E-31
201,4.437343E-31
201,2.218671E-31
201,1.109336E-31
201,5.546678E-32
201,2.773339E-32
201,1.38667E-32
201,6.933348E-33
201,3.466674E-33
201,1.733337E-33
201,8.666685E-34
201,4.333342E-34
201,2.166671E-34
201,1.083336E-34
201,5.416678E-35
201,2.708339E-35
201,1.354169E-35
201,6.770847E-36
201,3.385424E-36
201,1.692712E-36
201,8.463559E-37
201,4.23178E-37
201,2.11589E-37
201,1.057945E-37
201,5.289725E-38
201,2.644862E-38
201,1.322431E-38
201,6.612156E-39
201,3.306078E-39
201,1.653039E-39
201,8.265195E-40
201,4.132597E-40
201,2.066299E-40
201,1.033149E-40
201,5.165747E-41
201,2.582873E-41
201,1.291437E-41
201,6.457183E-42
201,3.228592E-42
201,1.614296E-42
201,8.071479E-43
201,4.03574E-43
201,2.01787E-43
201,1.008935E-43
201,5.044674E-44
201,2.522337E-44
201,1.261169E-44
201,5.605194E-45
201,2.802597E-45
201,1.401298E-45
201,0
201,0
201,0
201,0
201,0
201,0
201,0
201,0
201,0
201,0
201,0
201,0
201,0
201,0
201,0
201,0
201,0
201,0
201,0
201,0
201,0
201,0
201,0
201,0
201,0
201,0
201,0
201,0
201,0
201,0
201,0
201,0
201,0
201,0
201,0
201,0
201,0
201,0
201,0
201,0
201,0
201,0
201,0
201,0
201,0
201,0
201,0
201,0
201,0
201,0
201,0
201,0
201,0
201,0
201,0
201,0
201,0
201,0
201,0
201,0
201,0
201,0
201,0
201,0
201,0
201,0
201,0
201,0
201,0
201,0
201,0
201,0
201,0
201,0
201,0
201,0
201,0
201,0
201,0
201,0
201,0
201,0
201,0
201,0
201,0
201,0
201,0
201,0
201,0
147,27
147,13.5
147,6.75
147,3.375
147,1.6875
147,0.84375
147,0.421875
147,0.2109375
147,0.1054688
147,0.05273438
147,0.02636719
147,0.01318359
147,0.006591797
147,0.003295898
147,0.001647949
147,0.0008239746
147,0.0004119873
147,0.0002059937
147,0.0001029968
147,5.149841E-05
147,2.574921E-05
147,1.28746E-05
147,6.437302E-06
147,3.218651E-06
147,1.609325E-06
147,8.046627E-07
147,4.023314E-07
147,2.011657E-07
147,1.005828E-07
147,5.029142E-08
147,2.514571E-08
147,1.257285E-08
147,6.286427E-09
147,3.143214E-09
147,1.571607E-09
147,7.858034E-10
147,3.929017E-10
147,1.964509E-10
147,9.822543E-11
147,4.911271E-11
147,2.455636E-11
147,1.227818E-11
147,6.139089E-12
147,3.069545E-12
147,1.534772E-12
147,7.673862E-13
147,3.836931E-13
147,1.918465E-13
147,9.592327E-14
147,4.796163E-14
147,2.398082E-14
147,1.199041E-14
147,5.995204E-15
147,2.997602E-15
147,1.498801E-15
147,7.494005E-16
147,3.747003E-16
147,1.873501E-16
147,9.367507E-17
147,4.683753E-17
147,2.341877E-17
147,1.170938E-17
147,5.854692E-18
147,2.927346E-18
147,1.463673E-18
147,7.318365E-19
147,3.659182E-19
147,1.829591E-19
147,9.147956E-20
147,4.573978E-20
147,2.286989E-20
147,1.143494E-20
147,5.717472E-21
147,2.858736E-21
147,1.429368E-21
147,7.14684E-22
147,3.57342E-22
147,1.78671E-22
147,8.933551E-23
147,4.466775E-23
147,2.233388E-23
147,1.116694E-23
147,5.583469E-24
147,2.791735E-24
147,1.395867E-24
147,6.979336E-25
147,3.489668E-25
147,1.744834E-25
147,8.724171E-26
147,4.362085E-26
147,2.181043E-26
147,1.090521E-26
147,5.452607E-27
147,2.726303E-27
147,1.363152E-27
147,6.815758E-28
147,3.407879E-28
147,1.70394E-28
147,8.519698E-29
147,4.259849E-29
147,2.129924E-29
147,1.064962E-29
147,5.324811E-30
147,2.662406E-30
147,1.331203E-30
147,6.656014E-31
147,3.328007E-31
147,1.664003E-31
147,8.320017E-32
147,4.160009E-32
147,2.080004E-32
147,1.040002E-32
147,5.200011E-33
147,2.600005E-33
147,1.300003E-33
147,6.500014E-34
147,3.250007E-34
147,1.625003E-34
147,8.125017E-35
147,4.062508E-35
147,2.031254E-35
147,1.015627E-35
147,5.078136E-36
147,2.539068E-36
147,1.269534E-36
147,6.347669E-37
147,3.173835E-37
147,1.586917E-37
147,7.934587E-38
147,3.967293E-38
147,1.983647E-38
147,9.918234E-39
147,4.959117E-39
147,2.479558E-39
147,1.239779E-39
147,6.198896E-40
147,3.099448E-40
147,1.549724E-40
147,7.74862E-41
147,3.87431E-41
147,1.937155E-41
147,9.685775E-42
147,4.842887E-42
147,2.421444E-42
147,1.210722E-42
147,6.053609E-43
147,3.026805E-43
147,1.513402E-43
147,7.567012E-44
147,3.783506E-44
147,1.961818E-44
147,9.809089E-45
147,5.605194E-45
147,2.802597E-45
147,1.401298E-45
147,0
147,0
147,0
147,0
147,0
147,0
147,0
147,0
147,0
147,0
147,0
147,0
147,0
147,0
147,0
147,0
147,0
147,0
147,0
147,0
147,0
147,0
147,0
147,0
147,0
147,0
147,0
147,0
147,0
147,0
147,0
147,0
147,0
147,0
147,0
147,0
147,0
147,0
147,0
147,0
147,0
147,0
147,0
147,0
147,0
147,0
147,0
147,0
147,0
147,0
147,0
147,0
147,0
147,0
147,0
147,0
147,0
147,0
147,0
147,0
147,0
147,0
147,0
147,0
147,0
147,0
147,0
147,0
147,0
147,0
147,0
147,0
147,0
147,0
147,0
147,0
147,0
147,0
147,0
147,0
147,0
147,0
147,0
147,0
147,0
147,0
147,0
147,0
147,0
147,0
147,0
147,0
147,0
147,0
147,0
147,0
147,0
147,0
147,0
147,0
147,0
147,0
147,0
147,0
147,0
147,0
147,0
147,0
114,16.5
114,8.25
114,4.125
114,2.0625
114,1.03125
114,0.515625
114,0.2578125
114,0.1289063
114,0.06445313
114,0.03222656
114,0.01611328
114,0.008056641
114,0.00402832
114,0.00201416
114,0.00100708
114,0.00050354
114,0.00025177
114,0.000125885
114,6.29425E-05
114,3.147125E-05
114,1.573563E-05
114,7.867813E-06
114,3.933907E-06
114,1.966953E-06
114,9.834766E-07
114,4.917383E-07
114,2.458692E-07
114,1.229346E-07
114,6.146729E-08
114,3.073364E-08
114,1.536682E-08
114,7.683411E-09
114,3.841706E-09
114,1.920853E-09
114,9.604264E-10
114,4.802132E-10
114,2.401066E-10
114,1.200533E-10
114,6.002665E-11
114,3.001333E-11
114,1.500666E-11
114,7.503331E-12
114,3.751666E-12
114,1.875833E-12
114,9.379164E-13
114,4.689582E-13
114,2.344791E-13
114,1.172396E-13
114,5.861978E-14
114,2.930989E-14
114,1.465494E-14
114,7.327472E-15
114,3.663736E-15
114,1.831868E-15
114,9.15934E-16
114,4.57967E-16
114,2.289835E-16
114,1.144917E-16
114,5.724587E-17
114,2.862294E-17
114,1.431147E-17
114,7.155734E-18
114,3.577867E-18
114,1.788934E-18
114,8.944668E-19
114,4.472334E-19
114,2.236167E-19
114,1.118083E-19
114,5.590417E-20
114,2.795209E-20
114,1.397604E-20
114,6.988022E-21
114,3.494011E-21
114,1.747005E-21
114,8.735027E-22
114,4.367514E-22
114,2.183757E-22
114,1.091878E-22
114,5.459392E-23
114,2.729696E-23
114,1.364848E-23
114,6.82424E-24
114,3.41212E-24
114,1.70606E-24
114,8.5303E-25
114,4.26515E-25
114,2.132575E-25
114,1.066288E-25
114,5.331438E-26
114,2.665719E-26
114,1.332859E-26
114,6.664297E-27
114,3.332148E-27
114,1.666074E-27
114,8.330371E-28
114,4.165186E-28
114,2.082593E-28
114,1.041296E-28
114,5.206482E-29
114,2.603241E-29
114,1.30162E-29
114,6.508102E-30
114,3.254051E-30
114,1.627026E-30
114,8.135128E-31
114,4.067564E-31
114,2.033782E-31
114,1.016891E-31
114,5.084455E-32
114,2.542228E-32
114,1.271114E-32
114,6.355569E-33
114,3.177784E-33
114,1.588892E-33
114,7.944461E-34
114,3.972231E-34
114,1.986115E-34
114,9.930576E-35
114,4.965288E-35
114,2.482644E-35
114,1.241322E-35
114,6.20661E-36
114,3.103305E-36
114,1.551653E-36
114,7.758263E-37
114,3.879131E-37
114,1.939566E-37
114,9.697828E-38
114,4.848914E-38
114,2.424457E-38
114,1.212229E-38
114,6.061143E-39
114,3.030571E-39
114,1.515286E-39
114,7.576428E-40
114,3.788214E-40
114,1.894107E-40
114,9.470536E-41
114,4.735268E-41
114,2.367634E-41
114,1.183817E-41
114,5.919085E-42
114,2.959542E-42
114,1.479771E-42
114,7.398856E-43
114,3.699428E-43
114,1.849714E-43
114,9.24857E-44
114,4.624285E-44
114,2.242078E-44
114,1.121039E-44
114,5.605194E-45
114,2.802597E-45
114,1.401298E-45
114,0
114,0
114,0
114,0
114,0
114,0
114,0
114,0
114,0
114,0
114,0
114,0
114,0
114,0
114,0
114,0
114,0
114,0
114,0
114,0
114,0
114,0
114,0
114,0
114,0
114,0
114,0
114,0
114,0
114,0
114,0
114,0
114,0
114,0
114,0
114,0
114,0
114,0
114,0
114,0
114,0
114,0
114,0
114,0
114,0
114,0
114,0
114,0
114,0
114,0
114,0
114,0
114,0
114,0
114,0
114,0
114,0
114,0
114,0
114,0
114,0
114,0
114,0
114,0
114,0
114,0
114,0
114,0
114,0
114,0
114,0
114,0
114,0
114,0
114,0
114,0
114,0
114,0
114,0
114,0
114,0
114,0
114,0
114,0
114,0
114,0
114,0
114,0
114,0
114,0
114,0
114,0
114,0
114,0
114,0
114,0
91,11.5
91,5.75
91,2.875
91,1.4375
91,0.71875
91,0.359375
91,0.1796875
91,0.08984375
91,0.04492188
91,0.02246094
91,0.01123047
91,0.005615234
91,0.002807617
91,0.001403809
91,0.0007019043
91,0.0003509521
91,0.0001754761
91,8.773804E-05
91,4.386902E-05
91,2.193451E-05
91,1.096725E-05
91,5.483627E-06
91,2.741814E-06
91,1.370907E-06
91,6.854534E-07
91,3.427267E-07
91,1.713634E-07
91,8.568168E-08
91,4.284084E-08
91,2.142042E-08
91,1.071021E-08
91,5.355105E-09
91,2.677552E-09
91,1.338776E-09
91,6.693881E-10
91,3.346941E-10
91,1.67347E-10
91,8.367351E-11
91,4.183676E-11
91,2.091838E-11
91,1.045919E-11
91,5.229595E-12
91,2.614797E-12
91,1.307399E-12
91,6.536993E-13
91,3.268497E-13
91,1.634248E-13
91,8.171241E-14
91,4.085621E-14
91,2.04281E-14
91,1.021405E-14
91,5.107026E-15
91,2.553513E-15
91,1.276756E-15
91,6.383782E-16
91,3.191891E-16
91,1.595946E-16
91,7.979728E-17
91,3.989864E-17
91,1.994932E-17
91,9.97466E-18
91,4.98733E-18
91,2.493665E-18
91,1.246832E-18
91,6.234162E-19
91,3.117081E-19
91,1.558541E-19
91,7.792703E-20
91,3.896352E-20
91,1.948176E-20
91,9.740879E-21
91,4.870439E-21
91,2.43522E-21
91,1.21761E-21
91,6.088049E-22
91,3.044025E-22
91,1.522012E-22
91,7.610062E-23
91,3.805031E-23
91,1.902515E-23
91,9.512577E-24
91,4.756289E-24
91,2.378144E-24
91,1.189072E-24
91,5.945361E-25
91,2.97268E-25
91,1.48634E-25
91,7.431701E-26
91,3.71585E-26
91,1.857925E-26
91,9.289626E-27
91,4.644813E-27
91,2.322407E-27
91,1.161203E-27
91,5.806016E-28
91,2.903008E-28
91,1.451504E-28
91,7.25752E-29
91,3.62876E-29
91,1.81438E-29
91,9.0719E-30
91,4.53595E-30
91,2.267975E-30
91,1.133988E-30
91,5.669938E-31
91,2.834969E-31
91,1.417484E-31
91,7.087422E-32
91,3.543711E-32
91,1.771856E-32
91,8.859278E-33
91,4.429639E-33
91,2.214819E-33
91,1.10741E-33
91,5.537049E-34
91,2.768524E-34
91,1.384262E-34
91,6.921311E-35
91,3.460655E-35
91,1.730328E-35
91,8.651638E-36
91,4.325819E-36
91,2.16291E-36
91,1.081455E-36
91,5.407274E-37
91,2.703637E-37
91,1.351819E-37
91,6.759093E-38
91,3.379546E-38
91,1.689773E-38
91,8.448866E-39
91,4.224433E-39
91,2.112216E-39
91,1.056108E-39
91,5.280541E-40
91,2.640271E-40
91,1.320135E-40
91,6.600676E-41
91,3.300338E-41
91,1.650169E-41
91,8.250845E-42
91,4.125423E-42
91,2.062711E-42
91,1.031356E-42
91,5.156778E-43
91,2.578389E-43
91,1.289195E-43
91,6.445973E-44
91,3.222986E-44
91,1.681558E-44
91,8.407791E-45
91,4.203895E-45
91,2.802597E-45
91,1.401298E-45
91,0
91,0
91,0
91,0
91,0
91,0
91,0
91,0
91,0
91,0
91,0
91,0
91,0
91,0
91,0
91,0
91,0
91,0
91,0
91,0
91,0
91,0
91,0
91,0
91,0
91,0
91,0
91,0
91,0
91,0
91,0
91,0
91,0
91,0
91,0
91,0
91,0
91,0
91,0
91,0
91,0
91,0
91,0
91,0
91,0
91,0
91,0
91,0
91,0
91,0
91,0
91,0
91,0
91,0
91,0
91,0
91,0
91,0
91,0
91,0
91,0
91,0
91,0
91,0
91,0
91,0
91,0
91,0
91,0
91,0
91,0
91,0
91,0
91,0
91,0
91,0
91,0
91,0
91,0
91,0
91,0
91,0
91,0
91,0
91,0
91,0
91,0
91,0
91,0
91,0
91,0
91,0
91,0
91,0
91,0
91,0
91,0
91,0
91,0
91,0
91,0
91,0
91,0
91,0
91,0
91,0
91,0
91,0
91,0
91,0
91,0
91,0
91,0
91,0
91,0
91,0
91,0
91,0
91,0
91,0
91,0
91,0
91,0
91,0
91,0
91,0
91,0
91,0
91,0
91,0
91,0
91,0
91,0
91,0
91,0
91,0
91,0
91,0
69,11
69,5.5
69,2.75
69,1.375
69,0.6875
69,0.34375
69,0.171875
69,0.0859375
69,0.04296875
69,0.02148438
69,0.01074219
69,0.005371094
69,0.002685547
69,0.001342773
69,0.0006713867
69,0.0003356934
69,0.0001678467
69,8.392334E-05
69,4.196167E-05
69,2.098083E-05
69,1.049042E-05
69,5.245209E-06
69,2.622604E-06
69,1.311302E-06
69,6.556511E-07
69,3.278255E-07
69,1.639128E-07
69,8.195639E-08
69,4.097819E-08
69,2.04891E-08
69,1.024455E-08
69,5.122274E-09
69,2.561137E-09
69,1.280569E-09
69,6.402843E-10
69,3.201421E-10
69,1.600711E-10
69,8.003553E-11
69,4.001777E-11
69,2.000888E-11
69,1.000444E-11
69,5.002221E-12
69,2.50111E-12
69,1.250555E-12
69,6.252776E-13
69,3.126388E-13
69,1.563194E-13
69,7.81597E-14
69,3.907985E-14
69,1.953993E-14
69,9.769963E-15
69,4.884981E-15
69,2.442491E-15
69,1.221245E-15
69,6.106227E-16
69,3.053113E-16
69,1.526557E-16
69,7.632783E-17
69,3.816392E-17
69,1.908196E-17
69,9.540979E-18
69,4.77049E-18
69,2.385245E-18
69,1.192622E-18
69,5.963112E-19
69,2.981556E-19
69,1.490778E-19
69,7.45389E-20
69,3.726945E-20
69,1.863472E-20
69,9.317362E-21
69,4.658681E-21
69,2.329341E-21
69,1.16467E-21
69,5.823352E-22
69,2.911676E-22
69,1.455838E-22
69,7.279189E-23
69,3.639595E-23
69,1.819797E-23
69,9.098987E-24
69,4.549493E-24
69,2.274747E-24
69,1.137373E-24
69,5.686867E-25
69,2.843433E-25
69,1.421717E-25
69,7.108583E-26
69,3.554292E-26
69,1.777146E-26
69,8.885729E-27
69,4.442865E-27
69,2.221432E-27
69,1.110716E-27
69,5.553581E-28
69,2.77679E-28
69,1.388395E-28
69,6.941976E-29
69,3.470988E-29
69,1.735494E-29
69,8.67747E-30
69,4.338735E-30
69,2.169367E-30
69,1.084684E-30
69,5.423419E-31
69,2.711709E-31
69,1.355855E-31
69,6.779273E-32
69,3.389637E-32
69,1.694818E-32
69,8.474092E-33
69,4.237046E-33
69,2.118523E-33
69,1.059261E-33
69,5.296307E-34
69,2.648154E-34
69,1.324077E-34
69,6.620384E-35
69,3.310192E-35
69,1.655096E-35
69,8.27548E-36
69,4.13774E-36
69,2.06887E-36
69,1.034435E-36
69,5.172175E-37
69,2.586088E-37
69,1.293044E-37
69,6.465219E-38
69,3.232609E-38
69,1.616305E-38
69,8.081524E-39
69,4.040762E-39
69,2.020381E-39
69,1.01019E-39
69,5.050952E-40
69,2.525476E-40
69,1.262738E-40
69,6.31369E-41
69,3.156845E-41
69,1.578423E-41
69,7.892113E-42
69,3.946056E-42
69,1.973028E-42
69,9.865141E-43
69,4.932571E-43
69,2.466285E-43
69,1.233143E-43
69,6.165713E-44
69,3.082857E-44
69,1.541428E-44
69,8.407791E-45
69,4.203895E-45
69,2.802597E-45
69,1.401298E-45
69,0
69,0
69,0
69,0
69,0
69,0
69,0
69,0
69,0
69,0
69,0
69,0
69,0
69,0
69,0
69,0
69,0
69,0
69,0
69,0
69,0
69,0
69,0
69,0
69,0
69,0
69,0
69,0
69,0
69,0
69,0
69,0
69,0
69,0
69,0
69,0
69,0
69,0
69,0
69,0
69,0
69,0
69,0
69,0
69,0
69,0
69,0
69,0
69,0
69,0
69,0
69,0
69,0
69,0
69,0
69,0
69,0
69,0
69,0
69,0
69,0
69,0
69,0
69,0
69,0
69,0
69,0
69,0
69,0
69,0
69,0
69,0
69,0
69,0
69,0
69,0
69,0
69,0
69,0
69,0
69,0
69,0
69,0
69,0
69,0
69,0
69,0
69,0
69,0
69,0
69,0
69,0
69,0
69,0
69,0
69,0
69,0
69,0
69,0
69,0
69,0
69,0
69,0
69,0
69,0
90,10.5
90,5.25
90,2.625
90,1.3125
90,0.65625
90,0.328125
90,0.1640625
90,0.08203125
90,0.04101563
90,0.02050781
90,0.01025391
90,0.005126953
90,0.002563477
90,0.001281738
90,0.0006408691
90,0.0003204346
90,0.0001602173
90,8.010864E-05
90,4.005432E-05
90,2.002716E-05
90,1.001358E-05
90,5.00679E-06
90,2.503395E-06
90,1.251698E-06
90,6.258488E-07
90,3.129244E-07
90,1.564622E-07
90,7.82311E-08
90,3.911555E-08
90,1.955777E-08
90,9.778887E-09
90,4.889444E-09
90,2.444722E-09
90,1.222361E-09
90,6.111804E-10
90,3.055902E-10
90,1.527951E-10
90,7.639755E-11
90,3.819878E-11
90,1.909939E-11
90,9.549694E-12
90,4.774847E-12
90,2.387424E-12
90,1.193712E-12
90,5.968559E-13
90,2.984279E-13
90,1.49214E-13
90,7.460699E-14
90,3.730349E-14
90,1.865175E-14
90,9.325873E-15
90,4.662937E-15
90,2.331468E-15
90,1.165734E-15
90,5.828671E-16
90,2.914335E-16
90,1.457168E-16
90,7.285839E-17
90,3.642919E-17
90,1.82146E-17
90,9.107298E-18
90,4.553649E-18
90,2.276825E-18
90,1.138412E-18
90,5.692061E-19
90,2.846031E-19
90,1.423015E-19
90,7.115077E-20
90,3.557538E-20
90,1.778769E-20
90,8.893846E-21
90,4.446923E-21
90,2.223461E-21
90,1.111731E-21
90,5.558654E-22
90,2.779327E-22
90,1.389663E-22
90,6.948317E-23
90,3.474159E-23
90,1.737079E-23
90,8.685396E-24
90,4.342698E-24
90,2.171349E-24
90,1.085675E-24
90,5.428373E-25
90,2.714186E-25
90,1.357093E-25
90,6.785466E-26
90,3.392733E-26
90,1.696366E-26
90,8.481832E-27
90,4.240916E-27
90,2.120458E-27
90,1.060229E-27
90,5.301145E-28
90,2.650573E-28
90,1.325286E-28
90,6.626432E-29
90,3.313216E-29
90,1.656608E-29
90,8.28304E-30
90,4.14152E-30
90,2.07076E-30
90,1.03538E-30
90,5.1769E-31
90,2.58845E-31
90,1.294225E-31
90,6.471125E-32
90,3.235562E-32
90,1.617781E-32
90,8.088906E-33
90,4.044453E-33
90,2.022226E-33
90,1.011113E-33
90,5.055566E-34
90,2.527783E-34
90,1.263892E-34
90,6.319458E-35
90,3.159729E-35
90,1.579864E-35
90,7.899322E-36
90,3.949661E-36
90,1.974831E-36
90,9.874153E-37
90,4.937076E-37
90,2.468538E-37
90,1.234269E-37
90,6.171345E-38
90,3.085673E-38
90,1.542836E-38
90,7.714182E-39
90,3.857091E-39
90,1.928545E-39
90,9.642727E-40
90,4.821364E-40
90,2.410682E-40
90,1.205341E-40
90,6.026704E-41
90,3.013352E-41
90,1.506676E-41
90,7.533381E-42
90,3.76669E-42
90,1.883345E-42
90,9.416726E-43
90,4.708363E-43
90,2.354181E-43
90,1.177091E-43
90,5.885454E-44
90,2.942727E-44
90,1.401298E-44
90,7.006492E-45
90,2.802597E-45
90,1.401298E-45
90,0
90,0
90,0
90,0
90,0
90,0
90,0
90,0
90,0
90,0
90,0
90,0
90,0
90,0
90,0
90,0
90,0
90,0
90,0
90,0
90,0
90,0
90,0
90,0
90,0
90,0
73,8.5
73,4.25
73,2.125
73,1.0625
73,0.53125
73,0.265625
73,0.1328125
73,0.06640625
73,0.03320313
73,0.01660156
73,0.008300781
73,0.004150391
73,0.002075195
73,0.001037598
73,0.0005187988
73,0.0002593994
73,0.0001296997
73,6.484985E-05
73,3.242493E-05
73,1.621246E-05
73,8.106232E-06
73,4.053116E-06
73,2.026558E-06
73,1.013279E-06
73,5.066395E-07
73,2.533197E-07
73,1.266599E-07
73,6.332994E-08
73,3.166497E-08
73,1.583248E-08
73,7.916242E-09
73,3.958121E-09
73,1.97906E-09
73,9.895302E-10
73,4.947651E-10
73,2.473826E-10
73,1.236913E-10
73,6.184564E-11
73,3.092282E-11
73,1.546141E-11
73,7.730705E-12
73,3.865352E-12
73,1.932676E-12
73,9.663381E-13
73,4.831691E-13
73,2.415845E-13
73,1.207923E-13
73,6.039613E-14
73,3.019807E-14
73,1.509903E-14
73,7.549517E-15
73,3.774758E-15
73,1.887379E-15
73,9.436896E-16
73,4.718448E-16
73,2.359224E-16
73,1.179612E-16
73,5.89806E-17
73,2.94903E-17
73,1.474515E-17
73,7.372575E-18
73,3.686287E-18
73,1.843144E-18
73,9.215718E-19
73,4.607859E-19
73,2.30393E-19
73,1.151965E-19
73,5.759824E-20
73,2.879912E-20
73,1.439956E-20
73,7.19978E-21
73,3.59989E-21
73,1.799945E-21
73,8.999725E-22
73,4.499863E-22
73,2.249931E-22
73,1.124966E-22
73,5.624828E-23
73,2.812414E-23
73,1.406207E-23
73,7.031035E-24
73,3.515518E-24
73,1.757759E-24
73,8.788794E-25
73,4.394397E-25
73,2.197199E-25
73,1.098599E-25
73,5.492996E-26
73,2.746498E-26
73,1.373249E-26
73,6.866245E-27
73,3.433123E-27
73,1.716561E-27
73,8.582807E-28
73,4.291403E-28
73,2.145702E-28
73,1.072851E-28
73,5.364254E-29
73,2.682127E-29
73,1.341064E-29
73,6.705318E-30
73,3.352659E-30
73,1.676329E-30
73,8.381647E-31
73,4.190824E-31
73,2.095412E-31
73,1.047706E-31
73,5.238529E-32
73,2.619265E-32
73,1.309632E-32
73,6.548162E-33
73,3.274081E-33
73,1.63704E-33
73,8.185202E-34
73,4.092601E-34
73,2.046301E-34
73,1.02315E-34
73,5.115751E-35
73,2.557876E-35
73,1.278938E-35
73,6.394689E-36
73,3.197345E-36
73,1.598672E-36
73,7.993362E-37
73,3.996681E-37
73,1.99834E-37
73,9.991702E-38
73,4.995851E-38
73,2.497925E-38
73,1.248963E-38
73,6.244814E-39
73,3.122407E-39
73,1.561203E-39
73,7.806017E-40
73,3.903009E-40
73,1.951504E-40
73,9.757521E-41
73,4.878761E-41
73,2.43938E-41
73,1.21969E-41
73,6.098451E-42
73,3.049225E-42
73,1.524613E-42
73,7.623064E-43
73,3.811532E-43
73,1.905766E-43
73,9.52883E-44
73,4.764415E-44
73,2.382207E-44
73,1.121039E-44
73,5.605194E-45
73,2.802597E-45
73,1.401298E-45
73,0
73,0
73,0
73,0
73,0
73,0
73,0
73,0
73,0
73,0
73,0
73,0
73,0
73,0
73,0
73,0
73,0
73,0
73,0
73,0
73,0
73,0
73,0
73,0
73,0
73,0
73,0
73,0
73,0
73,0
73,0
73,0
73,0
73,0
73,0
73,0
73,0
73,0
73,0
73,0
73,0
73,0
73,0
73,0
73,0
73,0
73,0
73,0
73,0
73,0
73,0
73,0
73,0
73,0
73,0
73,0
73,0
73,0
73,0
73,0
73,0
73,0
73,0
73,0
73,0
73,0
73,0
73,0
73,0
73,0
73,0
73,0
73,0
73,0
73,0
73,0
73,0
73,0
73,0
73,0
73,0
73,0
73,0
73,0
73,0
73,0
73,0
73,0
73,0
73,0
73,0
73,0
73,0
73,0
73,0
73,0
73,0
73,0
73,0
73,0
73,0
73,0
73,0
73,0
73,0
73,0
73,0
73,0
73,0
73,0
73,0
73,0
73,0
73,0
73,0
73,0
73,0
73,0
73,0
73,0
73,0
73,0
73,0
73,0
73,0
73,0
73,0
73,0
73,0
73,0
73,0
73,0
73,0
73,0
73,0
73,0
56,8.5
56,4.25
56,2.125
56,1.0625
56,0.53125
56,0.265625
56,0.1328125
56,0.06640625
56,0.03320313
56,0.01660156
56,0.008300781
56,0.004150391
56,0.002075195
56,0.001037598
56,0.0005187988
56,0.0002593994
56,0.0001296997
56,6.484985E-05
56,3.242493E-05
56,1.621246E-05
56,8.106232E-06
56,4.053116E-06
56,2.026558E-06
56,1.013279E-06
56,5.066395E-07
56,2.533197E-07
56,1.266599E-07
56,6.332994E-08
56,3.166497E-08
56,1.583248E-08
56,7.916242E-09
56,3.958121E-09
56,1.97906E-09
56,9.895302E-10
56,4.947651E-10
56,2.473826E-10
56,1.236913E-10
56,6.184564E-11
56,3.092282E-11
56,1.546141E-11
56,7.730705E-12
56,3.865352E-12
56,1.932676E-12
56,9.663381E-13
56,4.831691E-13
56,2.415845E-13
56,1.207923E-13
56,6.039613E-14
56,3.019807E-14
56,1.509903E-14
56,7.549517E-15
56,3.774758E-15
56,1.887379E-15
56,9.436896E-16
56,4.718448E-16
56,2.359224E-16
56,1.179612E-16
56,5.89806E-17
56,2.94903E-17
56,1.474515E-17
56,7.372575E-18
56,3.686287E-18
56,1.843144E-18
56,9.215718E-19
56,4.607859E-19
56,2.30393E-19
56,1.151965E-19
56,5.759824E-20
56,2.879912E-20
56,1.439956E-20
56,7.19978E-21
56,3.59989E-21
56,1.799945E-21
56,8.999725E-22
56,4.499863E-22
56,2.249931E-22
56,1.124966E-22
56,5.624828E-23
56,2.812414E-23
56,1.406207E-23
56,7.031035E-24
56,3.515518E-24
56,1.757759E-24
56,8.788794E-25
56,4.394397E-25
56,2.197199E-25
56,1.098599E-25
56,5.492996E-26
56,2.746498E-26
56,1.373249E-26
56,6.866245E-27
56,3.433123E-27
56,1.716561E-27
56,8.582807E-28
56,4.291403E-28
56,2.145702E-28
56,1.072851E-28
56,5.364254E-29
56,2.682127E-29
56,1.341064E-29
56,6.705318E-30
56,3.352659E-30
56,1.676329E-30
56,8.381647E-31
56,4.190824E-31
56,2.095412E-31
56,1.047706E-31
56,5.238529E-32
56,2.619265E-32
56,1.309632E-32
56,6.548162E-33
56,3.274081E-33
56,1.63704E-33
56,8.185202E-34
56,4.092601E-34
56,2.046301E-34
56,1.02315E-34
56,5.115751E-35
56,2.557876E-35
56,1.278938E-35
56,6.394689E-36
56,3.197345E-36
56,1.598672E-36
56,7.993362E-37
56,3.996681E-37
56,1.99834E-37
56,9.991702E-38
56,4.995851E-38
56,2.497925E-38
56,1.248963E-38
56,6.244814E-39
56,3.122407E-39
56,1.561203E-39
56,7.806017E-40
56,3.903009E-40
56,1.951504E-40
56,9.757521E-41
56,4.878761E-41
56,2.43938E-41
56,1.21969E-41
56,6.098451E-42
56,3.049225E-42
56,1.524613E-42
56,7.623064E-43
56,3.811532E-43
56,1.905766E-43
56,9.52883E-44
56,4.764415E-44
56,2.382207E-44
56,1.121039E-44
56,5.605194E-45
56,2.802597E-45
56,1.401298E-45
56,0
56,0
56,0
56,0
56,0
56,0
56,0
56,0
56,0
56,0
56,0
56,0
56,0
56,0
56,0
56,0
56,0
56,0
56,0
56,0
56,0
56,0
56,0
56,0
56,0
56,0
56,0
56,0
56,0
56,0
56,0
56,0
56,0
56,0
56,0
56,0
56,0
56,0
56,0
56,0
56,0
56,0
56,0
56,0
56,0
56,0
56,0
56,0
56,0
56,0
56,0
56,0
56,0
56,0
56,0
56,0
56,0
56,0
56,0
56,0
56,0
56,0
56,0
56,0
56,0
56,0
56,0
56,0
56,0
56,0
56,0
56,0
56,0
56,0
56,0
56,0
56,0
56,0
56,0
56,0
56,0
56,0
56,0
56,0
56,0
56,0
56,0
56,0
56,0
56,0
56,0
56,0
56,0
56,0
56,0
56,0
56,0
56,0
56,0
56,0
56,0
56,0
56,0
56,0
56,0
56,0
56,0
56,0
56,0
56,0
56,0
56,0
56,0
56,0
56,0
56,0
56,0
56,0
56,0
56,0
56,0
56,0
56,0
56,0
56,0
56,0
56,0
56,0
56,0
51,2.5
51,1.25
51,0.625
51,0.3125
51,0.15625
51,0.078125
51,0.0390625
51,0.01953125
51,0.009765625
51,0.004882813
51,0.002441406
51,0.001220703
51,0.0006103516
51,0.0003051758
51,0.0001525879
51,7.629395E-05
51,3.814697E-05
51,1.907349E-05
51,9.536743E-06
51,4.768372E-06
51,2.384186E-06
51,1.192093E-06
51,5.960464E-07
51,2.980232E-07
51,1.490116E-07
51,7.450581E-08
51,3.72529E-08
51,1.862645E-08
51,9.313226E-09
51,4.656613E-09
51,2.328306E-09
51,1.164153E-09
51,5.820766E-10
51,2.910383E-10
51,1.455192E-10
51,7.275958E-11
51,3.637979E-11
51,1.818989E-11
51,9.094947E-12
51,4.547474E-12
51,2.273737E-12
51,1.136868E-12
51,5.684342E-13
51,2.842171E-13
51,1.421085E-13
51,7.105427E-14
51,3.552714E-14
51,1.776357E-14
51,8.881784E-15
51,4.440892E-15
51,2.220446E-15
51,1.110223E-15
51,5.551115E-16
51,2.775558E-16
51,1.387779E-16
51,6.938894E-17
51,3.469447E-17
51,1.734723E-17
51,8.673617E-18
51,4.336809E-18
51,2.168404E-18
51,1.084202E-18
51,5.421011E-19
51,2.710505E-19
51,1.355253E-19
51,6.776264E-20
51,3.388132E-20
51,1.694066E-20
51,8.470329E-21
51,4.235165E-21
51,2.117582E-21
51,1.058791E-21
51,5.293956E-22
51,2.646978E-22
51,1.323489E-22
51,6.617445E-23
51,3.308722E-23
51,1.654361E-23
51,8.271806E-24
51,4.135903E-24
51,2.067952E-24
51,1.033976E-24
51,5.169879E-25
51,2.584939E-25
51,1.29247E-25
51,6.462349E-26
51,3.231174E-26
51,1.615587E-26
51,8.077936E-27
51,4.038968E-27
51,2.019484E-27
51,1.009742E-27
51,5.04871E-28
51,2.524355E-28
51,1.262177E-28
51,6.310887E-29
51,3.155444E-29
51,1.577722E-29
51,7.888609E-30
51,3.944305E-30
51,1.972152E-30
51,9.860761E-31
51,4.930381E-31
51,2.46519E-31
51,1.232595E-31
51,6.162976E-32
51,3.081488E-32
51,1.540744E-32
51,7.70372E-33
51,3.85186E-33
51,1.92593E-33
51,9.62965E-34
51,4.814825E-34
51,2.407412E-34
51,1.203706E-34
51,6.018531E-35
51,3.009266E-35
51,1.504633E-35
51,7.523164E-36
51,3.761582E-36
51,1.880791E-36
51,9.403955E-37
51,4.701977E-37
51,2.350989E-37
51,1.175494E-37
51,5.877472E-38
51,2.938736E-38
51,1.469368E-38
51,7.34684E-39
51,3.67342E-39
51,1.83671E-39
51,9.18355E-40
51,4.591775E-40
51,2.295887E-40
51,1.147944E-40
51,5.739719E-41
51,2.869859E-41
51,1.43493E-41
51,7.174648E-42
51,3.587324E-42
51,1.793662E-42
51,8.96831E-43
51,4.484155E-43
51,2.242078E-43
51,1.121039E-43
51,5.605194E-44
51,2.802597E-44
51,1.401298E-44
51,7.006492E-45
51,2.802597E-45
51,1.401298E-45
51,0
51,0
51,0
51,0
51,0
51,0
51,0
51,0
51,0
51,0
51,0
51,0
51,0
51,0
51,0
51,0
51,0
51,0
51,0
51,0
51,0
51,0
51,0
51,0
51,0
51,0
51,0
51,0
51,0
51,0
51,0
51,0
51,0
51,0
51,0
51,0
51,0
51,0
51,0
51,0
51,0
51,0
51,0
51,0
51,0
51,0
51,0
51,0
51,0
51,0
51,0
51,0
51,0
51,0
51,0
51,0
51,0
51,0
51,0
51,0
51,0
51,0
51,0
51,0
51,0
51,0
51,0
51,0
51,0
51,0
51,0
51,0
51,0
51,0
51,0
51,0
51,0
51,0
51,0
51,0
51,0
51,0
51,0
51,0
51,0
51,0
51,0
51,0
51,0
51,0
51,0
51,0
51,0
51,0
51,0
51,0
51,0
51,0
51,0
51,0
51,0
51,0
51,0
51,0
51,0
51,0
51,0
51,0
51,0
51,0
51,0
51,0
51,0
51,0
51,0
51,0
51,0
51,0
51,0
48,1.5
48,0.75
48,0.375
48,0.1875
48,0.09375
48,0.046875
48,0.0234375
48,0.01171875
48,0.005859375
48,0.002929688
48,0.001464844
48,0.0007324219
48,0.0003662109
48,0.0001831055
48,9.155273E-05
48,4.577637E-05
48,2.288818E-05
48,1.144409E-05
48,5.722046E-06
48,2.861023E-06
48,1.430511E-06
48,7.152557E-07
48,3.576279E-07
48,1.788139E-07
48,8.940697E-08
48,4.470348E-08
48,2.235174E-08
48,1.117587E-08
48,5.587935E-09
48,2.793968E-09
48,1.396984E-09
48,6.984919E-10
48,3.49246E-10
48,1.74623E-10
48,8.731149E-11
48,4.365575E-11
48,2.182787E-11
48,1.091394E-11
48,5.456968E-12
48,2.728484E-12
48,1.364242E-12
48,6.82121E-13
48,3.410605E-13
48,1.705303E-13
48,8.526513E-14
48,4.263256E-14
48,2.131628E-14
48,1.065814E-14
48,5.329071E-15
48,2.664535E-15
48,1.332268E-15
48,6.661338E-16
48,3.330669E-16
48,1.665335E-16
48,8.326673E-17
48,4.163336E-17
48,2.081668E-17
48,1.040834E-17
48,5.20417E-18
48,2.602085E-18
48,1.301043E-18
48,6.505213E-19
48,3.252607E-19
48,1.626303E-19
48,8.131516E-20
48,4.065758E-20
48,2.032879E-20
48,1.01644E-20
48,5.082198E-21
48,2.541099E-21
48,1.270549E-21
48,6.352747E-22
48,3.176374E-22
48,1.588187E-22
48,7.940934E-23
48,3.970467E-23
48,1.985233E-23
48,9.926167E-24
48,4.963084E-24
48,2.481542E-24
48,1.240771E-24
48,6.203855E-25
48,3.101927E-25
48,1.550964E-25
48,7.754818E-26
48,3.877409E-26
48,1.938705E-26
48,9.693523E-27
48,4.846761E-27
48,2.423381E-27
48,1.21169E-27
48,6.058452E-28
48,3.029226E-28
48,1.514613E-28
48,7.573065E-29
48,3.786532E-29
48,1.893266E-29
48,9.466331E-30
48,4.733165E-30
48,2.366583E-30
48,1.183291E-30
48,5.916457E-31
48,2.958228E-31
48,1.479114E-31
48,7.395571E-32
48,3.697785E-32
48,1.848893E-32
48,9.244464E-33
48,4.622232E-33
48,2.311116E-33
48,1.155558E-33
48,5.77779E-34
48,2.888895E-34
48,1.444447E-34
48,7.222237E-35
48,3.611119E-35
48,1.805559E-35
48,9.027797E-36
48,4.513898E-36
48,2.256949E-36
48,1.128475E-36
48,5.642373E-37
48,2.821186E-37
48,1.410593E-37
48,7.052966E-38
48,3.526483E-38
48,1.763242E-38
48,8.816208E-39
48,4.408104E-39
48,2.204052E-39
48,1.102026E-39
48,5.51013E-40
48,2.755065E-40
48,1.377532E-40
48,6.887662E-41
48,3.443831E-41
48,1.721916E-41
48,8.609578E-42
48,4.304789E-42
48,2.152394E-42
48,1.076197E-42
48,5.380986E-43
48,2.690493E-43
48,1.345247E-43
48,6.726233E-44
48,3.363116E-44
48,1.681558E-44
48,8.407791E-45
48,4.203895E-45
48,2.802597E-45
48,1.401298E-45
48,0
48,0
48,0
48,0
48,0
48,0
48,0
48,0
48,0
48,0
48,0
48,0
48,0
48,0
48,0
48,0
48,0
48,0
48,0
48,0
48,0
48,0
48,0
48,0
48,0
48,0
48,0
48,0
48,0
48,0
48,0
48,0
48,0
48,0
48,0
48,0
48,0
48,0
48,0
48,0
48,0
48,0
48,0
48,0
48,0
48,0
48,0
48,0
48,0
48,0
48,0
48,0
48,0
48,0
48,0
48,0
48,0
48,0
48,0
48,0
48,0
48,0
48,0
48,0
48,0
48,0
48,0
48,0
48,0
48,0
48,0
48,0
48,0
48,0
48,0
48,0
48,0
48,0
48,0
48,0
48,0
48,0
48,0
48,0
48,0
48,0
48,0
48,0
48,0
48,0
48,0
48,0
48,0
48,0
48,0
48,0
48,0
48,0
48,0
48,0
48,0
48,0
48,0
51,1.5
51,0.75
51,0.375
51,0.1875
51,0.09375
51,0.046875
51,0.0234375
51,0.01171875
51,0.005859375
51,0.002929688
51,0.001464844
51,0.0007324219
51,0.0003662109
51,0.0001831055
51,9.155273E-05
51,4.577637E-05
51,2.288818E-05
51,1.144409E-05
51,5.722046E-06
51,2.861023E-06
51,1.430511E-06
51,7.152557E-07
51,3.576279E-07
51,1.788139E-07
51,8.940697E-08
51,4.470348E-08
51,2.235174E-08
51,1.117587E-08
51,5.587935E-09
51,2.793968E-09
51,1.396984E-09
51,6.984919E-10
51,3.49246E-10
51,1.74623E-10
51,8.731149E-11
51,4.365575E-11
51,2.182787E-11
51,1.091394E-11
51,5.456968E-12
51,2.728484E-12
51,1.364242E-12
51,6.82121E-13
51,3.410605E-13
51,1.705303E-13
51,8.526513E-14
51,4.263256E-14
51,2.131628E-14
51,1.065814E-14
51,5.329071E-15
51,2.664535E-15
51,1.332268E-15
51,6.661338E-16
51,3.330669E-16
51,1.665335E-16
51,8.326673E-17
51,4.163336E-17
51,2.081668E-17
51,1.040834E-17
51,5.20417E-18
51,2.602085E-18
51,1.301043E-18
51,6.505213E-19
51,3.252607E-19
51,1.626303E-19
51,8.131516E-20
51,4.065758E-20
51,2.032879E-20
51,1.01644E-20
51,5.082198E-21
51,2.541099E-21
51,1.270549E-21
51,6.352747E-22
51,3.176374E-22
51,1.588187E-22
51,7.940934E-23
51,3.970467E-23
51,1.985233E-23
51,9.926167E-24
51,4.963084E-24
51,2.481542E-24
51,1.240771E-24
51,6.203855E-25
51,3.101927E-25
51,1.550964E-25
51,7.754818E-26
51,3.877409E-26
51,1.938705E-26
51,9.693523E-27
51,4.846761E-27
51,2.423381E-27
51,1.21169E-27
51,6.058452E-28
51,3.029226E-28
51,1.514613E-28
51,7.573065E-29
51,3.786532E-29
51,1.893266E-29
51,9.466331E-30
51,4.733165E-30
51,2.366583E-30
51,1.183291E-30
51,5.916457E-31
51,2.958228E-31
51,1.479114E-31
51,7.395571E-32
51,3.697785E-32
51,1.848893E-32
51,9.244464E-33
51,4.622232E-33
51,2.311116E-33
51,1.155558E-33
51,5.77779E-34
51,2.888895E-34
51,1.444447E-34
51,7.222237E-35
51,3.611119E-35
51,1.805559E-35
51,9.027797E-36
51,4.513898E-36
51,2.256949E-36
51,1.128475E-36
51,5.642373E-37
51,2.821186E-37
51,1.410593E-37
51,7.052966E-38
51,3.526483E-38
51,1.763242E-38
51,8.816208E-39
51,4.408104E-39
51,2.204052E-39
51,1.102026E-39
51,5.51013E-40
51,2.755065E-40
51,1.377532E-40
51,6.887662E-41
51,3.443831E-41
51,1.721916E-41
51,8.609578E-42
51,4.304789E-42
51,2.152394E-42
51,1.076197E-42
51,5.380986E-43
51,2.690493E-43
51,1.345247E-43
51,6.726233E-44
51,3.363116E-44
51,1.681558E-44
51,8.407791E-45
51,4.203895E-45
51,2.802597E-45
51,1.401298E-45
51,0
51,0
51,0
51,0
51,0
51,0
51,0
51,0
51,0
51,0
51,0
51,0
51,0
51,0
51,0
51,0
51,0
51,0
51,0
51,0
51,0
51,0
51,0
51,0
51,0
51,0
51,0
51,0
51,0
51,0
51,0
51,0
51,0
51,0
51,0
51,0
51,0
51,0
51,0
51,0
51,0
51,0
51,0
51,0
51,0
51,0
51,0
51,0
51,0
51,0
51,0
51,0
51,0
51,0
51,0
51,0
51,0
51,0
51,0
51,0
51,0
51,0
51,0
51,0
51,0
51,0
51,0
51,0
51,0
51,0
51,0
51,0
51,0
51,0
41,5
41,2.5
41,1.25
41,0.625
41,0.3125
41,0.15625
41,0.078125
41,0.0390625
41,0.01953125
41,0.009765625
41,0.004882813
41,0.002441406
41,0.001220703
41,0.0006103516
41,0.0003051758
41,0.0001525879
41,7.629395E-05
41,3.814697E-05
41,1.907349E-05
41,9.536743E-06
41,4.768372E-06
41,2.384186E-06
41,1.192093E-06
41,5.960464E-07
41,2.980232E-07
41,1.490116E-07
41,7.450581E-08
41,3.72529E-08
41,1.862645E-08
41,9.313226E-09
41,4.656613E-09
41,2.328306E-09
41,1.164153E-09
41,5.820766E-10
41,2.910383E-10
41,1.455192E-10
41,7.275958E-11
41,3.637979E-11
41,1.818989E-11
41,9.094947E-12
41,4.547474E-12
41,2.273737E-12
41,1.136868E-12
41,5.684342E-13
41,2.842171E-13
41,1.421085E-13
41,7.105427E-14
41,3.552714E-14
41,1.776357E-14
41,8.881784E-15
41,4.440892E-15
41,2.220446E-15
41,1.110223E-15
41,5.551115E-16
41,2.775558E-16
41,1.387779E-16
41,6.938894E-17
41,3.469447E-17
41,1.734723E-17
41,8.673617E-18
41,4.336809E-18
41,2.168404E-18
41,1.084202E-18
41,5.421011E-19
41,2.710505E-19
41,1.355253E-19
41,6.776264E-20
41,3.388132E-20
41,1.694066E-20
41,8.470329E-21
41,4.235165E-21
41,2.117582E-21
41,1.058791E-21
41,5.293956E-22
41,2.646978E-22
41,1.323489E-22
41,6.617445E-23
41,3.308722E-23
41,1.654361E-23
41,8.271806E-24
41,4.135903E-24
41,2.067952E-24
41,1.033976E-24
41,5.169879E-25
41,2.584939E-25
41,1.29247E-25
41,6.462349E-26
41,3.231174E-26
41,1.615587E-26
41,8.077936E-27
41,4.038968E-27
41,2.019484E-27
41,1.009742E-27
41,5.04871E-28
41,2.524355E-28
41,1.262177E-28
41,6.310887E-29
41,3.155444E-29
41,1.577722E-29
41,7.888609E-30
41,3.944305E-30
41,1.972152E-30
41,9.860761E-31
41,4.930381E-31
41,2.46519E-31
41,1.232595E-31
41,6.162976E-32
41,3.081488E-32
41,1.540744E-32
41,7.70372E-33
41,3.85186E-33
41,1.92593E-33
41,9.62965E-34
41,4.814825E-34
41,2.407412E-34
41,1.203706E-34
41,6.018531E-35
41,3.009266E-35
41,1.504633E-35
41,7.523164E-36
41,3.761582E-36
41,1.880791E-36
41,9.403955E-37
41,4.701977E-37
41,2.350989E-37
41,1.175494E-37
41,5.877472E-38
41,2.938736E-38
41,1.469368E-38
41,7.34684E-39
41,3.67342E-39
41,1.83671E-39
41,9.18355E-40
41,4.591775E-40
41,2.295887E-40
41,1.147944E-40
41,5.739719E-41
41,2.869859E-41
41,1.43493E-41
41,7.174648E-42
41,3.587324E-42
41,1.793662E-42
41,8.96831E-43
41,4.484155E-43
41,2.242078E-43
41,1.121039E-43
41,5.605194E-44
41,2.802597E-44
41,1.401298E-44
41,7.006492E-45
41,2.802597E-45
41,1.401298E-45
41,0
41,0
41,0
41,0
41,0
41,0
41,0
41,0
41,0
41,0
41,0
41,0
41,0
41,0
41,0
41,0
41,0
41,0
41,0
41,0
41,0
41,0
41,0
41,0
41,0
41,0
41,0
41,0
41,0
41,0
41,0
41,0
41,0
41,0
41,0
41,0
41,0
41,0
41,0
41,0
41,0
41,0
41,0
41,0
41,0
41,0
41,0
41,0
41,0
41,0
41,0
41,0
41,0
41,0
41,0
41,0
41,0
41,0
41,0
41,0
41,0
41,0
41,0
41,0
41,0
41,0
41,0
41,0
41,0
41,0
41,0
41,0
41,0
41,0
41,0
41,0
41,0
41,0
41,0
41,0
41,0
41,0
41,0
41,0
41,0
41,0
41,0
41,0
41,0
41,0
41,0
41,0
41,0
41,0
41,0
41,0
41,0
41,0
41,0
41,0
41,0
41,0
41,0
41,0
41,0
41,0
41,0
41,0
41,0
41,0
41,0
41,0
41,0
41,0
41,0
41,0
41,0
40,0.5
40,0.25
40,0.125
40,0.0625
40,0.03125
40,0.015625
40,0.0078125
40,0.00390625
40,0.001953125
40,0.0009765625
40,0.0004882813
40,0.0002441406
40,0.0001220703
40,6.103516E-05
40,3.051758E-05
40,1.525879E-05
40,7.629395E-06
40,3.814697E-06
40,1.907349E-06
40,9.536743E-07
40,4.768372E-07
40,2.384186E-07
40,1.192093E-07
40,5.960464E-08
40,2.980232E-08
40,1.490116E-08
40,7.450581E-09
40,3.72529E-09
40,1.862645E-09
40,9.313226E-10
40,4.656613E-10
40,2.328306E-10
40,1.164153E-10
40,5.820766E-11
40,2.910383E-11
40,1.455192E-11
40,7.275958E-12
40,3.637979E-12
40,1.818989E-12
40,9.094947E-13
40,4.547474E-13
40,2.273737E-13
40,1.136868E-13
40,5.684342E-14
40,2.842171E-14
40,1.421085E-14
40,7.105427E-15
40,3.552714E-15
40,1.776357E-15
40,8.881784E-16
40,4.440892E-16
40,2.220446E-16
40,1.110223E-16
40,5.551115E-17
40,2.775558E-17
40,1.387779E-17
40,6.938894E-18
40,3.469447E-18
40,1.734723E-18
40,8.673617E-19
40,4.336809E-19
40,2.168404E-19
40,1.084202E-19
40,5.421011E-20
40,2.710505E-20
40,1.355253E-20
40,6.776264E-21
40,3.388132E-21
40,1.694066E-21
40,8.470329E-22
40,4.235165E-22
40,2.117582E-22
40,1.058791E-22
40,5.293956E-23
40,2.646978E-23
40,1.323489E-23
40,6.617445E-24
40,3.308722E-24
40,1.654361E-24
40,8.271806E-25
40,4.135903E-25
40,2.067952E-25
40,1.033976E-25
40,5.169879E-26
40,2.584939E-26
40,1.29247E-26
40,6.462349E-27
40,3.231174E-27
40,1.615587E-27
40,8.077936E-28
40,4.038968E-28
40,2.019484E-28
40,1.009742E-28
40,5.04871E-29
40,2.524355E-29
40,1.262177E-29
40,6.310887E-30
40,3.155444E-30
40,1.577722E-30
40,7.888609E-31
40,3.944305E-31
40,1.972152E-31
40,9.860761E-32
40,4.930381E-32
40,2.46519E-32
40,1.232595E-32
40,6.162976E-33
40,3.081488E-33
40,1.540744E-33
40,7.70372E-34
40,3.85186E-34
40,1.92593E-34
40,9.62965E-35
40,4.814825E-35
40,2.407412E-35
40,1.203706E-35
40,6.018531E-36
40,3.009266E-36
40,1.504633E-36
40,7.523164E-37
40,3.761582E-37
40,1.880791E-37
40,9.403955E-38
40,4.701977E-38
40,2.350989E-38
40,1.175494E-38
40,5.877472E-39
40,2.938736E-39
40,1.469368E-39
40,7.34684E-40
40,3.67342E-40
40,1.83671E-40
40,9.18355E-41
40,4.591775E-41
40,2.295887E-41
40,1.147944E-41
40,5.739719E-42
40,2.869859E-42
40,1.43493E-42
40,7.174648E-43
40,3.587324E-43
40,1.793662E-43
40,8.96831E-44
40,4.484155E-44
40,2.242078E-44
40,1.121039E-44
40,5.605194E-45
40,2.802597E-45
40,1.401298E-45
40,0
40,0
40,0
40,0
40,0
40,0
40,0
40,0
40,0
40,0
40,0
40,0
40,0
40,0
40,0
40,0
40,0
40,0
40,0
40,0
40,0
40,0
40,0
40,0
40,0
40,0
40,0
40,0
40,0
40,0
40,0
40,0
40,0
40,0
40,0
40,0
40,0
40,0
40,0
40,0
40,0
40,0
40,0
40,0
40,0
40,0
40,0
40,0
40,0
40,0
40,0
40,0
40,0
40,0
40,0
40,0
40,0
40,0
40,0
40,0
40,0
40,0
40,0
40,0
40,0
40,0
40,0
40,0
40,0
40,0
40,0
40,0
40,0
40,0
40,0
40,0
40,0
40,0
40,0
40,0
40,0
40,0
40,0
40,0
40,0
40,0
40,0
40,0
40,0
40,0
40,0
40,0
40,0
40,0
40,0
40,0
40,0
40,0
40,0
40,0
40,0
40,0
40,0
40,0
40,0
40,0
40,0
40,0
40,0
40,0
40,0
40,0
40,0
40,0
40,0
40,0
40,0
40,0
40,0
39,0.5
39,0.25
39,0.125
39,0.0625
39,0.03125
39,0.015625
39,0.0078125
39,0.00390625
39,0.001953125
39,0.0009765625
39,0.0004882813
39,0.0002441406
39,0.0001220703
39,6.103516E-05
39,3.051758E-05
39,1.525879E-05
39,7.629395E-06
39,3.814697E-06
39,1.907349E-06
39,9.536743E-07
39,4.768372E-07
39,2.384186E-07
39,1.192093E-07
39,5.960464E-08
39,2.980232E-08
39,1.490116E-08
39,7.450581E-09
39,3.72529E-09
39,1.862645E-09
39,9.313226E-10
39,4.656613E-10
39,2.328306E-10
39,1.164153E-10
39,5.820766E-11
39,2.910383E-11
39,1.455192E-11
39,7.275958E-12
39,3.637979E-12
39,1.818989E-12
39,9.094947E-13
39,4.547474E-13
39,2.273737E-13
39,1.136868E-13
39,5.684342E-14
39,2.842171E-14
39,1.421085E-14
39,7.105427E-15
39,3.552714E-15
39,1.776357E-15
39,8.881784E-16
39,4.440892E-16
39,2.220446E-16
39,1.110223E-16
39,5.551115E-17
39,2.775558E-17
39,1.387779E-17
39,6.938894E-18
39,3.469447E-18
39,1.734723E-18
39,8.673617E-19
39,4.336809E-19
39,2.168404E-19
39,1.084202E-19
39,5.421011E-20
39,2.710505E-20
39,1.355253E-20
39,6.776264E-21
39,3.388132E-21
39,1.694066E-21
39,8.470329E-22
39,4.235165E-22
39,2.117582E-22
39,1.058791E-22
39,5.293956E-23
39,2.646978E-23
39,1.323489E-23
39,6.617445E-24
39,3.308722E-24
39,1.654361E-24
39,8.271806E-25
39,4.135903E-25
39,2.067952E-25
39,1.033976E-25
39,5.169879E-26
39,2.584939E-26
39,1.29247E-26
39,6.462349E-27
39,3.231174E-27
39,1.615587E-27
39,8.077936E-28
39,4.038968E-28
39,2.019484E-28
39,1.009742E-28
39,5.04871E-29
39,2.524355E-29
39,1.262177E-29
39,6.310887E-30
39,3.155444E-30
39,1.577722E-30
39,7.888609E-31
39,3.944305E-31
39,1.972152E-31
39,9.860761E-32
39,4.930381E-32
39,2.46519E-32
39,1.232595E-32
39,6.162976E-33
39,3.081488E-33
39,1.540744E-33
39,7.70372E-34
39,3.85186E-34
39,1.92593E-34
39,9.62965E-35
39,4.814825E-35
39,2.407412E-35
39,1.203706E-35
39,6.018531E-36
39,3.009266E-36
39,1.504633E-36
39,7.523164E-37
39,3.761582E-37
39,1.880791E-37
39,9.403955E-38
39,4.701977E-38
39,2.350989E-38
39,1.175494E-38
39,5.877472E-39
39,2.938736E-39
39,1.469368E-39
39,7.34684E-40
39,3.67342E-40
39,1.83671E-40
39,9.18355E-41
39,4.591775E-41
39,2.295887E-41
39,1.147944E-41
39,5.739719E-42
39,2.869859E-42
39,1.43493E-42
39,7.174648E-43
39,3.587324E-43
39,1.793662E-43
39,8.96831E-44
39,4.484155E-44
39,2.242078E-44
39,1.121039E-44
39,5.605194E-45
39,2.802597E-45
39,1.401298E-45
39,0
39,0
39,0
39,0
39,0
39,0
39,0
39,0
39,0
39,0
39,0
39,0
39,0
39,0
39,0
39,0
39,0
39,0
39,0
39,0
39,0
39,0
39,0
39,0
39,0
39,0
39,0
39,0
39,0
39,0
39,0
39,0
39,0
39,0
39,0
39,0
39,0
39,0
39,0
39,0
39,0
39,0
39,0
39,0
39,0
39,0
39,0
39,0
39,0
39,0
39,0
39,0
39,0
39,0
39,0
39,0
39,0
39,0
39,0
39,0
39,0
39,0
39,0
39,0
39,0
39,0
39,0
39,0
39,0
39,0
39,0
39,0
39,0
39,0
39,0
39,0
39,0
39,0
39,0
39,0
39,0
39,0
39,0
39,0
39,0
39,0
39,0
39,0
39,0
39,0
39,0
39,0
39,0
39,0
39,0
39,0
39,0
39,0
39,0
39,0
39,0
39,0
39,0
39,0
39,0
39,0
39,0
39,0
39,0
39,0
39,0
39,0
39,0
39,0
39,0
38,0.5
38,0.25
38,0.125
38,0.0625
38,0.03125
38,0.015625
38,0.0078125
38,0.00390625
38,0.001953125
38,0.0009765625
38,0.0004882813
38,0.0002441406
38,0.0001220703
38,6.103516E-05
38,3.051758E-05
38,1.525879E-05
38,7.629395E-06
38,3.814697E-06
38,1.907349E-06
38,9.536743E-07
38,4.768372E-07
38,2.384186E-07
38,1.192093E-07
38,5.960464E-08
38,2.980232E-08
38,1.490116E-08
38,7.450581E-09
38,3.72529E-09
38,1.862645E-09
38,9.313226E-10
38,4.656613E-10
38,2.328306E-10
38,1.164153E-10
38,5.820766E-11
38,2.910383E-11
38,1.455192E-11
38,7.275958E-12
38,3.637979E-12
38,1.818989E-12
38,9.094947E-13
38,4.547474E-13
38,2.273737E-13
38,1.136868E-13
38,5.684342E-14
38,2.842171E-14
38,1.421085E-14
38,7.105427E-15
38,3.552714E-15
38,1.776357E-15
38,8.881784E-16
38,4.440892E-16
38,2.220446E-16
38,1.110223E-16
38,5.551115E-17
38,2.775558E-17
38,1.387779E-17
38,6.938894E-18
38,3.469447E-18
38,1.734723E-18
38,8.673617E-19
38,4.336809E-19
38,2.168404E-19
38,1.084202E-19
38,5.421011E-20
38,2.710505E-20
38,1.355253E-20
38,6.776264E-21
38,3.388132E-21
38,1.694066E-21
38,8.470329E-22
38,4.235165E-22
38,2.117582E-22
38,1.058791E-22
38,5.293956E-23
38,2.646978E-23
38,1.323489E-23
38,6.617445E-24
38,3.308722E-24
38,1.654361E-24
38,8.271806E-25
38,4.135903E-25
38,2.067952E-25
38,1.033976E-25
38,5.169879E-26
38,2.584939E-26
38,1.29247E-26
38,6.462349E-27
38,3.231174E-27
38,1.615587E-27
38,8.077936E-28
38,4.038968E-28
38,2.019484E-28
38,1.009742E-28
38,5.04871E-29
38,2.524355E-29
38,1.262177E-29
38,6.310887E-30
38,3.155444E-30
38,1.577722E-30
38,7.888609E-31
38,3.944305E-31
38,1.972152E-31
38,9.860761E-32
38,4.930381E-32
38,2.46519E-32
38,1.232595E-32
38,6.162976E-33
38,3.081488E-33
38,1.540744E-33
38,7.70372E-34
38,3.85186E-34
38,1.92593E-34
38,9.62965E-35
38,4.814825E-35
38,2.407412E-35
38,1.203706E-35
38,6.018531E-36
38,3.009266E-36
38,1.504633E-36
38,7.523164E-37
38,3.761582E-37
38,1.880791E-37
38,9.403955E-38
38,4.701977E-38
38,2.350989E-38
38,1.175494E-38
38,5.877472E-39
38,2.938736E-39
38,1.469368E-39
38,7.34684E-40
38,3.67342E-40
38,1.83671E-40
38,9.18355E-41
38,4.591775E-41
38,2.295887E-41
38,1.147944E-41
38,5.739719E-42
38,2.869859E-42
38,1.43493E-42
38,7.174648E-43
38,3.587324E-43
38,1.793662E-43
38,8.96831E-44
38,4.484155E-44
38,2.242078E-44
38,1.121039E-44
38,5.605194E-45
38,2.802597E-45
38,1.401298E-45
38,0
38,0
38,0
38,0
38,0
38,0
38,0
38,0
38,0
38,0
38,0
38,0
38,0
38,0
38,0
38,0
38,0
38,0
38,0
38,0
38,0
38,0
38,0
38,0
38,0
38,0
38,0
38,0
38,0
38,0
38,0
38,0
38,0
38,0
38,0
38,0
38,0
38,0
38,0
38,0
38,0
38,0
38,0
38,0
38,0
38,0
38,0
38,0
38,0
38,0
38,0
38,0
38,0
38,0
38,0
38,0
38,0
38,0
38,0
38,0
38,0
38,0
38,0
38,0
38,0
38,0
38,0
38,0
38,0
38,0
38,0
38,0
38,0
38,0
38,0
38,0
38,0
38,0
38,0
38,0
38,0
38,0
38,0
38,0
38,0
38,0
38,0
38,0
38,0
38,0
38,0
38,0
38,0
38,0
38,0
38,0
38,0
38,0
38,0
38,0
38,0
38,0
38,0
38,0
38,0
38,0
38,0
38,0
38,0
38,0
38,0
38,0
38,0
38,0
38,0
33,2.5
33,1.25
33,0.625
33,0.3125
33,0.15625
33,0.078125
33,0.0390625
33,0.01953125
33,0.009765625
33,0.004882813
33,0.002441406
33,0.001220703
33,0.0006103516
33,0.0003051758
33,0.0001525879
33,7.629395E-05
33,3.814697E-05
33,1.907349E-05
33,9.536743E-06
33,4.768372E-06
33,2.384186E-06
33,1.192093E-06
33,5.960464E-07
33,2.980232E-07
33,1.490116E-07
33,7.450581E-08
33,3.72529E-08
33,1.862645E-08
33,9.313226E-09
33,4.656613E-09
33,2.328306E-09
33,1.164153E-09
33,5.820766E-10
33,2.910383E-10
33,1.455192E-10
33,7.275958E-11
33,3.637979E-11
33,1.818989E-11
33,9.094947E-12
33,4.547474E-12
33,2.273737E-12
33,1.136868E-12
33,5.684342E-13
33,2.842171E-13
33,1.421085E-13
33,7.105427E-14
33,3.552714E-14
33,1.776357E-14
33,8.881784E-15
33,4.440892E-15
33,2.220446E-15
33,1.110223E-15
33,5.551115E-16
33,2.775558E-16
33,1.387779E-16
33,6.938894E-17
33,3.469447E-17
33,1.734723E-17
33,8.673617E-18
33,4.336809E-18
33,2.168404E-18
33,1.084202E-18
33,5.421011E-19
33,2.710505E-19
33,1.355253E-19
33,6.776264E-20
33,3.388132E-20
33,1.694066E-20
33,8.470329E-21
33,4.235165E-21
33,2.117582E-21
33,1.058791E-21
33,5.293956E-22
33,2.646978E-22
33,1.323489E-22
33,6.617445E-23
33,3.308722E-23
33,1.654361E-23
33,8.271806E-24
33,4.135903E-24
33,2.067952E-24
33,1.033976E-24
33,5.169879E-25
33,2.584939E-25
33,1.29247E-25
33,6.462349E-26
33,3.231174E-26
33,1.615587E-26
33,8.077936E-27
33,4.038968E-27
33,2.019484E-27
33,1.009742E-27
33,5.04871E-28
33,2.524355E-28
33,1.262177E-28
33,6.310887E-29
33,3.155444E-29
33,1.577722E-29
33,7.888609E-30
33,3.944305E-30
33,1.972152E-30
33,9.860761E-31
33,4.930381E-31
33,2.46519E-31
33,1.232595E-31
33,6.162976E-32
33,3.081488E-32
33,1.540744E-32
33,7.70372E-33
33,3.85186E-33
33,1.92593E-33
33,9.62965E-34
33,4.814825E-34
33,2.407412E-34
33,1.203706E-34
33,6.018531E-35
33,3.009266E-35
33,1.504633E-35
33,7.523164E-36
33,3.761582E-36
33,1.880791E-36
33,9.403955E-37
33,4.701977E-37
33,2.350989E-37
33,1.175494E-37
33,5.877472E-38
33,2.938736E-38
33,1.469368E-38
33,7.34684E-39
33,3.67342E-39
33,1.83671E-39
33,9.18355E-40
33,4.591775E-40
33,2.295887E-40
33,1.147944E-40
33,5.739719E-41
33,2.869859E-41
33,1.43493E-41
33,7.174648E-42
33,3.587324E-42
33,1.793662E-42
33,8.96831E-43
33,4.484155E-43
33,2.242078E-43
33,1.121039E-43
33,5.605194E-44
33,2.802597E-44
33,1.401298E-44
33,7.006492E-45
33,2.802597E-45
33,1.401298E-45
33,0
33,0
33,0
33,0
33,0
33,0
33,0
33,0
33,0
33,0
33,0
33,0
33,0
33,0
33,0
33,0
33,0
33,0
33,0
33,0
33,0
33,0
33,0
33,0
33,0
33,0
33,0
33,0
33,0
33,0
33,0
33,0
33,0
33,0
33,0
33,0
33,0
33,0
33,0
33,0
33,0
33,0
33,0
33,0
33,0
33,0
33,0
33,0
33,0
33,0
33,0
33,0
33,0
33,0
33,0
33,0
33,0
33,0
33,0
33,0
33,0
33,0
33,0
33,0
33,0
33,0
33,0
33,0
33,0
33,0
33,0
33,0
33,0
33,0
33,0
33,0
33,0
33,0
33,0
33,0
33,0
33,0
33,0
33,0
33,0
33,0
33,0
33,0
33,0
33,0
33,0
33,0
33,0
33,0
33,0
33,0
33,0
33,0
33,0
33,0
33,0
33,0
33,0
33,0
33,0
33,0
33,0
33,0
33,0
33,0
33,0
33,0
33,0
33,0
33,0
33,0
33,0
33,0
33,0
33,0
33,0
33,0
33,0
33,0
33,0
33,0
33,0
33,0
33,0
33,0
33,0
33,0
33,0
33,0
33,0
33,0
33,0
33,0
33,0
33,0
33,0
33,0
33,0
33,0
33,0
33,0
33,0
33,0
33,0
33,0
33,0
33,0
33,0
33,0
33,0
33,0
29,2
29,1
29,0.5
29,0.25
29,0.125
29,0.0625
29,0.03125
29,0.015625
29,0.0078125
29,0.00390625
29,0.001953125
29,0.0009765625
29,0.0004882813
29,0.0002441406
29,0.0001220703
29,6.103516E-05
29,3.051758E-05
29,1.525879E-05
29,7.629395E-06
29,3.814697E-06
29,1.907349E-06
29,9.536743E-07
29,4.768372E-07
29,2.384186E-07
29,1.192093E-07
29,5.960464E-08
29,2.980232E-08
29,1.490116E-08
29,7.450581E-09
29,3.72529E-09
29,1.862645E-09
29,9.313226E-10
29,4.656613E-10
29,2.328306E-10
29,1.164153E-10
29,5.820766E-11
29,2.910383E-11
29,1.455192E-11
29,7.275958E-12
29,3.637979E-12
29,1.818989E-12
29,9.094947E-13
29,4.547474E-13
29,2.273737E-13
29,1.136868E-13
29,5.684342E-14
29,2.842171E-14
29,1.421085E-14
29,7.105427E-15
29,3.552714E-15
29,1.776357E-15
29,8.881784E-16
29,4.440892E-16
29,2.220446E-16
29,1.110223E-16
29,5.551115E-17
29,2.775558E-17
29,1.387779E-17
29,6.938894E-18
29,3.469447E-18
29,1.734723E-18
29,8.673617E-19
29,4.336809E-19
29,2.168404E-19
29,1.084202E-19
29,5.421011E-20
29,2.710505E-20
29,1.355253E-20
29,6.776264E-21
29,3.388132E-21
29,1.694066E-21
29,8.470329E-22
29,4.235165E-22
29,2.117582E-22
29,1.058791E-22
29,5.293956E-23
29,2.646978E-23
29,1.323489E-23
29,6.617445E-24
29,3.308722E-24
29,1.654361E-24
29,8.271806E-25
29,4.135903E-25
29,2.067952E-25
29,1.033976E-25
29,5.169879E-26
29,2.584939E-26
29,1.29247E-26
29,6.462349E-27
29,3.231174E-27
29,1.615587E-27
29,8.077936E-28
29,4.038968E-28
29,2.019484E-28
29,1.009742E-28
29,5.04871E-29
29,2.524355E-29
29,1.262177E-29
29,6.310887E-30
29,3.155444E-30
29,1.577722E-30
29,7.888609E-31
29,3.944305E-31
29,1.972152E-31
29,9.860761E-32
29,4.930381E-32
29,2.46519E-32
29,1.232595E-32
29,6.162976E-33
29,3.081488E-33
29,1.540744E-33
29,7.70372E-34
29,3.85186E-34
29,1.92593E-34
29,9.62965E-35
29,4.814825E-35
29,2.407412E-35
29,1.203706E-35
29,6.018531E-36
29,3.009266E-36
29,1.504633E-36
29,7.523164E-37
29,3.761582E-37
29,1.880791E-37
29,9.403955E-38
29,4.701977E-38
29,2.350989E-38
29,1.175494E-38
29,5.877472E-39
29,2.938736E-39
29,1.469368E-39
29,7.34684E-40
29,3.67342E-40
29,1.83671E-40
29,9.18355E-41
29,4.591775E-41
29,2.295887E-41
29,1.147944E-41
29,5.739719E-42
29,2.869859E-42
29,1.43493E-42
29,7.174648E-43
29,3.587324E-43
29,1.793662E-43
29,8.96831E-44
29,4.484155E-44
29,2.242078E-44
29,1.121039E-44
29,5.605194E-45
29,2.802597E-45
29,1.401298E-45
29,0
29,0
29,0
29,0
29,0
29,0
29,0
29,0
29,0
29,0
29,0
29,0
29,0
29,0
29,0
29,0
29,0
29,0
29,0
29,0
29,0
29,0
29,0
29,0
29,0
29,0
29,0
29,0
29,0
29,0
29,0
29,0
29,0
29,0
29,0
29,0
29,0
29,0
29,0
29,0
29,0
29,0
29,0
29,0
29,0
29,0
29,0
29,0
29,0
29,0
29,0
29,0
29,0
29,0
29,0
29,0
29,0
29,0
29,0
29,0
29,0
29,0
29,0
29,0
29,0
29,0
29,0
29,0
29,0
29,0
29,0
29,0
29,0
29,0
29,0
29,0
29,0
29,0
29,0
26,1.5
26,0.75
26,0.375
26,0.1875
26,0.09375
26,0.046875
26,0.0234375
26,0.01171875
26,0.005859375
26,0.002929688
26,0.001464844
26,0.0007324219
26,0.0003662109
26,0.0001831055
26,9.155273E-05
26,4.577637E-05
26,2.288818E-05
26,1.144409E-05
26,5.722046E-06
26,2.861023E-06
26,1.430511E-06
26,7.152557E-07
26,3.576279E-07
26,1.788139E-07
26,8.940697E-08
26,4.470348E-08
26,2.235174E-08
26,1.117587E-08
26,5.587935E-09
26,2.793968E-09
26,1.396984E-09
26,6.984919E-10
26,3.49246E-10
26,1.74623E-10
26,8.731149E-11
26,4.365575E-11
26,2.182787E-11
26,1.091394E-11
26,5.456968E-12
26,2.728484E-12
26,1.364242E-12
26,6.82121E-13
26,3.410605E-13
26,1.705303E-13
26,8.526513E-14
26,4.263256E-14
26,2.131628E-14
26,1.065814E-14
26,5.329071E-15
26,2.664535E-15
26,1.332268E-15
26,6.661338E-16
26,3.330669E-16
26,1.665335E-16
26,8.326673E-17
26,4.163336E-17
26,2.081668E-17
26,1.040834E-17
26,5.20417E-18
26,2.602085E-18
26,1.301043E-18
26,6.505213E-19
26,3.252607E-19
26,1.626303E-19
26,8.131516E-20
26,4.065758E-20
26,2.032879E-20
26,1.01644E-20
26,5.082198E-21
26,2.541099E-21
26,1.270549E-21
26,6.352747E-22
26,3.176374E-22
26,1.588187E-22
26,7.940934E-23
26,3.970467E-23
26,1.985233E-23
26,9.926167E-24
26,4.963084E-24
26,2.481542E-24
26,1.240771E-24
26,6.203855E-25
26,3.101927E-25
26,1.550964E-25
26,7.754818E-26
26,3.877409E-26
26,1.938705E-26
26,9.693523E-27
26,4.846761E-27
26,2.423381E-27
26,1.21169E-27
26,6.058452E-28
26,3.029226E-28
26,1.514613E-28
26,7.573065E-29
26,3.786532E-29
26,1.893266E-29
26,9.466331E-30
26,4.733165E-30
26,2.366583E-30
26,1.183291E-30
26,5.916457E-31
26,2.958228E-31
26,1.479114E-31
26,7.395571E-32
26,3.697785E-32
26,1.848893E-32
26,9.244464E-33
26,4.622232E-33
26,2.311116E-33
26,1.155558E-33
26,5.77779E-34
26,2.888895E-34
26,1.444447E-34
26,7.222237E-35
26,3.611119E-35
26,1.805559E-35
26,9.027797E-36
26,4.513898E-36
26,2.256949E-36
26,1.128475E-36
26,5.642373E-37
26,2.821186E-37
26,1.410593E-37
26,7.052966E-38
26,3.526483E-38
26,1.763242E-38
26,8.816208E-39
26,4.408104E-39
26,2.204052E-39
26,1.102026E-39
26,5.51013E-40
26,2.755065E-40
26,1.377532E-40
26,6.887662E-41
26,3.443831E-41
26,1.721916E-41
26,8.609578E-42
26,4.304789E-42
26,2.152394E-42
26,1.076197E-42
26,5.380986E-43
26,2.690493E-43
26,1.345247E-43
26,6.726233E-44
26,3.363116E-44
26,1.681558E-44
26,8.407791E-45
26,4.203895E-45
26,2.802597E-45
26,1.401298E-45
26,0
26,0
26,0
26,0
26,0
26,0
26,0
26,0
26,0
26,0
26,0
26,0
26,0
26,0
26,0
26,0
26,0
26,0
26,0
26,0
26,0
26,0
26,0
26,0
26,0
26,0
26,0
26,0
26,0
26,0
26,0
26,0
26,0
26,0
26,0
26,0
26,0
26,0
26,0
26,0
26,0
26,0
26,0
26,0
26,0
26,0
26,0
26,0
26,0
26,0
26,0
26,0
26,0
26,0
26,0
26,0
26,0
26,0
26,0
26,0
26,0
26,0
26,0
26,0
26,0
26,0
26,0
26,0
26,0
26,0
26,0
26,0
26,0
26,0
26,0
26,0
26,0
26,0
26,0
26,0
26,0
26,0
26,0
26,0
26,0
26,0
26,0
26,0
26,0
26,0
26,0
23,1.5
23,0.75
23,0.375
23,0.1875
23,0.09375
23,0.046875
23,0.0234375
23,0.01171875
23,0.005859375
23,0.002929688
23,0.001464844
23,0.0007324219
23,0.0003662109
23,0.0001831055
23,9.155273E-05
23,4.577637E-05
23,2.288818E-05
23,1.144409E-05
23,5.722046E-06
23,2.861023E-06
23,1.430511E-06
23,7.152557E-07
23,3.576279E-07
23,1.788139E-07
23,8.940697E-08
23,4.470348E-08
23,2.235174E-08
23,1.117587E-08
23,5.587935E-09
23,2.793968E-09
23,1.396984E-09
23,6.984919E-10
23,3.49246E-10
23,1.74623E-10
23,8.731149E-11
23,4.365575E-11
23,2.182787E-11
23,1.091394E-11
23,5.456968E-12
23,2.728484E-12
23,1.364242E-12
23,6.82121E-13
23,3.410605E-13
23,1.705303E-13
23,8.526513E-14
23,4.263256E-14
23,2.131628E-14
23,1.065814E-14
23,5.329071E-15
23,2.664535E-15
23,1.332268E-15
23,6.661338E-16
23,3.330669E-16
23,1.665335E-16
23,8.326673E-17
23,4.163336E-17
23,2.081668E-17
23,1.040834E-17
23,5.20417E-18
23,2.602085E-18
23,1.301043E-18
23,6.505213E-19
23,3.252607E-19
23,1.626303E-19
23,8.131516E-20
23,4.065758E-20
23,2.032879E-20
23,1.01644E-20
23,5.082198E-21
23,2.541099E-21
23,1.270549E-21
23,6.352747E-22
23,3.176374E-22
23,1.588187E-22
23,7.940934E-23
23,3.970467E-23
23,1.985233E-23
23,9.926167E-24
23,4.963084E-24
23,2.481542E-24
23,1.240771E-24
23,6.203855E-25
23,3.101927E-25
23,1.550964E-25
23,7.754818E-26
23,3.877409E-26
23,1.938705E-26
23,9.693523E-27
23,4.846761E-27
23,2.423381E-27
23,1.21169E-27
23,6.058452E-28
23,3.029226E-28
23,1.514613E-28
23,7.573065E-29
23,3.786532E-29
23,1.893266E-29
23,9.466331E-30
23,4.733165E-30
23,2.366583E-30
23,1.183291E-30
23,5.916457E-31
23,2.958228E-31
23,1.479114E-31
23,7.395571E-32
23,3.697785E-32
23,1.848893E-32
23,9.244464E-33
23,4.622232E-33
23,2.311116E-33
23,1.155558E-33
23,5.77779E-34
23,2.888895E-34
23,1.444447E-34
23,7.222237E-35
23,3.611119E-35
23,1.805559E-35
23,9.027797E-36
23,4.513898E-36
23,2.256949E-36
23,1.128475E-36
23,5.642373E-37
23,2.821186E-37
23,1.410593E-37
23,7.052966E-38
23,3.526483E-38
23,1.763242E-38
23,8.816208E-39
23,4.408104E-39
23,2.204052E-39
23,1.102026E-39
23,5.51013E-40
23,2.755065E-40
23,1.377532E-40
23,6.887662E-41
23,3.443831E-41
23,1.721916E-41
23,8.609578E-42
23,4.304789E-42
23,2.152394E-42
23,1.076197E-42
23,5.380986E-43
23,2.690493E-43
23,1.345247E-43
23,6.726233E-44
23,3.363116E-44
23,1.681558E-44
23,8.407791E-45
23,4.203895E-45
23,2.802597E-45
23,1.401298E-45
23,0
23,0
23,0
23,0
23,0
23,0
23,0
23,0
23,0
23,0
23,0
23,0
23,0
23,0
23,0
23,0
23,0
23,0
23,0
23,0
23,0
23,0
23,0
23,0
23,0
23,0
23,0
23,0
23,0
23,0
23,0
23,0
23,0
23,0
23,0
23,0
23,0
23,0
23,0
23,0
23,0
23,0
23,0
23,0
23,0
23,0
23,0
23,0
23,0
23,0
23,0
23,0
23,0
23,0
23,0
23,0
23,0
23,0
23,0
23,0
23,0
23,0
23,0
23,0
23,0
23,0
23,0
23,0
23,0
23,0
23,0
23,0
23,0
23,0
23,0
23,0
23,0
23,0
23,0
23,0
23,0
23,0
23,0
23,0
23,0
23,0
23,0
23,0
23,0
23,0
23,0
23,0
23,0
23,0
23,0
23,0
23,0
23,0
23,0
23,0
23,0
23,0
23,0
23,0
23,0
23,0
23,0
23,0
23,0
23,0
23,0
23,0
23,0
23,0
23,0
23,0
23,0
23,0
23,0
23,0
23,0
23,0
23,0
23,0
23,0
23,0
23,0
23,0
23,0
23,0
23,0
23,0
23,0
23,0
23,0
23,0
23,0
23,0
23,0
23,0
23,0
23,0
23,0
28,2.5
28,1.25
28,0.625
28,0.3125
28,0.15625
28,0.078125
28,0.0390625
28,0.01953125
28,0.009765625
28,0.004882813
28,0.002441406
28,0.001220703
28,0.0006103516
28,0.0003051758
28,0.0001525879
28,7.629395E-05
28,3.814697E-05
28,1.907349E-05
28,9.536743E-06
28,4.768372E-06
28,2.384186E-06
28,1.192093E-06
28,5.960464E-07
28,2.980232E-07
28,1.490116E-07
28,7.450581E-08
28,3.72529E-08
28,1.862645E-08
28,9.313226E-09
28,4.656613E-09
28,2.328306E-09
28,1.164153E-09
28,5.820766E-10
28,2.910383E-10
28,1.455192E-10
28,7.275958E-11
28,3.637979E-11
28,1.818989E-11
28,9.094947E-12
28,4.547474E-12
28,2.273737E-12
28,1.136868E-12
28,5.684342E-13
28,2.842171E-13
28,1.421085E-13
28,7.105427E-14
28,3.552714E-14
28,1.776357E-14
28,8.881784E-15
28,4.440892E-15
28,2.220446E-15
28,1.110223E-15
28,5.551115E-16
28,2.775558E-16
28,1.387779E-16
28,6.938894E-17
28,3.469447E-17
28,1.734723E-17
28,8.673617E-18
28,4.336809E-18
28,2.168404E-18
28,1.084202E-18
28,5.421011E-19
28,2.710505E-19
28,1.355253E-19
28,6.776264E-20
28,3.388132E-20
28,1.694066E-20
28,8.470329E-21
28,4.235165E-21
28,2.117582E-21
28,1.058791E-21
28,5.293956E-22
28,2.646978E-22
28,1.323489E-22
28,6.617445E-23
28,3.308722E-23
28,1.654361E-23
28,8.271806E-24
28,4.135903E-24
28,2.067952E-24
28,1.033976E-24
28,5.169879E-25
28,2.584939E-25
28,1.29247E-25
28,6.462349E-26
28,3.231174E-26
28,1.615587E-26
28,8.077936E-27
28,4.038968E-27
28,2.019484E-27
28,1.009742E-27
28,5.04871E-28
28,2.524355E-28
28,1.262177E-28
28,6.310887E-29
28,3.155444E-29
28,1.577722E-29
28,7.888609E-30
28,3.944305E-30
28,1.972152E-30
28,9.860761E-31
28,4.930381E-31
28,2.46519E-31
28,1.232595E-31
28,6.162976E-32
28,3.081488E-32
28,1.540744E-32
28,7.70372E-33
28,3.85186E-33
28,1.92593E-33
28,9.62965E-34
28,4.814825E-34
28,2.407412E-34
28,1.203706E-34
28,6.018531E-35
28,3.009266E-35
28,1.504633E-35
28,7.523164E-36
28,3.761582E-36
28,1.880791E-36
28,9.403955E-37
28,4.701977E-37
28,2.350989E-37
28,1.175494E-37
28,5.877472E-38
28,2.938736E-38
28,1.469368E-38
28,7.34684E-39
28,3.67342E-39
28,1.83671E-39
28,9.18355E-40
28,4.591775E-40
28,2.295887E-40
28,1.147944E-40
28,5.739719E-41
28,2.869859E-41
28,1.43493E-41
28,7.174648E-42
28,3.587324E-42
28,1.793662E-42
28,8.96831E-43
28,4.484155E-43
28,2.242078E-43
28,1.121039E-43
28,5.605194E-44
28,2.802597E-44
28,1.401298E-44
28,7.006492E-45
28,2.802597E-45
28,1.401298E-45
28,0
28,0
28,0
28,0
28,0
28,0
28,0
28,0
28,0
28,0
28,0
28,0
28,0
28,0
28,0
28,0
28,0
28,0
28,0
28,0
28,0
28,0
28,0
28,0
28,0
28,0
28,0
28,0
28,0
28,0
28,0
28,0
28,0
28,0
28,0
28,0
28,0
28,0
28,0
28,0
28,0
28,0
28,0
28,0
28,0
28,0
28,0
28,0
28,0
28,0
28,0
28,0
28,0
28,0
28,0
28,0
28,0
28,0
28,0
28,0
28,0
28,0
28,0
28,0
28,0
28,0
28,0
28,0
28,0
28,0
28,0
31,1.5
31,0.75
31,0.375
31,0.1875
31,0.09375
31,0.046875
31,0.0234375
31,0.01171875
31,0.005859375
31,0.002929688
31,0.001464844
31,0.0007324219
31,0.0003662109
31,0.0001831055
31,9.155273E-05
31,4.577637E-05
31,2.288818E-05
31,1.144409E-05
31,5.722046E-06
31,2.861023E-06
31,1.430511E-06
31,7.152557E-07
31,3.576279E-07
31,1.788139E-07
31,8.940697E-08
31,4.470348E-08
31,2.235174E-08
31,1.117587E-08
31,5.587935E-09
31,2.793968E-09
31,1.396984E-09
31,6.984919E-10
31,3.49246E-10
31,1.74623E-10
31,8.731149E-11
31,4.365575E-11
31,2.182787E-11
31,1.091394E-11
31,5.456968E-12
31,2.728484E-12
31,1.364242E-12
31,6.82121E-13
31,3.410605E-13
31,1.705303E-13
31,8.526513E-14
31,4.263256E-14
31,2.131628E-14
31,1.065814E-14
31,5.329071E-15
31,2.664535E-15
31,1.332268E-15
31,6.661338E-16
31,3.330669E-16
31,1.665335E-16
31,8.326673E-17
31,4.163336E-17
31,2.081668E-17
31,1.040834E-17
31,5.20417E-18
31,2.602085E-18
31,1.301043E-18
31,6.505213E-19
31,3.252607E-19
31,1.626303E-19
31,8.131516E-20
31,4.065758E-20
31,2.032879E-20
31,1.01644E-20
31,5.082198E-21
31,2.541099E-21
31,1.270549E-21
31,6.352747E-22
31,3.176374E-22
31,1.588187E-22
31,7.940934E-23
31,3.970467E-23
31,1.985233E-23
31,9.926167E-24
31,4.963084E-24
31,2.481542E-24
31,1.240771E-24
31,6.203855E-25
31,3.101927E-25
31,1.550964E-25
31,7.754818E-26
31,3.877409E-26
31,1.938705E-26
31,9.693523E-27
31,4.846761E-27
31,2.423381E-27
31,1.21169E-27
31,6.058452E-28
31,3.029226E-28
31,1.514613E-28
31,7.573065E-29
31,3.786532E-29
31,1.893266E-29
31,9.466331E-30
31,4.733165E-30
31,2.366583E-30
31,1.183291E-30
31,5.916457E-31
31,2.958228E-31
31,1.479114E-31
31,7.395571E-32
31,3.697785E-32
31,1.848893E-32
31,9.244464E-33
31,4.622232E-33
31,2.311116E-33
31,1.155558E-33
31,5.77779E-34
31,2.888895E-34
31,1.444447E-34
31,7.222237E-35
31,3.611119E-35
31,1.805559E-35
31,9.027797E-36
31,4.513898E-36
31,2.256949E-36
31,1.128475E-36
31,5.642373E-37
31,2.821186E-37
31,1.410593E-37
31,7.052966E-38
31,3.526483E-38
31,1.763242E-38
31,8.816208E-39
31,4.408104E-39
31,2.204052E-39
31,1.102026E-39
31,5.51013E-40
31,2.755065E-40
31,1.377532E-40
31,6.887662E-41
31,3.443831E-41
31,1.721916E-41
31,8.609578E-42
31,4.304789E-42
31,2.152394E-42
31,1.076197E-42
31,5.380986E-43
31,2.690493E-43
31,1.345247E-43
31,6.726233E-44
31,3.363116E-44
31,1.681558E-44
31,8.407791E-45
31,4.203895E-45
31,2.802597E-45
31,1.401298E-45
31,0
31,0
31,0
31,0
31,0
31,0
31,0
31,0
31,0
31,0
31,0
31,0
31,0
31,0
31,0
31,0
31,0
31,0
31,0
31,0
31,0
31,0
31,0
31,0
31,0
31,0
31,0
31,0
31,0
31,0
31,0
31,0
31,0
31,0
31,0
31,0
31,0
31,0
31,0
31,0
31,0
31,0
31,0
31,0
31,0
31,0
31,0
31,0
31,0
31,0
31,0
31,0
31,0
31,0
31,0
31,0
31,0
31,0
31,0
31,0
31,0
31,0
31,0
31,0
31,0
31,0
31,0
31,0
31,0
31,0
31,0
31,0
31,0
31,0
31,0
31,0
31,0
31,0
43,6
43,3
43,1.5
43,0.75
43,0.375
43,0.1875
43,0.09375
43,0.046875
43,0.0234375
43,0.01171875
43,0.005859375
43,0.002929688
43,0.001464844
43,0.0007324219
43,0.0003662109
43,0.0001831055
43,9.155273E-05
43,4.577637E-05
43,2.288818E-05
43,1.144409E-05
43,5.722046E-06
43,2.861023E-06
43,1.430511E-06
43,7.152557E-07
43,3.576279E-07
43,1.788139E-07
43,8.940697E-08
43,4.470348E-08
43,2.235174E-08
43,1.117587E-08
43,5.587935E-09
43,2.793968E-09
43,1.396984E-09
43,6.984919E-10
43,3.49246E-10
43,1.74623E-10
43,8.731149E-11
43,4.365575E-11
43,2.182787E-11
43,1.091394E-11
43,5.456968E-12
43,2.728484E-12
43,1.364242E-12
43,6.82121E-13
43,3.410605E-13
43,1.705303E-13
43,8.526513E-14
43,4.263256E-14
43,2.131628E-14
43,1.065814E-14
43,5.329071E-15
43,2.664535E-15
43,1.332268E-15
43,6.661338E-16
43,3.330669E-16
43,1.665335E-16
43,8.326673E-17
43,4.163336E-17
43,2.081668E-17
43,1.040834E-17
43,5.20417E-18
43,2.602085E-18
43,1.301043E-18
43,6.505213E-19
43,3.252607E-19
43,1.626303E-19
43,8.131516E-20
43,4.065758E-20
43,2.032879E-20
43,1.01644E-20
43,5.082198E-21
43,2.541099E-21
43,1.270549E-21
43,6.352747E-22
43,3.176374E-22
43,1.588187E-22
43,7.940934E-23
43,3.970467E-23
43,1.985233E-23
43,9.926167E-24
43,4.963084E-24
43,2.481542E-24
43,1.240771E-24
43,6.203855E-25
43,3.101927E-25
43,1.550964E-25
43,7.754818E-26
43,3.877409E-26
43,1.938705E-26
43,9.693523E-27
43,4.846761E-27
43,2.423381E-27
43,1.21169E-27
43,6.058452E-28
43,3.029226E-28
43,1.514613E-28
43,7.573065E-29
43,3.786532E-29
43,1.893266E-29
43,9.466331E-30
43,4.733165E-30
43,2.366583E-30
43,1.183291E-30
43,5.916457E-31
43,2.958228E-31
43,1.479114E-31
43,7.395571E-32
43,3.697785E-32
43,1.848893E-32
43,9.244464E-33
43,4.622232E-33
43,2.311116E-33
43,1.155558E-33
43,5.77779E-34
43,2.888895E-34
43,1.444447E-34
43,7.222237E-35
43,3.611119E-35
43,1.805559E-35
43,9.027797E-36
43,4.513898E-36
43,2.256949E-36
43,1.128475E-36
43,5.642373E-37
43,2.821186E-37
43,1.410593E-37
43,7.052966E-38
43,3.526483E-38
43,1.763242E-38
43,8.816208E-39
43,4.408104E-39
43,2.204052E-39
43,1.102026E-39
43,5.51013E-40
43,2.755065E-40
43,1.377532E-40
43,6.887662E-41
43,3.443831E-41
43,1.721916E-41
43,8.609578E-42
43,4.304789E-42
43,2.152394E-42
43,1.076197E-42
43,5.380986E-43
43,2.690493E-43
43,1.345247E-43
43,6.726233E-44
43,3.363116E-44
43,1.681558E-44
43,8.407791E-45
43,4.203895E-45
43,2.802597E-45
43,1.401298E-45
43,0
43,0
43,0
43,0
43,0
43,0
43,0
43,0
43,0
43,0
43,0
43,0
43,0
43,0
43,0
43,0
43,0
43,0
43,0
43,0
43,0
43,0
43,0
43,0
43,0
43,0
43,0
43,0
43,0
43,0
43,0
43,0
43,0
43,0
43,0
43,0
43,0
43,0
43,0
43,0
43,0
43,0
43,0
43,0
43,0
43,0
43,0
43,0
43,0
43,0
43,0
43,0
43,0
43,0
43,0
43,0
43,0
43,0
43,0
43,0
43,0
43,0
43,0
43,0
43,0
43,0
43,0
43,0
43,0
43,0
43,0
43,0
43,0
43,0
43,0
43,0
43,0
43,0
43,0
43,0
43,0
43,0
43,0
43,0
43,0
43,0
43,0
43,0
43,0
43,0
43,0
43,0
43,0
43,0
43,0
43,0
43,0
43,0
43,0
43,0
43,0
43,0
43,0
43,0
43,0
43,0
43,0
43,0
43,0
43,0
43,0
43,0
43,0
43,0
43,0
43,0
43,0
43,0
43,0
43,0
43,0
43,0
43,0
43,0
43,0
43,0
43,0
43,0
43,0
54,5.5
54,2.75
54,1.375
54,0.6875
54,0.34375
54,0.171875
54,0.0859375
54,0.04296875
54,0.02148438
54,0.01074219
54,0.005371094
54,0.002685547
54,0.001342773
54,0.0006713867
54,0.0003356934
54,0.0001678467
54,8.392334E-05
54,4.196167E-05
54,2.098083E-05
54,1.049042E-05
54,5.245209E-06
54,2.622604E-06
54,1.311302E-06
54,6.556511E-07
54,3.278255E-07
54,1.639128E-07
54,8.195639E-08
54,4.097819E-08
54,2.04891E-08
54,1.024455E-08
54,5.122274E-09
54,2.561137E-09
54,1.280569E-09
54,6.402843E-10
54,3.201421E-10
54,1.600711E-10
54,8.003553E-11
54,4.001777E-11
54,2.000888E-11
54,1.000444E-11
54,5.002221E-12
54,2.50111E-12
54,1.250555E-12
54,6.252776E-13
54,3.126388E-13
54,1.563194E-13
54,7.81597E-14
54,3.907985E-14
54,1.953993E-14
54,9.769963E-15
54,4.884981E-15
54,2.442491E-15
54,1.221245E-15
54,6.106227E-16
54,3.053113E-16
54,1.526557E-16
54,7.632783E-17
54,3.816392E-17
54,1.908196E-17
54,9.540979E-18
54,4.77049E-18
54,2.385245E-18
54,1.192622E-18
54,5.963112E-19
54,2.981556E-19
54,1.490778E-19
54,7.45389E-20
54,3.726945E-20
54,1.863472E-20
54,9.317362E-21
54,4.658681E-21
54,2.329341E-21
54,1.16467E-21
54,5.823352E-22
54,2.911676E-22
54,1.455838E-22
54,7.279189E-23
54,3.639595E-23
54,1.819797E-23
54,9.098987E-24
54,4.549493E-24
54,2.274747E-24
54,1.137373E-24
54,5.686867E-25
54,2.843433E-25
54,1.421717E-25
54,7.108583E-26
54,3.554292E-26
54,1.777146E-26
54,8.885729E-27
54,4.442865E-27
54,2.221432E-27
54,1.110716E-27
54,5.553581E-28
54,2.77679E-28
54,1.388395E-28
54,6.941976E-29
54,3.470988E-29
54,1.735494E-29
54,8.67747E-30
54,4.338735E-30
54,2.169367E-30
54,1.084684E-30
54,5.423419E-31
54,2.711709E-31
54,1.355855E-31
54,6.779273E-32
54,3.389637E-32
54,1.694818E-32
54,8.474092E-33
54,4.237046E-33
54,2.118523E-33
54,1.059261E-33
54,5.296307E-34
54,2.648154E-34
54,1.324077E-34
54,6.620384E-35
54,3.310192E-35
54,1.655096E-35
54,8.27548E-36
54,4.13774E-36
54,2.06887E-36
54,1.034435E-36
54,5.172175E-37
54,2.586088E-37
54,1.293044E-37
54,6.465219E-38
54,3.232609E-38
54,1.616305E-38
54,8.081524E-39
54,4.040762E-39
54,2.020381E-39
54,1.01019E-39
54,5.050952E-40
54,2.525476E-40
54,1.262738E-40
54,6.31369E-41
54,3.156845E-41
54,1.578423E-41
54,7.892113E-42
54,3.946056E-42
54,1.973028E-42
54,9.865141E-43
54,4.932571E-43
54,2.466285E-43
54,1.233143E-43
54,6.165713E-44
54,3.082857E-44
54,1.541428E-44
54,8.407791E-45
54,4.203895E-45
54,2.802597E-45
54,1.401298E-45
54,0
54,0
54,0
54,0
54,0
54,0
54,0
54,0
54,0
54,0
54,0
54,0
54,0
54,0
54,0
54,0
54,0
54,0
54,0
54,0
54,0
54,0
54,0
54,0
54,0
54,0
54,0
54,0
54,0
54,0
54,0
54,0
54,0
54,0
54,0
54,0
54,0
54,0
54,0
54,0
54,0
54,0
54,0
54,0
54,0
54,0
54,0
54,0
54,0
54,0
54,0
54,0
54,0
54,0
54,0
54,0
54,0
54,0
54,0
54,0
54,0
54,0
54,0
54,0
54,0
54,0
54,0
54,0
54,0
54,0
54,0
54,0
54,0
50,2
50,1
50,0.5
50,0.25
50,0.125
50,0.0625
50,0.03125
50,0.015625
50,0.0078125
50,0.00390625
50,0.001953125
50,0.0009765625
50,0.0004882813
50,0.0002441406
50,0.0001220703
50,6.103516E-05
50,3.051758E-05
50,1.525879E-05
50,7.629395E-06
50,3.814697E-06
50,1.907349E-06
50,9.536743E-07
50,4.768372E-07
50,2.384186E-07
50,1.192093E-07
50,5.960464E-08
50,2.980232E-08
50,1.490116E-08
50,7.450581E-09
50,3.72529E-09
50,1.862645E-09
50,9.313226E-10
50,4.656613E-10
50,2.328306E-10
50,1.164153E-10
50,5.820766E-11
50,2.910383E-11
50,1.455192E-11
50,7.275958E-12
50,3.637979E-12
50,1.818989E-12
50,9.094947E-13
50,4.547474E-13
50,2.273737E-13
50,1.136868E-13
50,5.684342E-14
50,2.842171E-14
50,1.421085E-14
50,7.105427E-15
50,3.552714E-15
50,1.776357E-15
50,8.881784E-16
50,4.440892E-16
50,2.220446E-16
50,1.110223E-16
50,5.551115E-17
50,2.775558E-17
50,1.387779E-17
50,6.938894E-18
50,3.469447E-18
50,1.734723E-18
50,8.673617E-19
50,4.336809E-19
50,2.168404E-19
50,1.084202E-19
50,5.421011E-20
50,2.710505E-20
50,1.355253E-20
50,6.776264E-21
50,3.388132E-21
50,1.694066E-21
50,8.470329E-22
50,4.235165E-22
50,2.117582E-22
50,1.058791E-22
50,5.293956E-23
50,2.646978E-23
50,1.323489E-23
50,6.617445E-24
50,3.308722E-24
50,1.654361E-24
50,8.271806E-25
50,4.135903E-25
50,2.067952E-25
50,1.033976E-25
50,5.169879E-26
50,2.584939E-26
50,1.29247E-26
50,6.462349E-27
50,3.231174E-27
50,1.615587E-27
50,8.077936E-28
50,4.038968E-28
50,2.019484E-28
50,1.009742E-28
50,5.04871E-29
50,2.524355E-29
50,1.262177E-29
50,6.310887E-30
50,3.155444E-30
50,1.577722E-30
50,7.888609E-31
50,3.944305E-31
50,1.972152E-31
50,9.860761E-32
50,4.930381E-32
50,2.46519E-32
50,1.232595E-32
50,6.162976E-33
50,3.081488E-33
50,1.540744E-33
50,7.70372E-34
50,3.85186E-34
50,1.92593E-34
50,9.62965E-35
50,4.814825E-35
50,2.407412E-35
50,1.203706E-35
50,6.018531E-36
50,3.009266E-36
50,1.504633E-36
50,7.523164E-37
50,3.761582E-37
50,1.880791E-37
50,9.403955E-38
50,4.701977E-38
50,2.350989E-38
50,1.175494E-38
50,5.877472E-39
50,2.938736E-39
50,1.469368E-39
50,7.34684E-40
50,3.67342E-40
50,1.83671E-40
50,9.18355E-41
50,4.591775E-41
50,2.295887E-41
50,1.147944E-41
50,5.739719E-42
50,2.869859E-42
50,1.43493E-42
50,7.174648E-43
50,3.587324E-43
50,1.793662E-43
50,8.96831E-44
50,4.484155E-44
50,2.242078E-44
50,1.121039E-44
50,5.605194E-45
50,2.802597E-45
50,1.401298E-45
50,0
50,0
50,0
50,0
50,0
50,0
50,0
50,0
50,0
50,0
50,0
50,0
50,0
50,0
50,0
50,0
50,0
50,0
50,0
50,0
50,0
50,0
50,0
50,0
50,0
50,0
50,0
50,0
50,0
50,0
50,0
50,0
50,0
50,0
50,0
50,0
50,0
50,0
50,0
50,0
50,0
50,0
50,0
50,0
50,0
50,0
50,0
50,0
50,0
50,0
50,0
50,0
50,0
50,0
50,0
50,0
50,0
50,0
50,0
50,0
50,0
50,0
50,0
50,0
50,0
50,0
50,0
50,0
50,0
50,0
50,0
50,0
50,0
50,0
50,0
50,0
50,0
50,0
50,0
50,0
50,0
50,0
50,0
50,0
50,0
50,0
50,0
50,0
50,0
50,0
50,0
50,0
50,0
50,0
50,0
50,0
50,0
50,0
40,5
40,2.5
40,1.25
40,0.625
40,0.3125
40,0.15625
40,0.078125
40,0.0390625
40,0.01953125
40,0.009765625
40,0.004882813
40,0.002441406
40,0.001220703
40,0.0006103516
40,0.0003051758
40,0.0001525879
40,7.629395E-05
40,3.814697E-05
40,1.907349E-05
40,9.536743E-06
40,4.768372E-06
40,2.384186E-06
40,1.192093E-06
40,5.960464E-07
40,2.980232E-07
40,1.490116E-07
40,7.450581E-08
40,3.72529E-08
40,1.862645E-08
40,9.313226E-09
40,4.656613E-09
40,2.328306E-09
40,1.164153E-09
40,5.820766E-10
40,2.910383E-10
40,1.455192E-10
40,7.275958E-11
40,3.637979E-11
40,1.818989E-11
40,9.094947E-12
40,4.547474E-12
40,2.273737E-12
40,1.136868E-12
40,5.684342E-13
40,2.842171E-13
40,1.421085E-13
40,7.105427E-14
40,3.552714E-14
40,1.776357E-14
40,8.881784E-15
40,4.440892E-15
40,2.220446E-15
40,1.110223E-15
40,5.551115E-16
40,2.775558E-16
40,1.387779E-16
40,6.938894E-17
40,3.469447E-17
40,1.734723E-17
40,8.673617E-18
40,4.336809E-18
40,2.168404E-18
40,1.084202E-18
40,5.421011E-19
40,2.710505E-19
40,1.355253E-19
40,6.776264E-20
40,3.388132E-20
40,1.694066E-20
40,8.470329E-21
40,4.235165E-21
40,2.117582E-21
40,1.058791E-21
40,5.293956E-22
40,2.646978E-22
40,1.323489E-22
40,6.617445E-23
40,3.308722E-23
40,1.654361E-23
40,8.271806E-24
40,4.135903E-24
40,2.067952E-24
40,1.033976E-24
40,5.169879E-25
40,2.584939E-25
40,1.29247E-25
40,6.462349E-26
40,3.231174E-26
40,1.615587E-26
40,8.077936E-27
40,4.038968E-27
40,2.019484E-27
40,1.009742E-27
40,5.04871E-28
40,2.524355E-28
40,1.262177E-28
40,6.310887E-29
40,3.155444E-29
40,1.577722E-29
40,7.888609E-30
40,3.944305E-30
40,1.972152E-30
40,9.860761E-31
40,4.930381E-31
40,2.46519E-31
40,1.232595E-31
40,6.162976E-32
40,3.081488E-32
40,1.540744E-32
40,7.70372E-33
40,3.85186E-33
40,1.92593E-33
40,9.62965E-34
40,4.814825E-34
40,2.407412E-34
40,1.203706E-34
40,6.018531E-35
40,3.009266E-35
40,1.504633E-35
40,7.523164E-36
40,3.761582E-36
40,1.880791E-36
40,9.403955E-37
40,4.701977E-37
40,2.350989E-37
40,1.175494E-37
40,5.877472E-38
40,2.938736E-38
40,1.469368E-38
40,7.34684E-39
40,3.67342E-39
40,1.83671E-39
40,9.18355E-40
40,4.591775E-40
40,2.295887E-40
40,1.147944E-40
40,5.739719E-41
40,2.869859E-41
40,1.43493E-41
40,7.174648E-42
40,3.587324E-42
40,1.793662E-42
40,8.96831E-43
40,4.484155E-43
40,2.242078E-43
40,1.121039E-43
40,5.605194E-44
40,2.802597E-44
40,1.401298E-44
40,7.006492E-45
40,2.802597E-45
40,1.401298E-45
40,0
40,0
40,0
40,0
40,0
40,0
40,0
40,0
40,0
40,0
40,0
40,0
40,0
40,0
40,0
40,0
40,0
40,0
40,0
40,0
40,0
40,0
40,0
40,0
40,0
40,0
40,0
40,0
40,0
40,0
40,0
40,0
40,0
40,0
40,0
40,0
40,0
40,0
40,0
40,0
40,0
40,0
40,0
40,0
40,0
40,0
40,0
40,0
40,0
40,0
40,0
40,0
40,0
40,0
40,0
40,0
40,0
40,0
40,0
40,0
40,0
40,0
40,0
40,0
40,0
40,0
40,0
40,0
40,0
40,0
40,0
40,0
40,0
40,0
40,0
40,0
40,0
40,0
40,0
40,0
40,0
40,0
40,0
40,0
40,0
45,2.5
45,1.25
45,0.625
45,0.3125
45,0.15625
45,0.078125
45,0.0390625
45,0.01953125
45,0.009765625
45,0.004882813
45,0.002441406
45,0.001220703
45,0.0006103516
45,0.0003051758
45,0.0001525879
45,7.629395E-05
45,3.814697E-05
45,1.907349E-05
45,9.536743E-06
45,4.768372E-06
45,2.384186E-06
45,1.192093E-06
45,5.960464E-07
45,2.980232E-07
45,1.490116E-07
45,7.450581E-08
45,3.72529E-08
45,1.862645E-08
45,9.313226E-09
45,4.656613E-09
45,2.328306E-09
45,1.164153E-09
45,5.820766E-10
45,2.910383E-10
45,1.455192E-10
45,7.275958E-11
45,3.637979E-11
45,1.818989E-11
45,9.094947E-12
45,4.547474E-12
45,2.273737E-12
45,1.136868E-12
45,5.684342E-13
45,2.842171E-13
45,1.421085E-13
45,7.105427E-14
45,3.552714E-14
45,1.776357E-14
45,8.881784E-15
45,4.440892E-15
45,2.220446E-15
45,1.110223E-15
45,5.551115E-16
45,2.775558E-16
45,1.387779E-16
45,6.938894E-17
45,3.469447E-17
45,1.734723E-17
45,8.673617E-18
45,4.336809E-18
45,2.168404E-18
45,1.084202E-18
45,5.421011E-19
45,2.710505E-19
45,1.355253E-19
45,6.776264E-20
45,3.388132E-20
45,1.694066E-20
45,8.470329E-21
45,4.235165E-21
45,2.117582E-21
45,1.058791E-21
45,5.293956E-22
45,2.646978E-22
45,1.323489E-22
45,6.617445E-23
45,3.308722E-23
45,1.654361E-23
45,8.271806E-24
45,4.135903E-24
45,2.067952E-24
45,1.033976E-24
45,5.169879E-25
45,2.584939E-25
45,1.29247E-25
45,6.462349E-26
45,3.231174E-26
45,1.615587E-26
45,8.077936E-27
45,4.038968E-27
45,2.019484E-27
45,1.009742E-27
