-1,0
-1,0
-1,0
-1,0
-1,0
-1,0
-1,0
-1,0
-1,0
-1,0
-1,0
-1,0
-1,0
-1,0
-1,0
-1,0
-1,0
-1,0
-1,0
-1,0
-1,0
-1,0
-1,0
-1,0
-1,0
-1,0
-1,0
-1,0
-1,0
-1,0
-1,0
-1,0
-1,0
-1,0
-1,0
-1,0
-1,0
-1,0
-1,0
-1,0
-1,0
-1,0
-1,0
-1,0
-1,0
-1,0
-1,0
-1,0
-1,0
-1,0
-1,0
-1,0
-1,0
-1,0
-1,0
-1,0
-1,0
-1,0
-1,0
-1,0
-1,0
-1,0
-1,0
-1,0
-1,0
-1,0
-1,0
-1,0
-1,0
-1,0
-1,0
-1,0
-1,0
-1,0
-1,0
-1,0
-1,0
-1,0
-1,0
-1,0
-1,0
-1,0
-1,0
-1,0
-1,0
-1,0
-1,0
-1,0
-1,0
-1,0
-1,0
-1,0
-1,0
-1,0
-1,0
-1,0
-1,0
-1,0
-1,0
-1,0
-1,0
-1,0
-1,0
-1,0
-1,0
-1,0
-1,0
-1,0
-1,0
-1,0
-1,0
-1,0
-1,0
-1,0
-1,0
-1,0
-1,0
-1,0
-1,0
-1,0
-1,0
-1,0
-1,0
-1,0
-1,0
-1,0
-1,0
-1,0
-1,0
-1,0
-1,0
-1,0
-1,0
-1,0
-1,0
-1,0
-1,0
-1,0
-1,0
-1,0
-1,0
-1,0
-1,0
-1,0
-1,0
-1,0
-1,0
-1,0
-1,0
-1,0
-1,0
-1,0
-1,0
-1,0
-1,0
-1,0
-1,0
-1,0
-1,0
-1,0
-1,0
-1,0
-1,0
-1,0
-1,0
-1,0
-1,0
-1,0
-1,0
-1,0
-1,0
-1,0
-1,0
-1,0
-1,0
-1,0
-1,0
-1,0
-1,0
-1,0
-1,0
-1,0
-1,0
-1,0
-1,0
-1,0
-1,0
-1,0
-1,0
-1,0
-1,0
-1,0
-1,0
-1,0
-1,0
-1,0
-1,0
-1,0
-1,0
-1,0
-1,0
-1,0
-1,0
-1,0
-1,0
-1,0
-1,0
-1,0
-1,0
-1,0
-1,0
-1,0
-1,0
-1,0
-1,0
-1,0
-1,0
-1,0
-1,0
-1,0
-1,0
-1,0
-1,0
-1,0
-1,0
-1,0
-1,0
-1,0
-1,0
-1,0
-1,0
-1,0
-1,0
-1,0
-1,0
-1,0
-1,0
-1,0
-1,0
-1,0
-1,0
-1,0
-1,0
-1,0
139,0
139,0
139,0
139,0
139,0
139,0
139,0
139,0
139,0
139,0
139,0
139,0
139,0
139,0
139,0
139,0
139,0
139,0
139,0
139,0
139,0
139,0
139,0
139,0
139,0
139,0
139,0
139,0
139,0
139,0
139,0
139,0
139,0
139,0
139,0
139,0
139,0
139,0
139,0
139,0
139,0
139,0
139,0
139,0
139,0
139,0
139,0
139,0
139,0
139,0
139,0
139,0
139,0
139,0
139,0
139,0
139,0
139,0
139,0
139,0
139,0
139,0
139,0
139,0
139,0
139,0
139,0
139,0
139,0
139,0
139,0
139,0
139,0
139,0
139,0
139,0
139,0
139,0
139,0
139,0
139,0
139,0
139,0
139,0
139,0
139,0
139,0
139,0
139,0
139,0
139,0
139,0
139,0
139,0
139,0
139,0
139,0
139,0
139,0
139,0
139,0
139,0
139,0
139,0
139,0
139,0
139,0
139,0
139,0
139,0
139,0
139,0
139,0
139,0
139,0
139,0
139,0
139,0
139,0
139,0
139,0
139,0
139,0
139,0
139,0
139,0
139,0
139,0
139,0
139,0
139,0
139,0
139,0
139,0
139,0
139,0
139,0
139,0
139,0
139,0
139,0
139,0
139,0
139,0
139,0
139,0
139,0
139,0
139,0
139,0
139,0
139,0
139,0
139,0
139,0
139,0
139,0
139,0
139,0
139,0
139,0
139,0
139,0
139,0
139,0
139,0
139,0
139,0
139,0
139,0
139,0
139,0
139,0
139,0
139,0
139,0
139,0
139,0
139,0
139,0
139,0
139,0
139,0
139,0
139,0
139,0
139,0
139,0
139,0
139,0
139,0
139,0
139,0
139,0
139,0
139,0
139,0
139,0
139,0
139,0
139,0
139,0
139,0
139,0
139,0
139,0
139,0
139,0
139,0
139,0
139,0
139,0
139,0
139,0
139,0
139,0
139,0
139,0
139,0
139,0
139,0
139,0
139,0
139,0
139,0
139,0
139,0
139,0
139,0
139,0
139,0
139,0
139,0
139,0
139,0
139,0
139,0
139,0
139,0
139,0
139,0
139,0
139,0
139,0
139,0
139,0
139,0
139,0
139,0
139,0
139,0
139,0
139,0
139,0
139,0
139,0
139,0
139,0
139,0
139,0
139,0
139,0
139,0
139,0
139,0
139,0
139,0
139,0
139,0
139,0
139,0
133,3
133,1.5
133,0.75
133,0.375
133,0.1875
133,0.09375
133,0.046875
133,0.0234375
133,0.01171875
133,0.005859375
133,0.002929688
133,0.001464844
133,0.0007324219
133,0.0003662109
133,0.0001831055
133,9.155273E-05
133,4.577637E-05
133,2.288818E-05
133,1.144409E-05
133,5.722046E-06
133,2.861023E-06
133,1.430511E-06
133,7.152557E-07
133,3.576279E-07
133,1.788139E-07
133,8.940697E-08
133,4.470348E-08
133,2.235174E-08
133,1.117587E-08
133,5.587935E-09
133,2.793968E-09
133,1.396984E-09
133,6.984919E-10
133,3.49246E-10
133,1.74623E-10
133,8.731149E-11
133,4.365575E-11
133,2.182787E-11
133,1.091394E-11
133,5.456968E-12
133,2.728484E-12
133,1.364242E-12
133,6.82121E-13
133,3.410605E-13
133,1.705303E-13
133,8.526513E-14
133,4.263256E-14
133,2.131628E-14
133,1.065814E-14
133,5.329071E-15
133,2.664535E-15
133,1.332268E-15
133,6.661338E-16
133,3.330669E-16
133,1.665335E-16
133,8.326673E-17
133,4.163336E-17
133,2.081668E-17
133,1.040834E-17
133,5.20417E-18
133,2.602085E-18
133,1.301043E-18
133,6.505213E-19
133,3.252607E-19
133,1.626303E-19
133,8.131516E-20
133,4.065758E-20
133,2.032879E-20
133,1.01644E-20
133,5.082198E-21
133,2.541099E-21
133,1.270549E-21
133,6.352747E-22
133,3.176374E-22
133,1.588187E-22
133,7.940934E-23
133,3.970467E-23
133,1.985233E-23
133,9.926167E-24
133,4.963084E-24
133,2.481542E-24
133,1.240771E-24
133,6.203855E-25
133,3.101927E-25
133,1.550964E-25
133,7.754818E-26
133,3.877409E-26
133,1.938705E-26
133,9.693523E-27
133,4.846761E-27
133,2.423381E-27
133,1.21169E-27
133,6.058452E-28
133,3.029226E-28
133,1.514613E-28
133,7.573065E-29
133,3.786532E-29
133,1.893266E-29
133,9.466331E-30
133,4.733165E-30
133,2.366583E-30
133,1.183291E-30
133,5.916457E-31
133,2.958228E-31
133,1.479114E-31
133,7.395571E-32
133,3.697785E-32
133,1.848893E-32
133,9.244464E-33
133,4.622232E-33
133,2.311116E-33
133,1.155558E-33
133,5.77779E-34
133,2.888895E-34
133,1.444447E-34
133,7.222237E-35
133,3.611119E-35
133,1.805559E-35
133,9.027797E-36
133,4.513898E-36
133,2.256949E-36
133,1.128475E-36
133,5.642373E-37
133,2.821186E-37
133,1.410593E-37
133,7.052966E-38
133,3.526483E-38
133,1.763242E-38
133,8.816208E-39
133,4.408104E-39
133,2.204052E-39
133,1.102026E-39
133,5.51013E-40
133,2.755065E-40
133,1.377532E-40
133,6.887662E-41
133,3.443831E-41
133,1.721916E-41
133,8.609578E-42
133,4.304789E-42
133,2.152394E-42
133,1.076197E-42
133,5.380986E-43
133,2.690493E-43
133,1.345247E-43
133,6.726233E-44
133,3.363116E-44
133,1.681558E-44
133,8.407791E-45
133,4.203895E-45
133,2.802597E-45
133,1.401298E-45
133,0
133,0
133,0
133,0
133,0
133,0
133,0
133,0
133,0
133,0
133,0
133,0
133,0
133,0
133,0
133,0
133,0
133,0
133,0
133,0
133,0
133,0
133,0
133,0
133,0
133,0
133,0
133,0
133,0
133,0
133,0
133,0
133,0
133,0
133,0
133,0
133,0
133,0
133,0
133,0
133,0
133,0
133,0
133,0
133,0
133,0
133,0
133,0
133,0
133,0
133,0
133,0
133,0
133,0
133,0
133,0
133,0
133,0
133,0
133,0
133,0
133,0
133,0
133,0
133,0
133,0
133,0
133,0
133,0
133,0
132,0.5
132,0.25
132,0.125
132,0.0625
132,0.03125
132,0.015625
132,0.0078125
132,0.00390625
132,0.001953125
132,0.0009765625
132,0.0004882813
132,0.0002441406
132,0.0001220703
132,6.103516E-05
132,3.051758E-05
132,1.525879E-05
132,7.629395E-06
132,3.814697E-06
132,1.907349E-06
132,9.536743E-07
132,4.768372E-07
132,2.384186E-07
132,1.192093E-07
132,5.960464E-08
132,2.980232E-08
132,1.490116E-08
132,7.450581E-09
132,3.72529E-09
132,1.862645E-09
132,9.313226E-10
132,4.656613E-10
132,2.328306E-10
132,1.164153E-10
132,5.820766E-11
132,2.910383E-11
132,1.455192E-11
132,7.275958E-12
132,3.637979E-12
132,1.818989E-12
132,9.094947E-13
132,4.547474E-13
132,2.273737E-13
132,1.136868E-13
132,5.684342E-14
132,2.842171E-14
132,1.421085E-14
132,7.105427E-15
132,3.552714E-15
132,1.776357E-15
132,8.881784E-16
132,4.440892E-16
132,2.220446E-16
132,1.110223E-16
132,5.551115E-17
132,2.775558E-17
132,1.387779E-17
132,6.938894E-18
132,3.469447E-18
132,1.734723E-18
132,8.673617E-19
132,4.336809E-19
132,2.168404E-19
132,1.084202E-19
132,5.421011E-20
132,2.710505E-20
132,1.355253E-20
132,6.776264E-21
132,3.388132E-21
132,1.694066E-21
132,8.470329E-22
132,4.235165E-22
132,2.117582E-22
132,1.058791E-22
132,5.293956E-23
132,2.646978E-23
132,1.323489E-23
132,6.617445E-24
132,3.308722E-24
132,1.654361E-24
132,8.271806E-25
132,4.135903E-25
132,2.067952E-25
132,1.033976E-25
132,5.169879E-26
132,2.584939E-26
132,1.29247E-26
132,6.462349E-27
132,3.231174E-27
132,1.615587E-27
132,8.077936E-28
132,4.038968E-28
132,2.019484E-28
132,1.009742E-28
132,5.04871E-29
132,2.524355E-29
132,1.262177E-29
132,6.310887E-30
132,3.155444E-30
132,1.577722E-30
132,7.888609E-31
132,3.944305E-31
132,1.972152E-31
132,9.860761E-32
132,4.930381E-32
132,2.46519E-32
132,1.232595E-32
132,6.162976E-33
132,3.081488E-33
132,1.540744E-33
132,7.70372E-34
132,3.85186E-34
132,1.92593E-34
132,9.62965E-35
132,4.814825E-35
132,2.407412E-35
132,1.203706E-35
132,6.018531E-36
132,3.009266E-36
132,1.504633E-36
132,7.523164E-37
132,3.761582E-37
132,1.880791E-37
132,9.403955E-38
132,4.701977E-38
132,2.350989E-38
132,1.175494E-38
132,5.877472E-39
132,2.938736E-39
132,1.469368E-39
132,7.34684E-40
132,3.67342E-40
132,1.83671E-40
132,9.18355E-41
132,4.591775E-41
132,2.295887E-41
132,1.147944E-41
132,5.739719E-42
132,2.869859E-42
132,1.43493E-42
132,7.174648E-43
132,3.587324E-43
132,1.793662E-43
132,8.96831E-44
132,4.484155E-44
132,2.242078E-44
132,1.121039E-44
132,5.605194E-45
132,2.802597E-45
132,1.401298E-45
132,0
132,0
132,0
132,0
132,0
132,0
132,0
132,0
132,0
132,0
132,0
132,0
132,0
132,0
132,0
132,0
132,0
132,0
132,0
132,0
132,0
132,0
132,0
132,0
132,0
132,0
132,0
132,0
132,0
132,0
132,0
132,0
132,0
132,0
132,0
132,0
132,0
132,0
132,0
132,0
132,0
132,0
132,0
132,0
132,0
132,0
132,0
132,0
132,0
132,0
132,0
132,0
132,0
132,0
132,0
132,0
132,0
132,0
132,0
132,0
132,0
132,0
132,0
132,0
132,0
132,0
132,0
132,0
132,0
132,0
132,0
132,0
132,0
132,0
132,0
132,0
132,0
132,0
132,0
132,0
132,0
132,0
132,0
132,0
132,0
132,0
132,0
132,0
132,0
132,0
132,0
132,0
139,3.5
139,1.75
139,0.875
139,0.4375
139,0.21875
139,0.109375
139,0.0546875
139,0.02734375
139,0.01367188
139,0.006835938
139,0.003417969
139,0.001708984
139,0.0008544922
139,0.0004272461
139,0.000213623
139,0.0001068115
139,5.340576E-05
139,2.670288E-05
139,1.335144E-05
139,6.67572E-06
139,3.33786E-06
139,1.66893E-06
139,8.34465E-07
139,4.172325E-07
139,2.086163E-07
139,1.043081E-07
139,5.215406E-08
139,2.607703E-08
139,1.303852E-08
139,6.519258E-09
139,3.259629E-09
139,1.629815E-09
139,8.149073E-10
139,4.074536E-10
139,2.037268E-10
139,1.018634E-10
139,5.09317E-11
139,2.546585E-11
139,1.273293E-11
139,6.366463E-12
139,3.183231E-12
139,1.591616E-12
139,7.958079E-13
139,3.979039E-13
139,1.98952E-13
139,9.947598E-14
139,4.973799E-14
139,2.4869E-14
139,1.24345E-14
139,6.217249E-15
139,3.108624E-15
139,1.554312E-15
139,7.771561E-16
139,3.885781E-16
139,1.94289E-16
139,9.714451E-17
139,4.857226E-17
139,2.428613E-17
139,1.214306E-17
139,6.071532E-18
139,3.035766E-18
139,1.517883E-18
139,7.589415E-19
139,3.794708E-19
139,1.897354E-19
139,9.486769E-20
139,4.743385E-20
139,2.371692E-20
139,1.185846E-20
139,5.929231E-21
139,2.964615E-21
139,1.482308E-21
139,7.411538E-22
139,3.705769E-22
139,1.852885E-22
139,9.264423E-23
139,4.632211E-23
139,2.316106E-23
139,1.158053E-23
139,5.790264E-24
139,2.895132E-24
139,1.447566E-24
139,7.23783E-25
139,3.618915E-25
139,1.809458E-25
139,9.047288E-26
139,4.523644E-26
139,2.261822E-26
139,1.130911E-26
139,5.654555E-27
139,2.827277E-27
139,1.413639E-27
139,7.068194E-28
139,3.534097E-28
139,1.767048E-28
139,8.835242E-29
139,4.417621E-29
139,2.208811E-29
139,1.104405E-29
139,5.522026E-30
139,2.761013E-30
139,1.380507E-30
139,6.902533E-31
139,3.451266E-31
139,1.725633E-31
139,8.628166E-32
139,4.314083E-32
139,2.157042E-32
139,1.078521E-32
139,5.392604E-33
139,2.696302E-33
139,1.348151E-33
139,6.740755E-34
139,3.370377E-34
139,1.685189E-34
139,8.425944E-35
139,4.212972E-35
139,2.106486E-35
139,1.053243E-35
139,5.266215E-36
139,2.633107E-36
139,1.316554E-36
139,6.582768E-37
139,3.291384E-37
139,1.645692E-37
139,8.22846E-38
139,4.11423E-38
139,2.057115E-38
139,1.028558E-38
139,5.142788E-39
139,2.571394E-39
139,1.285697E-39
139,6.428485E-40
139,3.214242E-40
139,1.607121E-40
139,8.035606E-41
139,4.017803E-41
139,2.008901E-41
139,1.004451E-41
139,5.022254E-42
139,2.511127E-42
139,1.255563E-42
139,6.277817E-43
139,3.138909E-43
139,1.569454E-43
139,7.847271E-44
139,3.923636E-44
139,1.961818E-44
139,9.809089E-45
139,5.605194E-45
139,2.802597E-45
139,1.401298E-45
139,0
139,0
139,0
139,0
139,0
139,0
139,0
139,0
139,0
139,0
139,0
139,0
139,0
139,0
139,0
139,0
139,0
139,0
139,0
139,0
139,0
139,0
139,0
139,0
139,0
139,0
139,0
139,0
139,0
139,0
139,0
139,0
139,0
139,0
139,0
139,0
139,0
139,0
139,0
139,0
139,0
139,0
139,0
139,0
139,0
139,0
139,0
139,0
139,0
139,0
139,0
139,0
139,0
139,0
139,0
139,0
139,0
139,0
139,0
139,0
139,0
139,0
139,0
139,0
139,0
139,0
139,0
139,0
139,0
139,0
139,0
139,0
139,0
139,0
139,0
139,0
139,0
139,0
139,0
139,0
139,0
139,0
139,0
139,0
139,0
139,0
139,0
139,0
139,0
139,0
139,0
139,0
139,0
139,0
139,0
139,0
139,0
139,0
139,0
139,0
139,0
139,0
139,0
139,0
139,0
139,0
139,0
139,0
139,0
139,0
139,0
139,0
139,0
139,0
139,0
139,0
139,0
139,0
139,0
139,0
139,0
139,0
139,0
139,0
139,0
139,0
139,0
139,0
139,0
139,0
139,0
139,0
139,0
139,0
139,0
139,0
139,0
139,0
139,0
139,0
139,0
139,0
139,0
139,0
139,0
139,0
139,0
139,0
139,0
139,0
139,0
139,0
139,0
139,0
139,0
139,0
139,0
139,0
139,0
139,0
139,0
139,0
139,0
139,0
139,0
139,0
139,0
139,0
139,0
139,0
139,0
139,0
139,0
139,0
139,0
139,0
139,0
139,0
139,0
139,0
139,0
139,0
139,0
139,0
139,0
139,0
139,0
139,0
139,0
139,0
139,0
139,0
139,0
139,0
139,0
139,0
139,0
139,0
139,0
139,0
139,0
139,0
139,0
139,0
139,0
139,0
139,0
139,0
139,0
139,0
139,0
139,0
139,0
139,0
139,0
139,0
139,0
139,0
139,0
139,0
139,0
139,0
139,0
139,0
139,0
139,0
139,0
139,0
139,0
139,0
139,0
139,0
139,0
139,0
139,0
139,0
139,0
139,0
139,0
139,0
139,0
139,0
139,0
139,0
139,0
139,0
139,0
139,0
139,0
139,0
139,0
139,0
139,0
139,0
139,0
139,0
139,0
139,0
139,0
139,0
139,0
139,0
139,0
139,0
139,0
139,0
139,0
139,0
139,0
139,0
139,0
139,0
139,0
139,0
139,0
139,0
139,0
139,0
139,0
139,0
139,0
139,0
139,0
139,0
139,0
139,0
139,0
139,0
139,0
139,0
139,0
139,0
139,0
139,0
139,0
139,0
139,0
139,0
139,0
139,0
139,0
139,0
139,0
139,0
139,0
139,0
139,0
139,0
139,0
139,0
139,0
139,0
139,0
139,0
139,0
139,0
139,0
139,0
139,0
139,0
139,0
139,0
139,0
139,0
139,0
139,0
139,0
139,0
139,0
139,0
139,0
139,0
139,0
139,0
139,0
139,0
139,0
139,0
139,0
139,0
139,0
139,0
139,0
139,0
139,0
139,0
139,0
139,0
139,0
139,0
139,0
139,0
139,0
139,0
139,0
139,0
139,0
139,0
139,0
139,0
139,0
139,0
139,0
139,0
139,0
139,0
139,0
139,0
139,0
139,0
139,0
139,0
139,0
139,0
139,0
139,0
139,0
139,0
139,0
139,0
139,0
139,0
139,0
139,0
139,0
139,0
139,0
139,0
139,0
139,0
139,0
139,0
139,0
139,0
139,0
139,0
139,0
139,0
139,0
139,0
139,0
139,0
139,0
139,0
139,0
139,0
139,0
139,0
139,0
139,0
139,0
139,0
139,0
139,0
139,0
139,0
139,0
139,0
139,0
139,0
139,0
139,0
139,0
139,0
139,0
139,0
139,0
139,0
139,0
139,0
139,0
139,0
139,0
139,0
139,0
139,0
139,0
139,0
139,0
139,0
139,0
138,0.5
138,0.25
138,0.125
138,0.0625
138,0.03125
138,0.015625
138,0.0078125
138,0.00390625
138,0.001953125
138,0.0009765625
138,0.0004882813
138,0.0002441406
138,0.0001220703
138,6.103516E-05
138,3.051758E-05
138,1.525879E-05
138,7.629395E-06
138,3.814697E-06
138,1.907349E-06
138,9.536743E-07
138,4.768372E-07
138,2.384186E-07
138,1.192093E-07
138,5.960464E-08
138,2.980232E-08
138,1.490116E-08
138,7.450581E-09
138,3.72529E-09
138,1.862645E-09
138,9.313226E-10
138,4.656613E-10
138,2.328306E-10
138,1.164153E-10
138,5.820766E-11
138,2.910383E-11
138,1.455192E-11
138,7.275958E-12
138,3.637979E-12
138,1.818989E-12
138,9.094947E-13
138,4.547474E-13
138,2.273737E-13
138,1.136868E-13
138,5.684342E-14
138,2.842171E-14
138,1.421085E-14
138,7.105427E-15
138,3.552714E-15
138,1.776357E-15
138,8.881784E-16
138,4.440892E-16
138,2.220446E-16
138,1.110223E-16
138,5.551115E-17
138,2.775558E-17
138,1.387779E-17
138,6.938894E-18
138,3.469447E-18
138,1.734723E-18
138,8.673617E-19
138,4.336809E-19
138,2.168404E-19
138,1.084202E-19
138,5.421011E-20
138,2.710505E-20
138,1.355253E-20
138,6.776264E-21
138,3.388132E-21
138,1.694066E-21
138,8.470329E-22
138,4.235165E-22
138,2.117582E-22
138,1.058791E-22
138,5.293956E-23
138,2.646978E-23
138,1.323489E-23
138,6.617445E-24
138,3.308722E-24
138,1.654361E-24
138,8.271806E-25
138,4.135903E-25
138,2.067952E-25
138,1.033976E-25
138,5.169879E-26
138,2.584939E-26
138,1.29247E-26
138,6.462349E-27
138,3.231174E-27
138,1.615587E-27
138,8.077936E-28
138,4.038968E-28
138,2.019484E-28
138,1.009742E-28
138,5.04871E-29
138,2.524355E-29
138,1.262177E-29
138,6.310887E-30
138,3.155444E-30
138,1.577722E-30
138,7.888609E-31
138,3.944305E-31
138,1.972152E-31
138,9.860761E-32
138,4.930381E-32
138,2.46519E-32
138,1.232595E-32
138,6.162976E-33
138,3.081488E-33
138,1.540744E-33
138,7.70372E-34
138,3.85186E-34
138,1.92593E-34
138,9.62965E-35
138,4.814825E-35
138,2.407412E-35
138,1.203706E-35
138,6.018531E-36
138,3.009266E-36
138,1.504633E-36
138,7.523164E-37
138,3.761582E-37
138,1.880791E-37
138,9.403955E-38
138,4.701977E-38
138,2.350989E-38
138,1.175494E-38
138,5.877472E-39
138,2.938736E-39
138,1.469368E-39
138,7.34684E-40
138,3.67342E-40
138,1.83671E-40
138,9.18355E-41
138,4.591775E-41
138,2.295887E-41
138,1.147944E-41
138,5.739719E-42
138,2.869859E-42
138,1.43493E-42
138,7.174648E-43
138,3.587324E-43
138,1.793662E-43
138,8.96831E-44
138,4.484155E-44
138,2.242078E-44
138,1.121039E-44
138,5.605194E-45
138,2.802597E-45
138,1.401298E-45
138,0
138,0
138,0
138,0
138,0
138,0
138,0
138,0
138,0
138,0
138,0
138,0
138,0
138,0
138,0
138,0
138,0
138,0
138,0
138,0
138,0
138,0
138,0
138,0
138,0
138,0
138,0
138,0
138,0
138,0
138,0
138,0
138,0
138,0
138,0
138,0
138,0
138,0
138,0
138,0
138,0
138,0
138,0
138,0
138,0
138,0
138,0
138,0
138,0
138,0
138,0
138,0
138,0
138,0
138,0
138,0
138,0
138,0
138,0
138,0
138,0
138,0
138,0
138,0
138,0
138,0
138,0
138,0
138,0
138,0
138,0
138,0
138,0
138,0
138,0
138,0
138,0
138,0
138,0
138,0
138,0
138,0
138,0
138,0
138,0
138,0
138,0
138,0
138,0
138,0
138,0
138,0
138,0
138,0
138,0
138,0
138,0
138,0
138,0
138,0
138,0
138,0
138,0
138,0
138,0
138,0
138,0
138,0
138,0
138,0
138,0
138,0
138,0
138,0
138,0
138,0
138,0
138,0
138,0
138,0
138,0
138,0
138,0
138,0
138,0
138,0
138,0
138,0
138,0
138,0
138,0
138,0
138,0
138,0
138,0
138,0
138,0
138,0
138,0
138,0
138,0
138,0
138,0
138,0
138,0
138,0
138,0
138,0
138,0
138,0
138,0
138,0
138,0
138,0
138,0
138,0
138,0
138,0
138,0
138,0
138,0
138,0
138,0
138,0
138,0
138,0
138,0
138,0
138,0
138,0
138,0
138,0
138,0
138,0
138,0
138,0
138,0
138,0
138,0
138,0
138,0
138,0
138,0
138,0
138,0
138,0
138,0
138,0
138,0
138,0
138,0
138,0
138,0
138,0
138,0
138,0
138,0
138,0
138,0
138,0
138,0
138,0
138,0
138,0
138,0
138,0
138,0
138,0
138,0
138,0
138,0
138,0
138,0
138,0
138,0
138,0
138,0
138,0
138,0
138,0
138,0
138,0
138,0
138,0
138,0
138,0
138,0
138,0
138,0
138,0
138,0
138,0
138,0
138,0
138,0
138,0
138,0
138,0
138,0
138,0
138,0
138,0
138,0
138,0
138,0
138,0
138,0
138,0
138,0
138,0
138,0
138,0
138,0
138,0
138,0
138,0
138,0
138,0
138,0
138,0
138,0
138,0
138,0
138,0
138,0
138,0
138,0
138,0
138,0
138,0
138,0
138,0
138,0
138,0
138,0
138,0
138,0
138,0
138,0
138,0
138,0
138,0
138,0
138,0
138,0
138,0
138,0
138,0
138,0
138,0
138,0
138,0
138,0
138,0
138,0
138,0
138,0
138,0
138,0
138,0
138,0
138,0
138,0
138,0
138,0
138,0
138,0
138,0
138,0
138,0
138,0
138,0
138,0
138,0
138,0
138,0
138,0
138,0
138,0
138,0
138,0
138,0
138,0
138,0
138,0
138,0
138,0
138,0
138,0
138,0
138,0
138,0
138,0
138,0
138,0
138,0
138,0
138,0
138,0
138,0
138,0
138,0
138,0
138,0
138,0
138,0
138,0
138,0
138,0
138,0
138,0
138,0
138,0
138,0
138,0
138,0
138,0
138,0
138,0
138,0
138,0
138,0
138,0
138,0
138,0
138,0
138,0
138,0
138,0
138,0
138,0
138,0
138,0
138,0
138,0
138,0
138,0
138,0
138,0
138,0
138,0
138,0
138,0
138,0
138,0
138,0
138,0
138,0
138,0
138,0
138,0
138,0
138,0
138,0
138,0
138,0
138,0
138,0
138,0
138,0
138,0
138,0
138,0
138,0
138,0
138,0
138,0
138,0
138,0
138,0
138,0
138,0
138,0
138,0
138,0
138,0
138,0
138,0
138,0
138,0
138,0
138,0
138,0
138,0
138,0
138,0
138,0
138,0
138,0
138,0
138,0
138,0
138,0
138,0
138,0
138,0
138,0
138,0
138,0
138,0
138,0
138,0
138,0
138,0
138,0
138,0
138,0
138,0
138,0
138,0
138,0
138,0
138,0
138,0
138,0
138,0
138,0
138,0
138,0
138,0
138,0
138,0
138,0
138,0
138,0
138,0
138,0
138,0
138,0
138,0
138,0
138,0
138,0
138,0
138,0
138,0
138,0
138,0
138,0
138,0
138,0
138,0
138,0
138,0
138,0
138,0
138,0
144,3
144,1.5
144,0.75
144,0.375
144,0.1875
144,0.09375
144,0.046875
144,0.0234375
144,0.01171875
144,0.005859375
144,0.002929688
144,0.001464844
144,0.0007324219
144,0.0003662109
144,0.0001831055
144,9.155273E-05
144,4.577637E-05
144,2.288818E-05
144,1.144409E-05
144,5.722046E-06
144,2.861023E-06
144,1.430511E-06
144,7.152557E-07
144,3.576279E-07
144,1.788139E-07
144,8.940697E-08
144,4.470348E-08
144,2.235174E-08
144,1.117587E-08
144,5.587935E-09
144,2.793968E-09
144,1.396984E-09
144,6.984919E-10
144,3.49246E-10
144,1.74623E-10
144,8.731149E-11
144,4.365575E-11
144,2.182787E-11
144,1.091394E-11
144,5.456968E-12
144,2.728484E-12
144,1.364242E-12
144,6.82121E-13
144,3.410605E-13
144,1.705303E-13
144,8.526513E-14
144,4.263256E-14
144,2.131628E-14
144,1.065814E-14
144,5.329071E-15
144,2.664535E-15
144,1.332268E-15
144,6.661338E-16
144,3.330669E-16
144,1.665335E-16
144,8.326673E-17
144,4.163336E-17
144,2.081668E-17
144,1.040834E-17
144,5.20417E-18
144,2.602085E-18
144,1.301043E-18
144,6.505213E-19
144,3.252607E-19
144,1.626303E-19
144,8.131516E-20
144,4.065758E-20
144,2.032879E-20
144,1.01644E-20
144,5.082198E-21
144,2.541099E-21
144,1.270549E-21
144,6.352747E-22
144,3.176374E-22
144,1.588187E-22
144,7.940934E-23
144,3.970467E-23
144,1.985233E-23
144,9.926167E-24
144,4.963084E-24
144,2.481542E-24
144,1.240771E-24
144,6.203855E-25
144,3.101927E-25
144,1.550964E-25
144,7.754818E-26
144,3.877409E-26
144,1.938705E-26
144,9.693523E-27
144,4.846761E-27
144,2.423381E-27
144,1.21169E-27
144,6.058452E-28
144,3.029226E-28
144,1.514613E-28
144,7.573065E-29
144,3.786532E-29
144,1.893266E-29
144,9.466331E-30
144,4.733165E-30
144,2.366583E-30
144,1.183291E-30
144,5.916457E-31
144,2.958228E-31
144,1.479114E-31
144,7.395571E-32
144,3.697785E-32
144,1.848893E-32
144,9.244464E-33
144,4.622232E-33
144,2.311116E-33
144,1.155558E-33
144,5.77779E-34
144,2.888895E-34
144,1.444447E-34
144,7.222237E-35
144,3.611119E-35
144,1.805559E-35
144,9.027797E-36
144,4.513898E-36
144,2.256949E-36
144,1.128475E-36
144,5.642373E-37
144,2.821186E-37
144,1.410593E-37
144,7.052966E-38
144,3.526483E-38
144,1.763242E-38
144,8.816208E-39
144,4.408104E-39
144,2.204052E-39
144,1.102026E-39
144,5.51013E-40
144,2.755065E-40
144,1.377532E-40
144,6.887662E-41
144,3.443831E-41
144,1.721916E-41
144,8.609578E-42
144,4.304789E-42
144,2.152394E-42
144,1.076197E-42
144,5.380986E-43
144,2.690493E-43
144,1.345247E-43
144,6.726233E-44
144,3.363116E-44
144,1.681558E-44
144,8.407791E-45
144,4.203895E-45
144,2.802597E-45
144,1.401298E-45
144,0
144,0
144,0
144,0
144,0
144,0
144,0
144,0
144,0
144,0
144,0
144,0
144,0
144,0
144,0
144,0
144,0
144,0
144,0
144,0
144,0
144,0
144,0
144,0
144,0
144,0
144,0
144,0
144,0
144,0
144,0
144,0
144,0
144,0
144,0
144,0
144,0
144,0
144,0
144,0
144,0
144,0
144,0
144,0
144,0
144,0
144,0
144,0
144,0
144,0
144,0
144,0
144,0
144,0
144,0
144,0
144,0
144,0
144,0
144,0
144,0
144,0
144,0
144,0
144,0
144,0
144,0
144,0
144,0
144,0
144,0
144,0
144,0
144,0
144,0
144,0
144,0
144,0
144,0
144,0
144,0
144,0
144,0
144,0
144,0
144,0
144,0
144,0
142,1
142,0.5
142,0.25
142,0.125
142,0.0625
142,0.03125
142,0.015625
142,0.0078125
142,0.00390625
142,0.001953125
142,0.0009765625
142,0.0004882813
142,0.0002441406
142,0.0001220703
142,6.103516E-05
142,3.051758E-05
142,1.525879E-05
142,7.629395E-06
142,3.814697E-06
142,1.907349E-06
142,9.536743E-07
142,4.768372E-07
142,2.384186E-07
142,1.192093E-07
142,5.960464E-08
142,2.980232E-08
142,1.490116E-08
142,7.450581E-09
142,3.72529E-09
142,1.862645E-09
142,9.313226E-10
142,4.656613E-10
142,2.328306E-10
142,1.164153E-10
142,5.820766E-11
142,2.910383E-11
142,1.455192E-11
142,7.275958E-12
142,3.637979E-12
142,1.818989E-12
142,9.094947E-13
142,4.547474E-13
142,2.273737E-13
142,1.136868E-13
142,5.684342E-14
142,2.842171E-14
142,1.421085E-14
142,7.105427E-15
142,3.552714E-15
142,1.776357E-15
142,8.881784E-16
142,4.440892E-16
142,2.220446E-16
142,1.110223E-16
142,5.551115E-17
142,2.775558E-17
142,1.387779E-17
142,6.938894E-18
142,3.469447E-18
142,1.734723E-18
142,8.673617E-19
142,4.336809E-19
142,2.168404E-19
142,1.084202E-19
142,5.421011E-20
142,2.710505E-20
142,1.355253E-20
142,6.776264E-21
142,3.388132E-21
142,1.694066E-21
142,8.470329E-22
142,4.235165E-22
142,2.117582E-22
142,1.058791E-22
142,5.293956E-23
142,2.646978E-23
142,1.323489E-23
142,6.617445E-24
142,3.308722E-24
142,1.654361E-24
142,8.271806E-25
142,4.135903E-25
142,2.067952E-25
142,1.033976E-25
142,5.169879E-26
142,2.584939E-26
142,1.29247E-26
142,6.462349E-27
142,3.231174E-27
142,1.615587E-27
142,8.077936E-28
142,4.038968E-28
142,2.019484E-28
142,1.009742E-28
142,5.04871E-29
142,2.524355E-29
142,1.262177E-29
142,6.310887E-30
142,3.155444E-30
142,1.577722E-30
142,7.888609E-31
142,3.944305E-31
142,1.972152E-31
142,9.860761E-32
142,4.930381E-32
142,2.46519E-32
142,1.232595E-32
142,6.162976E-33
142,3.081488E-33
142,1.540744E-33
142,7.70372E-34
142,3.85186E-34
142,1.92593E-34
142,9.62965E-35
142,4.814825E-35
142,2.407412E-35
142,1.203706E-35
142,6.018531E-36
142,3.009266E-36
142,1.504633E-36
142,7.523164E-37
142,3.761582E-37
142,1.880791E-37
142,9.403955E-38
142,4.701977E-38
142,2.350989E-38
142,1.175494E-38
142,5.877472E-39
142,2.938736E-39
142,1.469368E-39
142,7.34684E-40
142,3.67342E-40
142,1.83671E-40
142,9.18355E-41
142,4.591775E-41
142,2.295887E-41
142,1.147944E-41
142,5.739719E-42
142,2.869859E-42
142,1.43493E-42
142,7.174648E-43
142,3.587324E-43
142,1.793662E-43
142,8.96831E-44
142,4.484155E-44
142,2.242078E-44
142,1.121039E-44
142,5.605194E-45
142,2.802597E-45
142,1.401298E-45
142,0
142,0
142,0
142,0
142,0
142,0
142,0
142,0
142,0
142,0
142,0
142,0
142,0
142,0
142,0
142,0
142,0
142,0
142,0
142,0
142,0
142,0
142,0
142,0
142,0
142,0
142,0
142,0
142,0
142,0
142,0
142,0
142,0
142,0
142,0
142,0
142,0
142,0
142,0
142,0
142,0
142,0
142,0
142,0
142,0
142,0
142,0
142,0
142,0
142,0
142,0
142,0
142,0
142,0
142,0
142,0
142,0
142,0
142,0
142,0
142,0
142,0
142,0
142,0
142,0
142,0
142,0
142,0
142,0
142,0
142,0
142,0
142,0
142,0
142,0
142,0
142,0
142,0
142,0
142,0
142,0
142,0
142,0
142,0
142,0
142,0
142,0
142,0
142,0
142,0
142,0
142,0
142,0
142,0
142,0
142,0
142,0
142,0
142,0
142,0
142,0
142,0
142,0
142,0
142,0
142,0
142,0
142,0
142,0
142,0
142,0
143,0.5
143,0.25
143,0.125
143,0.0625
143,0.03125
143,0.015625
143,0.0078125
143,0.00390625
143,0.001953125
143,0.0009765625
143,0.0004882813
143,0.0002441406
143,0.0001220703
143,6.103516E-05
143,3.051758E-05
143,1.525879E-05
143,7.629395E-06
143,3.814697E-06
143,1.907349E-06
143,9.536743E-07
143,4.768372E-07
143,2.384186E-07
143,1.192093E-07
143,5.960464E-08
143,2.980232E-08
143,1.490116E-08
143,7.450581E-09
143,3.72529E-09
143,1.862645E-09
143,9.313226E-10
143,4.656613E-10
143,2.328306E-10
143,1.164153E-10
143,5.820766E-11
143,2.910383E-11
143,1.455192E-11
143,7.275958E-12
143,3.637979E-12
143,1.818989E-12
143,9.094947E-13
143,4.547474E-13
143,2.273737E-13
143,1.136868E-13
143,5.684342E-14
143,2.842171E-14
143,1.421085E-14
143,7.105427E-15
143,3.552714E-15
143,1.776357E-15
143,8.881784E-16
143,4.440892E-16
143,2.220446E-16
143,1.110223E-16
143,5.551115E-17
143,2.775558E-17
143,1.387779E-17
143,6.938894E-18
143,3.469447E-18
143,1.734723E-18
143,8.673617E-19
143,4.336809E-19
143,2.168404E-19
143,1.084202E-19
143,5.421011E-20
143,2.710505E-20
143,1.355253E-20
143,6.776264E-21
143,3.388132E-21
143,1.694066E-21
143,8.470329E-22
143,4.235165E-22
143,2.117582E-22
143,1.058791E-22
143,5.293956E-23
143,2.646978E-23
143,1.323489E-23
143,6.617445E-24
143,3.308722E-24
143,1.654361E-24
143,8.271806E-25
143,4.135903E-25
143,2.067952E-25
143,1.033976E-25
143,5.169879E-26
143,2.584939E-26
143,1.29247E-26
143,6.462349E-27
143,3.231174E-27
143,1.615587E-27
143,8.077936E-28
143,4.038968E-28
143,2.019484E-28
143,1.009742E-28
143,5.04871E-29
143,2.524355E-29
143,1.262177E-29
143,6.310887E-30
143,3.155444E-30
143,1.577722E-30
143,7.888609E-31
143,3.944305E-31
143,1.972152E-31
143,9.860761E-32
143,4.930381E-32
143,2.46519E-32
143,1.232595E-32
143,6.162976E-33
143,3.081488E-33
143,1.540744E-33
143,7.70372E-34
143,3.85186E-34
143,1.92593E-34
143,9.62965E-35
143,4.814825E-35
143,2.407412E-35
143,1.203706E-35
143,6.018531E-36
143,3.009266E-36
143,1.504633E-36
143,7.523164E-37
143,3.761582E-37
143,1.880791E-37
143,9.403955E-38
143,4.701977E-38
143,2.350989E-38
143,1.175494E-38
143,5.877472E-39
143,2.938736E-39
143,1.469368E-39
143,7.34684E-40
143,3.67342E-40
143,1.83671E-40
143,9.18355E-41
143,4.591775E-41
143,2.295887E-41
143,1.147944E-41
143,5.739719E-42
143,2.869859E-42
143,1.43493E-42
143,7.174648E-43
143,3.587324E-43
143,1.793662E-43
143,8.96831E-44
143,4.484155E-44
143,2.242078E-44
143,1.121039E-44
143,5.605194E-45
143,2.802597E-45
143,1.401298E-45
143,0
143,0
143,0
143,0
143,0
143,0
143,0
143,0
143,0
143,0
143,0
143,0
143,0
143,0
143,0
143,0
143,0
143,0
143,0
143,0
143,0
143,0
143,0
143,0
143,0
143,0
143,0
143,0
143,0
143,0
143,0
143,0
143,0
143,0
143,0
143,0
143,0
143,0
143,0
143,0
143,0
143,0
143,0
143,0
143,0
143,0
143,0
143,0
143,0
143,0
143,0
143,0
143,0
143,0
143,0
143,0
143,0
143,0
143,0
143,0
143,0
143,0
143,0
143,0
143,0
143,0
143,0
143,0
143,0
143,0
143,0
143,0
143,0
143,0
143,0
143,0
143,0
143,0
143,0
143,0
143,0
143,0
143,0
143,0
143,0
143,0
143,0
143,0
143,0
143,0
143,0
143,0
143,0
143,0
143,0
143,0
143,0
143,0
143,0
143,0
143,0
143,0
141,1
141,0.5
141,0.25
141,0.125
141,0.0625
141,0.03125
141,0.015625
141,0.0078125
141,0.00390625
141,0.001953125
141,0.0009765625
141,0.0004882813
141,0.0002441406
141,0.0001220703
141,6.103516E-05
141,3.051758E-05
141,1.525879E-05
141,7.629395E-06
141,3.814697E-06
141,1.907349E-06
141,9.536743E-07
141,4.768372E-07
141,2.384186E-07
141,1.192093E-07
141,5.960464E-08
141,2.980232E-08
141,1.490116E-08
141,7.450581E-09
141,3.72529E-09
141,1.862645E-09
141,9.313226E-10
141,4.656613E-10
141,2.328306E-10
141,1.164153E-10
141,5.820766E-11
141,2.910383E-11
141,1.455192E-11
141,7.275958E-12
141,3.637979E-12
141,1.818989E-12
141,9.094947E-13
141,4.547474E-13
141,2.273737E-13
141,1.136868E-13
141,5.684342E-14
141,2.842171E-14
141,1.421085E-14
141,7.105427E-15
141,3.552714E-15
141,1.776357E-15
141,8.881784E-16
141,4.440892E-16
141,2.220446E-16
141,1.110223E-16
141,5.551115E-17
141,2.775558E-17
141,1.387779E-17
141,6.938894E-18
141,3.469447E-18
141,1.734723E-18
141,8.673617E-19
141,4.336809E-19
141,2.168404E-19
141,1.084202E-19
141,5.421011E-20
141,2.710505E-20
141,1.355253E-20
141,6.776264E-21
141,3.388132E-21
141,1.694066E-21
141,8.470329E-22
141,4.235165E-22
141,2.117582E-22
141,1.058791E-22
141,5.293956E-23
141,2.646978E-23
141,1.323489E-23
141,6.617445E-24
141,3.308722E-24
141,1.654361E-24
141,8.271806E-25
141,4.135903E-25
141,2.067952E-25
141,1.033976E-25
141,5.169879E-26
141,2.584939E-26
141,1.29247E-26
141,6.462349E-27
141,3.231174E-27
141,1.615587E-27
141,8.077936E-28
141,4.038968E-28
141,2.019484E-28
141,1.009742E-28
141,5.04871E-29
141,2.524355E-29
141,1.262177E-29
141,6.310887E-30
141,3.155444E-30
141,1.577722E-30
141,7.888609E-31
141,3.944305E-31
141,1.972152E-31
141,9.860761E-32
141,4.930381E-32
141,2.46519E-32
141,1.232595E-32
141,6.162976E-33
141,3.081488E-33
141,1.540744E-33
141,7.70372E-34
141,3.85186E-34
141,1.92593E-34
141,9.62965E-35
141,4.814825E-35
141,2.407412E-35
141,1.203706E-35
141,6.018531E-36
141,3.009266E-36
141,1.504633E-36
141,7.523164E-37
141,3.761582E-37
141,1.880791E-37
141,9.403955E-38
141,4.701977E-38
141,2.350989E-38
141,1.175494E-38
141,5.877472E-39
141,2.938736E-39
141,1.469368E-39
141,7.34684E-40
141,3.67342E-40
141,1.83671E-40
141,9.18355E-41
141,4.591775E-41
141,2.295887E-41
141,1.147944E-41
141,5.739719E-42
141,2.869859E-42
141,1.43493E-42
141,7.174648E-43
141,3.587324E-43
141,1.793662E-43
141,8.96831E-44
141,4.484155E-44
141,2.242078E-44
141,1.121039E-44
141,5.605194E-45
141,2.802597E-45
141,1.401298E-45
141,0
141,0
141,0
141,0
141,0
141,0
141,0
141,0
141,0
141,0
141,0
141,0
141,0
141,0
141,0
141,0
141,0
141,0
141,0
141,0
141,0
141,0
141,0
141,0
141,0
141,0
141,0
141,0
141,0
141,0
141,0
141,0
141,0
141,0
141,0
141,0
141,0
141,0
141,0
141,0
141,0
141,0
141,0
141,0
141,0
141,0
141,0
141,0
141,0
141,0
141,0
141,0
141,0
141,0
141,0
141,0
141,0
141,0
141,0
141,0
141,0
141,0
141,0
141,0
141,0
141,0
141,0
141,0
141,0
141,0
141,0
141,0
141,0
141,0
141,0
141,0
141,0
141,0
141,0
141,0
141,0
141,0
141,0
141,0
141,0
141,0
141,0
141,0
141,0
141,0
141,0
141,0
141,0
141,0
141,0
141,0
141,0
141,0
141,0
141,0
141,0
141,0
141,0
141,0
141,0
141,0
141,0
141,0
141,0
141,0
141,0
141,0
141,0
141,0
141,0
141,0
141,0
141,0
141,0
141,0
141,0
141,0
141,0
141,0
141,0
141,0
141,0
141,0
141,0
141,0
141,0
141,0
141,0
141,0
141,0
141,0
141,0
141,0
141,0
141,0
141,0
141,0
141,0
141,0
141,0
141,0
141,0
141,0
141,0
141,0
141,0
141,0
141,0
141,0
141,0
141,0
141,0
141,0
141,0
141,0
141,0
141,0
141,0
141,0
141,0
141,0
141,0
141,0
141,0
141,0
141,0
141,0
141,0
141,0
141,0
141,0
141,0
141,0
141,0
141,0
141,0
141,0
141,0
141,0
141,0
141,0
141,0
141,0
141,0
141,0
141,0
141,0
141,0
141,0
141,0
141,0
141,0
141,0
141,0
141,0
141,0
141,0
141,0
141,0
141,0
141,0
141,0
141,0
141,0
141,0
141,0
141,0
141,0
141,0
141,0
141,0
141,0
141,0
141,0
141,0
141,0
141,0
141,0
141,0
141,0
141,0
141,0
141,0
141,0
141,0
141,0
141,0
141,0
141,0
141,0
141,0
141,0
141,0
141,0
141,0
141,0
141,0
141,0
141,0
141,0
141,0
141,0
141,0
141,0
141,0
141,0
141,0
141,0
141,0
141,0
141,0
141,0
141,0
141,0
141,0
141,0
141,0
141,0
141,0
141,0
141,0
141,0
141,0
141,0
141,0
141,0
141,0
141,0
141,0
141,0
141,0
141,0
141,0
141,0
141,0
141,0
141,0
141,0
141,0
141,0
141,0
141,0
141,0
141,0
141,0
141,0
141,0
141,0
141,0
141,0
141,0
141,0
141,0
141,0
141,0
141,0
141,0
141,0
141,0
141,0
141,0
141,0
141,0
141,0
141,0
141,0
141,0
141,0
141,0
141,0
141,0
141,0
141,0
141,0
141,0
141,0
141,0
141,0
141,0
141,0
141,0
141,0
141,0
141,0
141,0
141,0
141,0
141,0
141,0
141,0
141,0
141,0
141,0
141,0
141,0
141,0
141,0
141,0
141,0
141,0
141,0
141,0
141,0
141,0
141,0
141,0
141,0
141,0
141,0
141,0
141,0
141,0
141,0
141,0
141,0
141,0
141,0
141,0
141,0
141,0
141,0
141,0
141,0
141,0
141,0
141,0
141,0
141,0
141,0
141,0
141,0
141,0
141,0
141,0
141,0
141,0
141,0
141,0
141,0
141,0
141,0
141,0
141,0
141,0
141,0
141,0
141,0
141,0
141,0
141,0
141,0
141,0
141,0
141,0
141,0
141,0
141,0
141,0
141,0
141,0
141,0
141,0
141,0
141,0
141,0
141,0
141,0
141,0
141,0
141,0
141,0
141,0
141,0
141,0
141,0
141,0
141,0
141,0
141,0
141,0
141,0
141,0
141,0
141,0
141,0
141,0
141,0
141,0
141,0
141,0
141,0
141,0
141,0
141,0
141,0
141,0
141,0
141,0
141,0
141,0
141,0
141,0
141,0
141,0
141,0
141,0
141,0
141,0
141,0
141,0
141,0
141,0
141,0
141,0
141,0
141,0
141,0
141,0
141,0
141,0
141,0
141,0
141,0
141,0
141,0
141,0
141,0
141,0
141,0
141,0
141,0
141,0
141,0
141,0
141,0
141,0
141,0
141,0
141,0
141,0
141,0
141,0
141,0
141,0
141,0
141,0
141,0
141,0
141,0
141,0
141,0
141,0
141,0
141,0
141,0
141,0
141,0
141,0
141,0
141,0
141,0
141,0
141,0
141,0
141,0
141,0
141,0
141,0
141,0
141,0
141,0
141,0
141,0
141,0
141,0
141,0
141,0
141,0
141,0
141,0
141,0
141,0
141,0
141,0
141,0
141,0
141,0
141,0
141,0
141,0
141,0
141,0
141,0
141,0
141,0
141,0
141,0
141,0
141,0
141,0
141,0
141,0
141,0
141,0
141,0
141,0
141,0
141,0
141,0
141,0
141,0
141,0
141,0
141,0
141,0
141,0
141,0
141,0
141,0
141,0
141,0
141,0
141,0
141,0
141,0
141,0
141,0
141,0
141,0
141,0
141,0
141,0
141,0
141,0
141,0
141,0
141,0
141,0
141,0
141,0
141,0
146,2.5
146,1.25
146,0.625
146,0.3125
146,0.15625
146,0.078125
146,0.0390625
146,0.01953125
146,0.009765625
146,0.004882813
146,0.002441406
146,0.001220703
146,0.0006103516
146,0.0003051758
146,0.0001525879
146,7.629395E-05
146,3.814697E-05
146,1.907349E-05
146,9.536743E-06
146,4.768372E-06
146,2.384186E-06
146,1.192093E-06
146,5.960464E-07
146,2.980232E-07
146,1.490116E-07
146,7.450581E-08
146,3.72529E-08
146,1.862645E-08
146,9.313226E-09
146,4.656613E-09
146,2.328306E-09
146,1.164153E-09
146,5.820766E-10
146,2.910383E-10
146,1.455192E-10
146,7.275958E-11
146,3.637979E-11
146,1.818989E-11
146,9.094947E-12
146,4.547474E-12
146,2.273737E-12
146,1.136868E-12
146,5.684342E-13
146,2.842171E-13
146,1.421085E-13
146,7.105427E-14
146,3.552714E-14
146,1.776357E-14
146,8.881784E-15
146,4.440892E-15
146,2.220446E-15
146,1.110223E-15
146,5.551115E-16
146,2.775558E-16
146,1.387779E-16
146,6.938894E-17
146,3.469447E-17
146,1.734723E-17
146,8.673617E-18
146,4.336809E-18
146,2.168404E-18
146,1.084202E-18
146,5.421011E-19
146,2.710505E-19
146,1.355253E-19
146,6.776264E-20
146,3.388132E-20
146,1.694066E-20
146,8.470329E-21
146,4.235165E-21
146,2.117582E-21
146,1.058791E-21
146,5.293956E-22
146,2.646978E-22
146,1.323489E-22
146,6.617445E-23
146,3.308722E-23
146,1.654361E-23
146,8.271806E-24
146,4.135903E-24
146,2.067952E-24
146,1.033976E-24
146,5.169879E-25
146,2.584939E-25
146,1.29247E-25
146,6.462349E-26
146,3.231174E-26
146,1.615587E-26
146,8.077936E-27
146,4.038968E-27
146,2.019484E-27
146,1.009742E-27
146,5.04871E-28
146,2.524355E-28
146,1.262177E-28
146,6.310887E-29
146,3.155444E-29
146,1.577722E-29
146,7.888609E-30
146,3.944305E-30
146,1.972152E-30
146,9.860761E-31
146,4.930381E-31
146,2.46519E-31
146,1.232595E-31
146,6.162976E-32
146,3.081488E-32
146,1.540744E-32
146,7.70372E-33
146,3.85186E-33
146,1.92593E-33
146,9.62965E-34
146,4.814825E-34
146,2.407412E-34
146,1.203706E-34
146,6.018531E-35
146,3.009266E-35
146,1.504633E-35
146,7.523164E-36
146,3.761582E-36
146,1.880791E-36
146,9.403955E-37
146,4.701977E-37
146,2.350989E-37
146,1.175494E-37
146,5.877472E-38
146,2.938736E-38
146,1.469368E-38
146,7.34684E-39
146,3.67342E-39
146,1.83671E-39
146,9.18355E-40
146,4.591775E-40
146,2.295887E-40
146,1.147944E-40
146,5.739719E-41
146,2.869859E-41
146,1.43493E-41
146,7.174648E-42
146,3.587324E-42
146,1.793662E-42
146,8.96831E-43
146,4.484155E-43
146,2.242078E-43
146,1.121039E-43
146,5.605194E-44
146,2.802597E-44
146,1.401298E-44
146,7.006492E-45
146,2.802597E-45
146,1.401298E-45
146,0
146,0
146,0
146,0
146,0
146,0
146,0
146,0
146,0
146,0
146,0
146,0
146,0
146,0
146,0
146,0
146,0
146,0
146,0
146,0
146,0
146,0
146,0
146,0
146,0
146,0
146,0
146,0
146,0
146,0
146,0
146,0
146,0
146,0
146,0
146,0
146,0
146,0
146,0
146,0
146,0
146,0
146,0
146,0
146,0
146,0
146,0
146,0
146,0
146,0
146,0
146,0
146,0
146,0
146,0
146,0
146,0
146,0
146,0
146,0
146,0
146,0
146,0
146,0
146,0
146,0
146,0
146,0
146,0
146,0
146,0
146,0
146,0
146,0
146,0
146,0
146,0
146,0
146,0
146,0
146,0
146,0
146,0
146,0
146,0
146,0
146,0
146,0
146,0
146,0
146,0
146,0
146,0
146,0
146,0
146,0
146,0
146,0
146,0
146,0
146,0
146,0
146,0
146,0
146,0
146,0
146,0
146,0
146,0
146,0
146,0
146,0
146,0
146,0
146,0
146,0
146,0
146,0
146,0
146,0
146,0
146,0
149,1.5
149,0.75
149,0.375
149,0.1875
149,0.09375
149,0.046875
149,0.0234375
149,0.01171875
149,0.005859375
149,0.002929688
149,0.001464844
149,0.0007324219
149,0.0003662109
149,0.0001831055
149,9.155273E-05
149,4.577637E-05
149,2.288818E-05
149,1.144409E-05
149,5.722046E-06
149,2.861023E-06
149,1.430511E-06
149,7.152557E-07
149,3.576279E-07
149,1.788139E-07
149,8.940697E-08
149,4.470348E-08
149,2.235174E-08
149,1.117587E-08
149,5.587935E-09
149,2.793968E-09
149,1.396984E-09
149,6.984919E-10
149,3.49246E-10
149,1.74623E-10
149,8.731149E-11
149,4.365575E-11
149,2.182787E-11
149,1.091394E-11
149,5.456968E-12
149,2.728484E-12
149,1.364242E-12
149,6.82121E-13
149,3.410605E-13
149,1.705303E-13
149,8.526513E-14
149,4.263256E-14
149,2.131628E-14
149,1.065814E-14
149,5.329071E-15
149,2.664535E-15
149,1.332268E-15
149,6.661338E-16
149,3.330669E-16
149,1.665335E-16
149,8.326673E-17
149,4.163336E-17
149,2.081668E-17
149,1.040834E-17
149,5.20417E-18
149,2.602085E-18
149,1.301043E-18
149,6.505213E-19
149,3.252607E-19
149,1.626303E-19
149,8.131516E-20
149,4.065758E-20
149,2.032879E-20
149,1.01644E-20
149,5.082198E-21
149,2.541099E-21
149,1.270549E-21
149,6.352747E-22
149,3.176374E-22
149,1.588187E-22
149,7.940934E-23
149,3.970467E-23
149,1.985233E-23
149,9.926167E-24
149,4.963084E-24
149,2.481542E-24
149,1.240771E-24
149,6.203855E-25
149,3.101927E-25
149,1.550964E-25
149,7.754818E-26
149,3.877409E-26
149,1.938705E-26
149,9.693523E-27
149,4.846761E-27
149,2.423381E-27
149,1.21169E-27
149,6.058452E-28
149,3.029226E-28
149,1.514613E-28
149,7.573065E-29
149,3.786532E-29
149,1.893266E-29
149,9.466331E-30
149,4.733165E-30
149,2.366583E-30
149,1.183291E-30
149,5.916457E-31
149,2.958228E-31
149,1.479114E-31
149,7.395571E-32
149,3.697785E-32
149,1.848893E-32
149,9.244464E-33
149,4.622232E-33
149,2.311116E-33
149,1.155558E-33
149,5.77779E-34
149,2.888895E-34
149,1.444447E-34
149,7.222237E-35
149,3.611119E-35
149,1.805559E-35
149,9.027797E-36
149,4.513898E-36
149,2.256949E-36
149,1.128475E-36
149,5.642373E-37
149,2.821186E-37
149,1.410593E-37
149,7.052966E-38
149,3.526483E-38
149,1.763242E-38
149,8.816208E-39
149,4.408104E-39
149,2.204052E-39
149,1.102026E-39
149,5.51013E-40
149,2.755065E-40
149,1.377532E-40
149,6.887662E-41
149,3.443831E-41
149,1.721916E-41
149,8.609578E-42
149,4.304789E-42
149,2.152394E-42
149,1.076197E-42
149,5.380986E-43
149,2.690493E-43
149,1.345247E-43
149,6.726233E-44
149,3.363116E-44
149,1.681558E-44
149,8.407791E-45
149,4.203895E-45
149,2.802597E-45
149,1.401298E-45
149,0
149,0
149,0
149,0
149,0
149,0
149,0
149,0
149,0
149,0
149,0
149,0
149,0
149,0
149,0
149,0
149,0
149,0
149,0
149,0
149,0
149,0
149,0
149,0
149,0
149,0
149,0
149,0
149,0
149,0
149,0
149,0
149,0
149,0
149,0
149,0
149,0
149,0
149,0
149,0
149,0
149,0
149,0
149,0
149,0
149,0
149,0
149,0
149,0
149,0
149,0
149,0
149,0
149,0
149,0
149,0
149,0
149,0
149,0
149,0
149,0
149,0
149,0
149,0
149,0
149,0
149,0
149,0
149,0
149,0
149,0
149,0
149,0
149,0
149,0
149,0
149,0
149,0
149,0
149,0
149,0
149,0
149,0
149,0
149,0
149,0
149,0
149,0
149,0
149,0
149,0
149,0
149,0
149,0
149,0
149,0
149,0
149,0
149,0
149,0
149,0
149,0
149,0
149,0
149,0
149,0
149,0
149,0
149,0
149,0
149,0
149,0
149,0
149,0
149,0
149,0
149,0
149,0
149,0
149,0
149,0
149,0
149,0
152,1.5
152,0.75
152,0.375
152,0.1875
152,0.09375
152,0.046875
152,0.0234375
152,0.01171875
152,0.005859375
152,0.002929688
152,0.001464844
152,0.0007324219
152,0.0003662109
152,0.0001831055
152,9.155273E-05
152,4.577637E-05
152,2.288818E-05
152,1.144409E-05
152,5.722046E-06
152,2.861023E-06
152,1.430511E-06
152,7.152557E-07
152,3.576279E-07
152,1.788139E-07
152,8.940697E-08
152,4.470348E-08
152,2.235174E-08
152,1.117587E-08
152,5.587935E-09
152,2.793968E-09
152,1.396984E-09
152,6.984919E-10
152,3.49246E-10
152,1.74623E-10
152,8.731149E-11
152,4.365575E-11
152,2.182787E-11
152,1.091394E-11
152,5.456968E-12
152,2.728484E-12
152,1.364242E-12
152,6.82121E-13
152,3.410605E-13
152,1.705303E-13
152,8.526513E-14
152,4.263256E-14
152,2.131628E-14
152,1.065814E-14
152,5.329071E-15
152,2.664535E-15
152,1.332268E-15
152,6.661338E-16
152,3.330669E-16
152,1.665335E-16
152,8.326673E-17
152,4.163336E-17
152,2.081668E-17
152,1.040834E-17
152,5.20417E-18
152,2.602085E-18
152,1.301043E-18
152,6.505213E-19
152,3.252607E-19
152,1.626303E-19
152,8.131516E-20
152,4.065758E-20
152,2.032879E-20
152,1.01644E-20
152,5.082198E-21
152,2.541099E-21
152,1.270549E-21
152,6.352747E-22
152,3.176374E-22
152,1.588187E-22
152,7.940934E-23
152,3.970467E-23
152,1.985233E-23
152,9.926167E-24
152,4.963084E-24
152,2.481542E-24
152,1.240771E-24
152,6.203855E-25
152,3.101927E-25
152,1.550964E-25
152,7.754818E-26
152,3.877409E-26
152,1.938705E-26
152,9.693523E-27
152,4.846761E-27
152,2.423381E-27
152,1.21169E-27
152,6.058452E-28
152,3.029226E-28
152,1.514613E-28
152,7.573065E-29
152,3.786532E-29
152,1.893266E-29
152,9.466331E-30
152,4.733165E-30
152,2.366583E-30
152,1.183291E-30
152,5.916457E-31
152,2.958228E-31
152,1.479114E-31
152,7.395571E-32
152,3.697785E-32
152,1.848893E-32
152,9.244464E-33
152,4.622232E-33
152,2.311116E-33
152,1.155558E-33
152,5.77779E-34
152,2.888895E-34
152,1.444447E-34
152,7.222237E-35
152,3.611119E-35
152,1.805559E-35
152,9.027797E-36
152,4.513898E-36
152,2.256949E-36
152,1.128475E-36
152,5.642373E-37
152,2.821186E-37
152,1.410593E-37
152,7.052966E-38
152,3.526483E-38
152,1.763242E-38
152,8.816208E-39
152,4.408104E-39
152,2.204052E-39
152,1.102026E-39
152,5.51013E-40
152,2.755065E-40
152,1.377532E-40
152,6.887662E-41
152,3.443831E-41
152,1.721916E-41
152,8.609578E-42
152,4.304789E-42
152,2.152394E-42
152,1.076197E-42
152,5.380986E-43
152,2.690493E-43
152,1.345247E-43
152,6.726233E-44
152,3.363116E-44
152,1.681558E-44
152,8.407791E-45
152,4.203895E-45
152,2.802597E-45
152,1.401298E-45
152,0
152,0
152,0
152,0
152,0
152,0
152,0
152,0
152,0
152,0
152,0
152,0
152,0
152,0
152,0
152,0
152,0
152,0
152,0
152,0
152,0
152,0
152,0
152,0
152,0
152,0
152,0
152,0
152,0
152,0
152,0
152,0
152,0
152,0
152,0
152,0
152,0
152,0
152,0
152,0
152,0
152,0
152,0
152,0
152,0
152,0
152,0
152,0
152,0
152,0
152,0
152,0
152,0
152,0
152,0
152,0
152,0
152,0
152,0
152,0
152,0
152,0
152,0
152,0
152,0
152,0
152,0
152,0
152,0
152,0
152,0
152,0
152,0
152,0
152,0
152,0
152,0
152,0
152,0
152,0
152,0
152,0
152,0
152,0
152,0
152,0
152,0
152,0
152,0
152,0
152,0
152,0
152,0
152,0
152,0
152,0
152,0
152,0
152,0
152,0
152,0
152,0
152,0
152,0
152,0
152,0
152,0
152,0
152,0
152,0
152,0
152,0
152,0
152,0
152,0
152,0
154,1
154,0.5
154,0.25
154,0.125
154,0.0625
154,0.03125
154,0.015625
154,0.0078125
154,0.00390625
154,0.001953125
154,0.0009765625
154,0.0004882813
154,0.0002441406
154,0.0001220703
154,6.103516E-05
154,3.051758E-05
154,1.525879E-05
154,7.629395E-06
154,3.814697E-06
154,1.907349E-06
154,9.536743E-07
154,4.768372E-07
154,2.384186E-07
154,1.192093E-07
154,5.960464E-08
154,2.980232E-08
154,1.490116E-08
154,7.450581E-09
154,3.72529E-09
154,1.862645E-09
154,9.313226E-10
154,4.656613E-10
154,2.328306E-10
154,1.164153E-10
154,5.820766E-11
154,2.910383E-11
154,1.455192E-11
154,7.275958E-12
154,3.637979E-12
154,1.818989E-12
154,9.094947E-13
154,4.547474E-13
154,2.273737E-13
154,1.136868E-13
154,5.684342E-14
154,2.842171E-14
154,1.421085E-14
154,7.105427E-15
154,3.552714E-15
154,1.776357E-15
154,8.881784E-16
154,4.440892E-16
154,2.220446E-16
154,1.110223E-16
154,5.551115E-17
154,2.775558E-17
154,1.387779E-17
154,6.938894E-18
154,3.469447E-18
154,1.734723E-18
154,8.673617E-19
154,4.336809E-19
154,2.168404E-19
154,1.084202E-19
154,5.421011E-20
154,2.710505E-20
154,1.355253E-20
154,6.776264E-21
154,3.388132E-21
154,1.694066E-21
154,8.470329E-22
154,4.235165E-22
154,2.117582E-22
154,1.058791E-22
154,5.293956E-23
154,2.646978E-23
154,1.323489E-23
154,6.617445E-24
154,3.308722E-24
154,1.654361E-24
154,8.271806E-25
154,4.135903E-25
154,2.067952E-25
154,1.033976E-25
154,5.169879E-26
154,2.584939E-26
154,1.29247E-26
154,6.462349E-27
154,3.231174E-27
154,1.615587E-27
154,8.077936E-28
154,4.038968E-28
154,2.019484E-28
154,1.009742E-28
154,5.04871E-29
154,2.524355E-29
154,1.262177E-29
154,6.310887E-30
154,3.155444E-30
154,1.577722E-30
154,7.888609E-31
154,3.944305E-31
154,1.972152E-31
154,9.860761E-32
154,4.930381E-32
154,2.46519E-32
154,1.232595E-32
154,6.162976E-33
154,3.081488E-33
154,1.540744E-33
154,7.70372E-34
154,3.85186E-34
154,1.92593E-34
154,9.62965E-35
154,4.814825E-35
154,2.407412E-35
154,1.203706E-35
154,6.018531E-36
154,3.009266E-36
154,1.504633E-36
154,7.523164E-37
154,3.761582E-37
154,1.880791E-37
154,9.403955E-38
154,4.701977E-38
154,2.350989E-38
154,1.175494E-38
154,5.877472E-39
154,2.938736E-39
154,1.469368E-39
154,7.34684E-40
154,3.67342E-40
154,1.83671E-40
154,9.18355E-41
154,4.591775E-41
154,2.295887E-41
154,1.147944E-41
154,5.739719E-42
154,2.869859E-42
154,1.43493E-42
154,7.174648E-43
154,3.587324E-43
154,1.793662E-43
154,8.96831E-44
154,4.484155E-44
154,2.242078E-44
154,1.121039E-44
154,5.605194E-45
154,2.802597E-45
154,1.401298E-45
154,0
154,0
154,0
154,0
154,0
154,0
154,0
154,0
154,0
154,0
154,0
154,0
154,0
154,0
154,0
154,0
154,0
154,0
154,0
154,0
154,0
154,0
154,0
154,0
154,0
154,0
154,0
154,0
154,0
154,0
154,0
154,0
154,0
154,0
154,0
154,0
154,0
154,0
154,0
154,0
154,0
154,0
154,0
154,0
154,0
154,0
154,0
154,0
154,0
154,0
154,0
154,0
154,0
154,0
154,0
154,0
154,0
154,0
154,0
154,0
154,0
154,0
154,0
154,0
154,0
154,0
154,0
154,0
154,0
154,0
154,0
154,0
154,0
154,0
154,0
154,0
154,0
154,0
154,0
154,0
154,0
154,0
154,0
154,0
154,0
154,0
154,0
154,0
154,0
154,0
154,0
154,0
154,0
154,0
154,0
154,0
154,0
154,0
154,0
154,0
154,0
154,0
154,0
154,0
154,0
154,0
154,0
154,0
154,0
154,0
154,0
154,0
154,0
154,0
154,0
154,0
154,0
154,0
154,0
154,0
154,0
154,0
154,0
154,0
154,0
154,0
154,0
154,0
154,0
154,0
154,0
154,0
154,0
154,0
154,0
154,0
154,0
154,0
148,3
148,1.5
148,0.75
148,0.375
148,0.1875
148,0.09375
148,0.046875
148,0.0234375
148,0.01171875
148,0.005859375
148,0.002929688
148,0.001464844
148,0.0007324219
148,0.0003662109
148,0.0001831055
148,9.155273E-05
148,4.577637E-05
148,2.288818E-05
148,1.144409E-05
148,5.722046E-06
148,2.861023E-06
148,1.430511E-06
148,7.152557E-07
148,3.576279E-07
148,1.788139E-07
148,8.940697E-08
148,4.470348E-08
148,2.235174E-08
148,1.117587E-08
148,5.587935E-09
148,2.793968E-09
148,1.396984E-09
148,6.984919E-10
148,3.49246E-10
148,1.74623E-10
148,8.731149E-11
148,4.365575E-11
148,2.182787E-11
148,1.091394E-11
148,5.456968E-12
148,2.728484E-12
148,1.364242E-12
148,6.82121E-13
148,3.410605E-13
148,1.705303E-13
148,8.526513E-14
148,4.263256E-14
148,2.131628E-14
148,1.065814E-14
148,5.329071E-15
148,2.664535E-15
148,1.332268E-15
148,6.661338E-16
148,3.330669E-16
148,1.665335E-16
148,8.326673E-17
148,4.163336E-17
148,2.081668E-17
148,1.040834E-17
148,5.20417E-18
148,2.602085E-18
148,1.301043E-18
148,6.505213E-19
148,3.252607E-19
148,1.626303E-19
148,8.131516E-20
148,4.065758E-20
148,2.032879E-20
148,1.01644E-20
148,5.082198E-21
148,2.541099E-21
148,1.270549E-21
148,6.352747E-22
148,3.176374E-22
148,1.588187E-22
148,7.940934E-23
148,3.970467E-23
148,1.985233E-23
148,9.926167E-24
148,4.963084E-24
148,2.481542E-24
148,1.240771E-24
148,6.203855E-25
148,3.101927E-25
148,1.550964E-25
148,7.754818E-26
148,3.877409E-26
148,1.938705E-26
148,9.693523E-27
148,4.846761E-27
148,2.423381E-27
148,1.21169E-27
148,6.058452E-28
148,3.029226E-28
148,1.514613E-28
148,7.573065E-29
148,3.786532E-29
148,1.893266E-29
148,9.466331E-30
148,4.733165E-30
148,2.366583E-30
148,1.183291E-30
148,5.916457E-31
148,2.958228E-31
148,1.479114E-31
148,7.395571E-32
148,3.697785E-32
148,1.848893E-32
148,9.244464E-33
148,4.622232E-33
148,2.311116E-33
148,1.155558E-33
148,5.77779E-34
148,2.888895E-34
148,1.444447E-34
148,7.222237E-35
148,3.611119E-35
148,1.805559E-35
148,9.027797E-36
148,4.513898E-36
148,2.256949E-36
148,1.128475E-36
148,5.642373E-37
148,2.821186E-37
148,1.410593E-37
148,7.052966E-38
148,3.526483E-38
148,1.763242E-38
148,8.816208E-39
148,4.408104E-39
148,2.204052E-39
148,1.102026E-39
148,5.51013E-40
148,2.755065E-40
148,1.377532E-40
148,6.887662E-41
148,3.443831E-41
148,1.721916E-41
148,8.609578E-42
148,4.304789E-42
148,2.152394E-42
148,1.076197E-42
148,5.380986E-43
148,2.690493E-43
148,1.345247E-43
148,6.726233E-44
148,3.363116E-44
148,1.681558E-44
148,8.407791E-45
148,4.203895E-45
148,2.802597E-45
148,1.401298E-45
148,0
148,0
148,0
148,0
148,0
148,0
148,0
148,0
148,0
148,0
148,0
148,0
148,0
148,0
148,0
148,0
148,0
148,0
148,0
148,0
148,0
148,0
148,0
148,0
148,0
148,0
148,0
148,0
148,0
148,0
148,0
148,0
148,0
148,0
148,0
148,0
148,0
148,0
148,0
145,1.5
145,0.75
145,0.375
145,0.1875
145,0.09375
145,0.046875
145,0.0234375
145,0.01171875
145,0.005859375
145,0.002929688
145,0.001464844
145,0.0007324219
145,0.0003662109
145,0.0001831055
145,9.155273E-05
145,4.577637E-05
145,2.288818E-05
145,1.144409E-05
145,5.722046E-06
145,2.861023E-06
145,1.430511E-06
145,7.152557E-07
145,3.576279E-07
145,1.788139E-07
145,8.940697E-08
145,4.470348E-08
145,2.235174E-08
145,1.117587E-08
145,5.587935E-09
145,2.793968E-09
145,1.396984E-09
145,6.984919E-10
145,3.49246E-10
145,1.74623E-10
145,8.731149E-11
145,4.365575E-11
145,2.182787E-11
145,1.091394E-11
145,5.456968E-12
145,2.728484E-12
145,1.364242E-12
145,6.82121E-13
145,3.410605E-13
145,1.705303E-13
145,8.526513E-14
145,4.263256E-14
145,2.131628E-14
145,1.065814E-14
145,5.329071E-15
145,2.664535E-15
145,1.332268E-15
145,6.661338E-16
145,3.330669E-16
145,1.665335E-16
145,8.326673E-17
145,4.163336E-17
145,2.081668E-17
145,1.040834E-17
145,5.20417E-18
145,2.602085E-18
145,1.301043E-18
145,6.505213E-19
145,3.252607E-19
145,1.626303E-19
145,8.131516E-20
145,4.065758E-20
145,2.032879E-20
145,1.01644E-20
145,5.082198E-21
145,2.541099E-21
145,1.270549E-21
145,6.352747E-22
145,3.176374E-22
145,1.588187E-22
145,7.940934E-23
145,3.970467E-23
145,1.985233E-23
145,9.926167E-24
145,4.963084E-24
145,2.481542E-24
145,1.240771E-24
145,6.203855E-25
145,3.101927E-25
145,1.550964E-25
145,7.754818E-26
145,3.877409E-26
145,1.938705E-26
145,9.693523E-27
145,4.846761E-27
145,2.423381E-27
145,1.21169E-27
145,6.058452E-28
145,3.029226E-28
145,1.514613E-28
145,7.573065E-29
145,3.786532E-29
145,1.893266E-29
145,9.466331E-30
145,4.733165E-30
145,2.366583E-30
145,1.183291E-30
145,5.916457E-31
145,2.958228E-31
145,1.479114E-31
145,7.395571E-32
145,3.697785E-32
145,1.848893E-32
145,9.244464E-33
145,4.622232E-33
145,2.311116E-33
145,1.155558E-33
145,5.77779E-34
145,2.888895E-34
145,1.444447E-34
145,7.222237E-35
145,3.611119E-35
145,1.805559E-35
145,9.027797E-36
145,4.513898E-36
145,2.256949E-36
145,1.128475E-36
145,5.642373E-37
145,2.821186E-37
145,1.410593E-37
145,7.052966E-38
145,3.526483E-38
145,1.763242E-38
145,8.816208E-39
145,4.408104E-39
145,2.204052E-39
145,1.102026E-39
145,5.51013E-40
145,2.755065E-40
145,1.377532E-40
145,6.887662E-41
145,3.443831E-41
145,1.721916E-41
145,8.609578E-42
145,4.304789E-42
145,2.152394E-42
145,1.076197E-42
145,5.380986E-43
145,2.690493E-43
145,1.345247E-43
145,6.726233E-44
145,3.363116E-44
145,1.681558E-44
145,8.407791E-45
145,4.203895E-45
145,2.802597E-45
145,1.401298E-45
145,0
145,0
145,0
145,0
145,0
145,0
145,0
145,0
145,0
145,0
145,0
145,0
145,0
145,0
145,0
145,0
145,0
145,0
145,0
145,0
145,0
145,0
145,0
145,0
145,0
145,0
145,0
145,0
145,0
145,0
145,0
145,0
145,0
145,0
145,0
145,0
145,0
145,0
145,0
145,0
145,0
145,0
145,0
145,0
145,0
145,0
145,0
145,0
145,0
145,0
145,0
145,0
145,0
145,0
145,0
145,0
145,0
145,0
145,0
145,0
145,0
145,0
145,0
145,0
145,0
145,0
145,0
145,0
145,0
145,0
145,0
145,0
145,0
145,0
145,0
145,0
145,0
145,0
145,0
145,0
145,0
145,0
145,0
145,0
145,0
145,0
145,0
145,0
145,0
145,0
145,0
145,0
145,0
145,0
145,0
145,0
145,0
145,0
145,0
145,0
145,0
145,0
145,0
145,0
145,0
145,0
145,0
145,0
145,0
145,0
145,0
145,0
145,0
145,0
145,0
145,0
145,0
145,0
145,0
145,0
145,0
145,0
145,0
148,1.5
148,0.75
148,0.375
148,0.1875
148,0.09375
148,0.046875
148,0.0234375
148,0.01171875
148,0.005859375
148,0.002929688
148,0.001464844
148,0.0007324219
148,0.0003662109
148,0.0001831055
148,9.155273E-05
148,4.577637E-05
148,2.288818E-05
148,1.144409E-05
148,5.722046E-06
148,2.861023E-06
148,1.430511E-06
148,7.152557E-07
148,3.576279E-07
148,1.788139E-07
148,8.940697E-08
148,4.470348E-08
148,2.235174E-08
148,1.117587E-08
148,5.587935E-09
148,2.793968E-09
148,1.396984E-09
148,6.984919E-10
148,3.49246E-10
148,1.74623E-10
148,8.731149E-11
148,4.365575E-11
148,2.182787E-11
148,1.091394E-11
148,5.456968E-12
148,2.728484E-12
148,1.364242E-12
148,6.82121E-13
148,3.410605E-13
148,1.705303E-13
148,8.526513E-14
148,4.263256E-14
148,2.131628E-14
148,1.065814E-14
148,5.329071E-15
148,2.664535E-15
148,1.332268E-15
148,6.661338E-16
148,3.330669E-16
148,1.665335E-16
148,8.326673E-17
148,4.163336E-17
148,2.081668E-17
148,1.040834E-17
148,5.20417E-18
148,2.602085E-18
148,1.301043E-18
148,6.505213E-19
148,3.252607E-19
148,1.626303E-19
148,8.131516E-20
148,4.065758E-20
148,2.032879E-20
148,1.01644E-20
148,5.082198E-21
148,2.541099E-21
148,1.270549E-21
148,6.352747E-22
148,3.176374E-22
148,1.588187E-22
148,7.940934E-23
148,3.970467E-23
148,1.985233E-23
148,9.926167E-24
148,4.963084E-24
148,2.481542E-24
148,1.240771E-24
148,6.203855E-25
148,3.101927E-25
148,1.550964E-25
148,7.754818E-26
148,3.877409E-26
148,1.938705E-26
148,9.693523E-27
148,4.846761E-27
148,2.423381E-27
148,1.21169E-27
148,6.058452E-28
148,3.029226E-28
148,1.514613E-28
148,7.573065E-29
148,3.786532E-29
148,1.893266E-29
148,9.466331E-30
148,4.733165E-30
148,2.366583E-30
148,1.183291E-30
148,5.916457E-31
148,2.958228E-31
148,1.479114E-31
148,7.395571E-32
148,3.697785E-32
148,1.848893E-32
148,9.244464E-33
148,4.622232E-33
148,2.311116E-33
148,1.155558E-33
148,5.77779E-34
148,2.888895E-34
148,1.444447E-34
148,7.222237E-35
148,3.611119E-35
148,1.805559E-35
148,9.027797E-36
148,4.513898E-36
148,2.256949E-36
148,1.128475E-36
148,5.642373E-37
148,2.821186E-37
148,1.410593E-37
148,7.052966E-38
148,3.526483E-38
148,1.763242E-38
148,8.816208E-39
148,4.408104E-39
148,2.204052E-39
148,1.102026E-39
148,5.51013E-40
148,2.755065E-40
148,1.377532E-40
148,6.887662E-41
148,3.443831E-41
148,1.721916E-41
148,8.609578E-42
148,4.304789E-42
148,2.152394E-42
148,1.076197E-42
148,5.380986E-43
148,2.690493E-43
148,1.345247E-43
148,6.726233E-44
148,3.363116E-44
148,1.681558E-44
148,8.407791E-45
148,4.203895E-45
148,2.802597E-45
148,1.401298E-45
148,0
148,0
148,0
148,0
148,0
148,0
148,0
148,0
148,0
148,0
148,0
148,0
148,0
148,0
148,0
148,0
148,0
148,0
148,0
148,0
148,0
148,0
148,0
148,0
148,0
148,0
148,0
148,0
148,0
148,0
148,0
148,0
148,0
148,0
148,0
148,0
148,0
148,0
148,0
148,0
148,0
148,0
148,0
148,0
148,0
148,0
148,0
148,0
148,0
148,0
148,0
148,0
148,0
148,0
148,0
148,0
148,0
148,0
148,0
148,0
148,0
148,0
148,0
148,0
148,0
148,0
148,0
148,0
148,0
148,0
148,0
148,0
148,0
148,0
148,0
148,0
148,0
148,0
148,0
148,0
148,0
148,0
148,0
148,0
148,0
148,0
148,0
148,0
148,0
148,0
148,0
148,0
148,0
148,0
148,0
148,0
148,0
148,0
148,0
148,0
148,0
148,0
148,0
148,0
148,0
148,0
148,0
148,0
148,0
148,0
148,0
148,0
148,0
148,0
148,0
148,0
148,0
148,0
148,0
148,0
148,0
148,0
148,0
148,0
148,0
148,0
148,0
148,0
148,0
148,0
148,0
148,0
148,0
148,0
148,0
148,0
148,0
145,1.5
145,0.75
145,0.375
145,0.1875
145,0.09375
145,0.046875
145,0.0234375
145,0.01171875
145,0.005859375
145,0.002929688
145,0.001464844
145,0.0007324219
145,0.0003662109
145,0.0001831055
145,9.155273E-05
145,4.577637E-05
145,2.288818E-05
145,1.144409E-05
145,5.722046E-06
145,2.861023E-06
145,1.430511E-06
145,7.152557E-07
145,3.576279E-07
145,1.788139E-07
145,8.940697E-08
145,4.470348E-08
145,2.235174E-08
145,1.117587E-08
145,5.587935E-09
145,2.793968E-09
145,1.396984E-09
145,6.984919E-10
145,3.49246E-10
145,1.74623E-10
145,8.731149E-11
145,4.365575E-11
145,2.182787E-11
145,1.091394E-11
145,5.456968E-12
145,2.728484E-12
145,1.364242E-12
145,6.82121E-13
145,3.410605E-13
145,1.705303E-13
145,8.526513E-14
145,4.263256E-14
145,2.131628E-14
145,1.065814E-14
145,5.329071E-15
145,2.664535E-15
145,1.332268E-15
145,6.661338E-16
145,3.330669E-16
145,1.665335E-16
145,8.326673E-17
145,4.163336E-17
145,2.081668E-17
145,1.040834E-17
145,5.20417E-18
145,2.602085E-18
145,1.301043E-18
145,6.505213E-19
145,3.252607E-19
145,1.626303E-19
145,8.131516E-20
145,4.065758E-20
145,2.032879E-20
145,1.01644E-20
145,5.082198E-21
145,2.541099E-21
145,1.270549E-21
145,6.352747E-22
145,3.176374E-22
145,1.588187E-22
145,7.940934E-23
145,3.970467E-23
145,1.985233E-23
145,9.926167E-24
145,4.963084E-24
145,2.481542E-24
145,1.240771E-24
145,6.203855E-25
145,3.101927E-25
145,1.550964E-25
145,7.754818E-26
145,3.877409E-26
145,1.938705E-26
145,9.693523E-27
145,4.846761E-27
145,2.423381E-27
145,1.21169E-27
145,6.058452E-28
145,3.029226E-28
145,1.514613E-28
145,7.573065E-29
145,3.786532E-29
145,1.893266E-29
145,9.466331E-30
145,4.733165E-30
145,2.366583E-30
145,1.183291E-30
145,5.916457E-31
145,2.958228E-31
145,1.479114E-31
145,7.395571E-32
145,3.697785E-32
145,1.848893E-32
145,9.244464E-33
145,4.622232E-33
145,2.311116E-33
145,1.155558E-33
145,5.77779E-34
145,2.888895E-34
145,1.444447E-34
145,7.222237E-35
145,3.611119E-35
145,1.805559E-35
145,9.027797E-36
145,4.513898E-36
145,2.256949E-36
145,1.128475E-36
145,5.642373E-37
145,2.821186E-37
145,1.410593E-37
145,7.052966E-38
145,3.526483E-38
145,1.763242E-38
145,8.816208E-39
145,4.408104E-39
145,2.204052E-39
145,1.102026E-39
145,5.51013E-40
145,2.755065E-40
145,1.377532E-40
145,6.887662E-41
145,3.443831E-41
145,1.721916E-41
145,8.609578E-42
145,4.304789E-42
145,2.152394E-42
145,1.076197E-42
145,5.380986E-43
145,2.690493E-43
145,1.345247E-43
145,6.726233E-44
145,3.363116E-44
145,1.681558E-44
145,8.407791E-45
145,4.203895E-45
145,2.802597E-45
145,1.401298E-45
145,0
145,0
145,0
145,0
145,0
145,0
145,0
145,0
145,0
145,0
145,0
145,0
145,0
145,0
145,0
145,0
145,0
145,0
145,0
145,0
145,0
145,0
145,0
145,0
145,0
145,0
145,0
145,0
145,0
145,0
145,0
145,0
145,0
145,0
145,0
145,0
145,0
145,0
145,0
145,0
145,0
145,0
145,0
145,0
145,0
145,0
145,0
145,0
145,0
145,0
145,0
145,0
145,0
145,0
145,0
145,0
145,0
145,0
145,0
145,0
145,0
145,0
145,0
145,0
145,0
145,0
145,0
145,0
145,0
145,0
145,0
145,0
145,0
145,0
145,0
145,0
145,0
145,0
145,0
145,0
145,0
145,0
145,0
145,0
145,0
145,0
145,0
145,0
145,0
145,0
145,0
145,0
145,0
145,0
145,0
145,0
145,0
145,0
145,0
145,0
145,0
145,0
145,0
145,0
145,0
145,0
145,0
145,0
145,0
145,0
145,0
145,0
145,0
145,0
145,0
145,0
145,0
145,0
145,0
145,0
145,0
145,0
145,0
145,0
145,0
143,1
143,0.5
143,0.25
143,0.125
143,0.0625
143,0.03125
143,0.015625
143,0.0078125
143,0.00390625
143,0.001953125
143,0.0009765625
143,0.0004882813
143,0.0002441406
143,0.0001220703
143,6.103516E-05
143,3.051758E-05
143,1.525879E-05
143,7.629395E-06
143,3.814697E-06
143,1.907349E-06
143,9.536743E-07
143,4.768372E-07
143,2.384186E-07
143,1.192093E-07
143,5.960464E-08
143,2.980232E-08
143,1.490116E-08
143,7.450581E-09
143,3.72529E-09
143,1.862645E-09
143,9.313226E-10
143,4.656613E-10
143,2.328306E-10
143,1.164153E-10
143,5.820766E-11
143,2.910383E-11
143,1.455192E-11
143,7.275958E-12
143,3.637979E-12
143,1.818989E-12
143,9.094947E-13
143,4.547474E-13
143,2.273737E-13
143,1.136868E-13
143,5.684342E-14
143,2.842171E-14
143,1.421085E-14
143,7.105427E-15
143,3.552714E-15
143,1.776357E-15
143,8.881784E-16
143,4.440892E-16
143,2.220446E-16
143,1.110223E-16
143,5.551115E-17
143,2.775558E-17
143,1.387779E-17
143,6.938894E-18
143,3.469447E-18
143,1.734723E-18
143,8.673617E-19
143,4.336809E-19
143,2.168404E-19
143,1.084202E-19
143,5.421011E-20
143,2.710505E-20
143,1.355253E-20
143,6.776264E-21
143,3.388132E-21
143,1.694066E-21
143,8.470329E-22
143,4.235165E-22
143,2.117582E-22
143,1.058791E-22
143,5.293956E-23
143,2.646978E-23
143,1.323489E-23
143,6.617445E-24
143,3.308722E-24
143,1.654361E-24
143,8.271806E-25
143,4.135903E-25
143,2.067952E-25
143,1.033976E-25
143,5.169879E-26
143,2.584939E-26
143,1.29247E-26
143,6.462349E-27
143,3.231174E-27
143,1.615587E-27
143,8.077936E-28
143,4.038968E-28
143,2.019484E-28
143,1.009742E-28
143,5.04871E-29
143,2.524355E-29
143,1.262177E-29
143,6.310887E-30
143,3.155444E-30
143,1.577722E-30
143,7.888609E-31
143,3.944305E-31
143,1.972152E-31
143,9.860761E-32
143,4.930381E-32
143,2.46519E-32
143,1.232595E-32
143,6.162976E-33
143,3.081488E-33
143,1.540744E-33
143,7.70372E-34
143,3.85186E-34
143,1.92593E-34
143,9.62965E-35
143,4.814825E-35
143,2.407412E-35
143,1.203706E-35
143,6.018531E-36
143,3.009266E-36
143,1.504633E-36
143,7.523164E-37
143,3.761582E-37
143,1.880791E-37
143,9.403955E-38
143,4.701977E-38
143,2.350989E-38
143,1.175494E-38
143,5.877472E-39
143,2.938736E-39
143,1.469368E-39
143,7.34684E-40
143,3.67342E-40
143,1.83671E-40
143,9.18355E-41
143,4.591775E-41
143,2.295887E-41
143,1.147944E-41
143,5.739719E-42
143,2.869859E-42
143,1.43493E-42
143,7.174648E-43
143,3.587324E-43
143,1.793662E-43
143,8.96831E-44
143,4.484155E-44
143,2.242078E-44
143,1.121039E-44
143,5.605194E-45
143,2.802597E-45
143,1.401298E-45
143,0
143,0
143,0
143,0
143,0
143,0
143,0
143,0
143,0
143,0
143,0
143,0
143,0
143,0
143,0
143,0
143,0
143,0
143,0
143,0
143,0
143,0
143,0
143,0
143,0
143,0
143,0
143,0
143,0
143,0
143,0
143,0
143,0
143,0
143,0
143,0
143,0
143,0
143,0
143,0
143,0
143,0
143,0
143,0
143,0
143,0
143,0
143,0
143,0
143,0
143,0
143,0
143,0
143,0
143,0
143,0
143,0
143,0
143,0
143,0
143,0
143,0
143,0
143,0
143,0
143,0
143,0
143,0
143,0
143,0
143,0
143,0
143,0
143,0
143,0
143,0
143,0
143,0
143,0
143,0
143,0
143,0
143,0
143,0
143,0
143,0
143,0
143,0
143,0
143,0
143,0
143,0
143,0
143,0
143,0
143,0
143,0
143,0
143,0
143,0
143,0
143,0
143,0
143,0
143,0
143,0
143,0
143,0
143,0
143,0
143,0
143,0
143,0
143,0
143,0
143,0
143,0
143,0
143,0
143,0
143,0
143,0
143,0
143,0
143,0
143,0
143,0
143,0
143,0
143,0
143,0
143,0
143,0
143,0
143,0
143,0
143,0
143,0
143,0
143,0
143,0
143,0
143,0
143,0
143,0
143,0
143,0
143,0
143,0
143,0
143,0
143,0
143,0
143,0
141,1
141,0.5
141,0.25
141,0.125
141,0.0625
141,0.03125
141,0.015625
141,0.0078125
141,0.00390625
141,0.001953125
141,0.0009765625
141,0.0004882813
141,0.0002441406
141,0.0001220703
141,6.103516E-05
141,3.051758E-05
141,1.525879E-05
141,7.629395E-06
141,3.814697E-06
141,1.907349E-06
141,9.536743E-07
141,4.768372E-07
141,2.384186E-07
141,1.192093E-07
141,5.960464E-08
141,2.980232E-08
141,1.490116E-08
141,7.450581E-09
141,3.72529E-09
141,1.862645E-09
141,9.313226E-10
141,4.656613E-10
141,2.328306E-10
141,1.164153E-10
141,5.820766E-11
141,2.910383E-11
141,1.455192E-11
141,7.275958E-12
141,3.637979E-12
141,1.818989E-12
141,9.094947E-13
141,4.547474E-13
141,2.273737E-13
141,1.136868E-13
141,5.684342E-14
141,2.842171E-14
141,1.421085E-14
141,7.105427E-15
141,3.552714E-15
141,1.776357E-15
141,8.881784E-16
141,4.440892E-16
141,2.220446E-16
141,1.110223E-16
141,5.551115E-17
141,2.775558E-17
141,1.387779E-17
141,6.938894E-18
141,3.469447E-18
141,1.734723E-18
141,8.673617E-19
141,4.336809E-19
141,2.168404E-19
141,1.084202E-19
141,5.421011E-20
141,2.710505E-20
141,1.355253E-20
141,6.776264E-21
141,3.388132E-21
141,1.694066E-21
141,8.470329E-22
141,4.235165E-22
141,2.117582E-22
141,1.058791E-22
141,5.293956E-23
141,2.646978E-23
141,1.323489E-23
141,6.617445E-24
141,3.308722E-24
141,1.654361E-24
141,8.271806E-25
141,4.135903E-25
141,2.067952E-25
141,1.033976E-25
141,5.169879E-26
141,2.584939E-26
141,1.29247E-26
141,6.462349E-27
141,3.231174E-27
141,1.615587E-27
141,8.077936E-28
141,4.038968E-28
141,2.019484E-28
141,1.009742E-28
141,5.04871E-29
141,2.524355E-29
141,1.262177E-29
141,6.310887E-30
141,3.155444E-30
141,1.577722E-30
141,7.888609E-31
141,3.944305E-31
141,1.972152E-31
141,9.860761E-32
141,4.930381E-32
141,2.46519E-32
141,1.232595E-32
141,6.162976E-33
141,3.081488E-33
141,1.540744E-33
141,7.70372E-34
141,3.85186E-34
141,1.92593E-34
141,9.62965E-35
141,4.814825E-35
141,2.407412E-35
141,1.203706E-35
141,6.018531E-36
141,3.009266E-36
141,1.504633E-36
141,7.523164E-37
141,3.761582E-37
141,1.880791E-37
141,9.403955E-38
141,4.701977E-38
141,2.350989E-38
141,1.175494E-38
141,5.877472E-39
141,2.938736E-39
141,1.469368E-39
141,7.34684E-40
141,3.67342E-40
141,1.83671E-40
141,9.18355E-41
141,4.591775E-41
141,2.295887E-41
141,1.147944E-41
141,5.739719E-42
141,2.869859E-42
141,1.43493E-42
141,7.174648E-43
141,3.587324E-43
141,1.793662E-43
141,8.96831E-44
141,4.484155E-44
141,2.242078E-44
141,1.121039E-44
141,5.605194E-45
141,2.802597E-45
141,1.401298E-45
141,0
141,0
141,0
141,0
141,0
141,0
141,0
141,0
141,0
141,0
141,0
141,0
141,0
141,0
141,0
141,0
141,0
141,0
141,0
141,0
141,0
141,0
141,0
141,0
141,0
141,0
141,0
141,0
141,0
141,0
141,0
141,0
141,0
141,0
141,0
141,0
141,0
141,0
141,0
141,0
141,0
141,0
141,0
141,0
141,0
141,0
141,0
141,0
141,0
141,0
141,0
141,0
141,0
141,0
141,0
141,0
141,0
141,0
141,0
141,0
141,0
141,0
141,0
141,0
141,0
141,0
141,0
141,0
141,0
141,0
141,0
141,0
141,0
141,0
141,0
141,0
141,0
141,0
141,0
141,0
141,0
141,0
141,0
141,0
141,0
141,0
141,0
141,0
141,0
141,0
141,0
141,0
141,0
141,0
141,0
141,0
141,0
141,0
141,0
141,0
141,0
141,0
141,0
141,0
141,0
141,0
141,0
141,0
141,0
141,0
141,0
141,0
141,0
141,0
141,0
141,0
141,0
141,0
141,0
141,0
141,0
141,0
141,0
141,0
141,0
141,0
141,0
141,0
141,0
141,0
141,0
141,0
141,0
140,0.5
140,0.25
140,0.125
140,0.0625
140,0.03125
140,0.015625
140,0.0078125
140,0.00390625
140,0.001953125
140,0.0009765625
140,0.0004882813
140,0.0002441406
140,0.0001220703
140,6.103516E-05
140,3.051758E-05
140,1.525879E-05
140,7.629395E-06
140,3.814697E-06
140,1.907349E-06
140,9.536743E-07
140,4.768372E-07
140,2.384186E-07
140,1.192093E-07
140,5.960464E-08
140,2.980232E-08
140,1.490116E-08
140,7.450581E-09
140,3.72529E-09
140,1.862645E-09
140,9.313226E-10
140,4.656613E-10
140,2.328306E-10
140,1.164153E-10
140,5.820766E-11
140,2.910383E-11
140,1.455192E-11
140,7.275958E-12
140,3.637979E-12
140,1.818989E-12
140,9.094947E-13
140,4.547474E-13
140,2.273737E-13
140,1.136868E-13
140,5.684342E-14
140,2.842171E-14
140,1.421085E-14
140,7.105427E-15
140,3.552714E-15
140,1.776357E-15
140,8.881784E-16
140,4.440892E-16
140,2.220446E-16
140,1.110223E-16
140,5.551115E-17
140,2.775558E-17
140,1.387779E-17
140,6.938894E-18
140,3.469447E-18
140,1.734723E-18
140,8.673617E-19
140,4.336809E-19
140,2.168404E-19
140,1.084202E-19
140,5.421011E-20
140,2.710505E-20
140,1.355253E-20
140,6.776264E-21
140,3.388132E-21
140,1.694066E-21
140,8.470329E-22
140,4.235165E-22
140,2.117582E-22
140,1.058791E-22
140,5.293956E-23
140,2.646978E-23
140,1.323489E-23
140,6.617445E-24
140,3.308722E-24
140,1.654361E-24
140,8.271806E-25
140,4.135903E-25
140,2.067952E-25
140,1.033976E-25
140,5.169879E-26
140,2.584939E-26
140,1.29247E-26
140,6.462349E-27
140,3.231174E-27
140,1.615587E-27
140,8.077936E-28
140,4.038968E-28
140,2.019484E-28
140,1.009742E-28
140,5.04871E-29
140,2.524355E-29
140,1.262177E-29
140,6.310887E-30
140,3.155444E-30
140,1.577722E-30
140,7.888609E-31
140,3.944305E-31
140,1.972152E-31
140,9.860761E-32
140,4.930381E-32
140,2.46519E-32
140,1.232595E-32
140,6.162976E-33
140,3.081488E-33
140,1.540744E-33
140,7.70372E-34
140,3.85186E-34
140,1.92593E-34
140,9.62965E-35
140,4.814825E-35
140,2.407412E-35
140,1.203706E-35
140,6.018531E-36
140,3.009266E-36
140,1.504633E-36
140,7.523164E-37
140,3.761582E-37
140,1.880791E-37
140,9.403955E-38
140,4.701977E-38
140,2.350989E-38
140,1.175494E-38
140,5.877472E-39
140,2.938736E-39
140,1.469368E-39
140,7.34684E-40
140,3.67342E-40
140,1.83671E-40
140,9.18355E-41
140,4.591775E-41
140,2.295887E-41
140,1.147944E-41
140,5.739719E-42
140,2.869859E-42
140,1.43493E-42
140,7.174648E-43
140,3.587324E-43
140,1.793662E-43
140,8.96831E-44
140,4.484155E-44
140,2.242078E-44
140,1.121039E-44
140,5.605194E-45
140,2.802597E-45
140,1.401298E-45
140,0
140,0
140,0
140,0
140,0
140,0
140,0
140,0
140,0
140,0
140,0
140,0
140,0
140,0
140,0
140,0
140,0
140,0
140,0
140,0
140,0
140,0
140,0
140,0
140,0
140,0
140,0
140,0
140,0
140,0
140,0
140,0
140,0
140,0
140,0
140,0
140,0
140,0
140,0
140,0
140,0
140,0
140,0
140,0
140,0
140,0
140,0
140,0
140,0
140,0
140,0
140,0
140,0
140,0
140,0
140,0
140,0
140,0
140,0
140,0
140,0
140,0
140,0
140,0
140,0
140,0
140,0
140,0
140,0
140,0
140,0
140,0
140,0
140,0
140,0
140,0
140,0
140,0
140,0
140,0
140,0
140,0
140,0
140,0
140,0
140,0
140,0
140,0
140,0
140,0
140,0
140,0
140,0
140,0
140,0
140,0
140,0
140,0
140,0
140,0
140,0
140,0
140,0
140,0
140,0
140,0
140,0
140,0
140,0
140,0
140,0
140,0
140,0
140,0
140,0
140,0
140,0
140,0
140,0
140,0
140,0
140,0
140,0
140,0
140,0
140,0
140,0
140,0
140,0
140,0
140,0
140,0
140,0
140,0
140,0
140,0
140,0
140,0
140,0
140,0
140,0
140,0
140,0
140,0
140,0
140,0
140,0
140,0
140,0
140,0
140,0
140,0
140,0
140,0
140,0
140,0
140,0
140,0
140,0
140,0
140,0
140,0
140,0
140,0
140,0
140,0
140,0
140,0
140,0
140,0
140,0
140,0
140,0
140,0
140,0
140,0
140,0
140,0
140,0
140,0
140,0
140,0
140,0
140,0
140,0
140,0
140,0
140,0
140,0
140,0
140,0
140,0
140,0
140,0
140,0
140,0
140,0
140,0
140,0
140,0
140,0
140,0
140,0
140,0
140,0
140,0
140,0
140,0
140,0
140,0
140,0
140,0
140,0
140,0
140,0
140,0
140,0
140,0
140,0
140,0
140,0
140,0
140,0
140,0
140,0
140,0
140,0
140,0
140,0
140,0
140,0
140,0
140,0
140,0
140,0
140,0
140,0
140,0
140,0
140,0
140,0
140,0
140,0
140,0
140,0
140,0
140,0
140,0
140,0
140,0
140,0
140,0
140,0
140,0
140,0
140,0
140,0
140,0
140,0
140,0
140,0
140,0
140,0
140,0
140,0
140,0
140,0
140,0
140,0
140,0
140,0
140,0
140,0
140,0
140,0
140,0
140,0
140,0
140,0
140,0
140,0
140,0
140,0
140,0
140,0
140,0
140,0
140,0
140,0
140,0
140,0
140,0
140,0
140,0
140,0
140,0
140,0
140,0
140,0
140,0
140,0
140,0
140,0
140,0
140,0
140,0
140,0
140,0
140,0
140,0
140,0
140,0
140,0
140,0
140,0
140,0
140,0
140,0
140,0
140,0
140,0
140,0
140,0
140,0
140,0
140,0
140,0
140,0
140,0
140,0
140,0
140,0
140,0
140,0
140,0
140,0
140,0
140,0
140,0
140,0
140,0
140,0
140,0
140,0
140,0
140,0
140,0
140,0
140,0
140,0
140,0
140,0
140,0
140,0
140,0
140,0
140,0
140,0
140,0
140,0
140,0
140,0
140,0
140,0
140,0
140,0
140,0
140,0
140,0
140,0
140,0
140,0
140,0
140,0
140,0
140,0
140,0
140,0
140,0
140,0
140,0
140,0
140,0
140,0
140,0
140,0
140,0
140,0
140,0
140,0
140,0
140,0
140,0
140,0
140,0
140,0
140,0
140,0
140,0
140,0
140,0
140,0
140,0
140,0
140,0
140,0
140,0
140,0
140,0
140,0
140,0
140,0
140,0
140,0
140,0
140,0
140,0
140,0
140,0
140,0
140,0
140,0
140,0
140,0
140,0
140,0
140,0
140,0
140,0
140,0
140,0
140,0
140,0
140,0
140,0
140,0
140,0
140,0
140,0
140,0
140,0
140,0
140,0
140,0
140,0
140,0
140,0
140,0
140,0
140,0
140,0
140,0
140,0
140,0
140,0
140,0
140,0
140,0
140,0
140,0
140,0
140,0
140,0
140,0
140,0
140,0
140,0
140,0
140,0
140,0
140,0
140,0
140,0
140,0
140,0
140,0
140,0
140,0
140,0
140,0
140,0
140,0
140,0
140,0
140,0
140,0
140,0
140,0
140,0
140,0
140,0
140,0
140,0
140,0
140,0
140,0
140,0
140,0
140,0
140,0
140,0
140,0
140,0
140,0
140,0
140,0
140,0
140,0
140,0
140,0
140,0
140,0
140,0
140,0
140,0
140,0
140,0
140,0
140,0
140,0
140,0
140,0
140,0
140,0
140,0
140,0
140,0
140,0
140,0
140,0
140,0
140,0
140,0
140,0
140,0
140,0
140,0
140,0
140,0
140,0
140,0
140,0
140,0
140,0
140,0
140,0
140,0
140,0
140,0
140,0
140,0
140,0
140,0
140,0
140,0
140,0
140,0
140,0
140,0
140,0
140,0
140,0
140,0
140,0
140,0
140,0
140,0
140,0
140,0
140,0
140,0
140,0
140,0
140,0
140,0
140,0
140,0
140,0
140,0
140,0
140,0
140,0
140,0
140,0
140,0
140,0
140,0
140,0
140,0
140,0
140,0
140,0
140,0
140,0
140,0
140,0
140,0
140,0
140,0
140,0
140,0
140,0
140,0
140,0
140,0
140,0
140,0
140,0
140,0
140,0
140,0
140,0
140,0
140,0
140,0
140,0
140,0
140,0
140,0
140,0
140,0
140,0
140,0
140,0
140,0
140,0
140,0
140,0
140,0
140,0
140,0
140,0
140,0
140,0
140,0
140,0
140,0
140,0
140,0
140,0
140,0
140,0
140,0
140,0
140,0
140,0
140,0
140,0
140,0
140,0
140,0
140,0
140,0
140,0
140,0
140,0
140,0
140,0
140,0
140,0
140,0
140,0
140,0
140,0
140,0
140,0
140,0
140,0
140,0
140,0
140,0
140,0
140,0
140,0
140,0
140,0
140,0
140,0
140,0
140,0
140,0
140,0
140,0
140,0
140,0
140,0
140,0
140,0
140,0
140,0
140,0
140,0
140,0
140,0
140,0
140,0
140,0
140,0
140,0
140,0
140,0
140,0
140,0
140,0
140,0
140,0
140,0
140,0
140,0
140,0
140,0
140,0
140,0
140,0
140,0
140,0
140,0
140,0
140,0
140,0
140,0
140,0
140,0
140,0
140,0
140,0
140,0
140,0
140,0
140,0
140,0
140,0
140,0
140,0
140,0
140,0
140,0
140,0
140,0
140,0
140,0
140,0
140,0
140,0
140,0
140,0
140,0
140,0
140,0
140,0
140,0
140,0
140,0
140,0
140,0
140,0
140,0
140,0
140,0
140,0
140,0
140,0
140,0
140,0
140,0
140,0
140,0
140,0
140,0
140,0
140,0
140,0
133,3.5
133,1.75
133,0.875
133,0.4375
133,0.21875
133,0.109375
133,0.0546875
133,0.02734375
133,0.01367188
133,0.006835938
133,0.003417969
133,0.001708984
133,0.0008544922
133,0.0004272461
133,0.000213623
133,0.0001068115
133,5.340576E-05
133,2.670288E-05
133,1.335144E-05
133,6.67572E-06
133,3.33786E-06
133,1.66893E-06
133,8.34465E-07
133,4.172325E-07
133,2.086163E-07
133,1.043081E-07
133,5.215406E-08
133,2.607703E-08
133,1.303852E-08
133,6.519258E-09
133,3.259629E-09
133,1.629815E-09
133,8.149073E-10
133,4.074536E-10
133,2.037268E-10
133,1.018634E-10
133,5.09317E-11
133,2.546585E-11
133,1.273293E-11
133,6.366463E-12
133,3.183231E-12
133,1.591616E-12
133,7.958079E-13
133,3.979039E-13
133,1.98952E-13
133,9.947598E-14
133,4.973799E-14
133,2.4869E-14
133,1.24345E-14
133,6.217249E-15
133,3.108624E-15
133,1.554312E-15
133,7.771561E-16
133,3.885781E-16
133,1.94289E-16
133,9.714451E-17
133,4.857226E-17
133,2.428613E-17
133,1.214306E-17
133,6.071532E-18
133,3.035766E-18
133,1.517883E-18
133,7.589415E-19
133,3.794708E-19
133,1.897354E-19
133,9.486769E-20
133,4.743385E-20
133,2.371692E-20
133,1.185846E-20
133,5.929231E-21
133,2.964615E-21
133,1.482308E-21
133,7.411538E-22
133,3.705769E-22
133,1.852885E-22
133,9.264423E-23
133,4.632211E-23
133,2.316106E-23
133,1.158053E-23
133,5.790264E-24
133,2.895132E-24
133,1.447566E-24
133,7.23783E-25
133,3.618915E-25
133,1.809458E-25
133,9.047288E-26
133,4.523644E-26
133,2.261822E-26
133,1.130911E-26
133,5.654555E-27
133,2.827277E-27
133,1.413639E-27
133,7.068194E-28
133,3.534097E-28
133,1.767048E-28
133,8.835242E-29
133,4.417621E-29
133,2.208811E-29
133,1.104405E-29
133,5.522026E-30
133,2.761013E-30
133,1.380507E-30
133,6.902533E-31
133,3.451266E-31
133,1.725633E-31
133,8.628166E-32
133,4.314083E-32
133,2.157042E-32
133,1.078521E-32
133,5.392604E-33
133,2.696302E-33
133,1.348151E-33
133,6.740755E-34
133,3.370377E-34
133,1.685189E-34
133,8.425944E-35
133,4.212972E-35
133,2.106486E-35
133,1.053243E-35
133,5.266215E-36
133,2.633107E-36
133,1.316554E-36
133,6.582768E-37
133,3.291384E-37
133,1.645692E-37
133,8.22846E-38
133,4.11423E-38
133,2.057115E-38
133,1.028558E-38
133,5.142788E-39
133,2.571394E-39
133,1.285697E-39
133,6.428485E-40
133,3.214242E-40
133,1.607121E-40
133,8.035606E-41
133,4.017803E-41
133,2.008901E-41
133,1.004451E-41
133,5.022254E-42
133,2.511127E-42
133,1.255563E-42
133,6.277817E-43
133,3.138909E-43
133,1.569454E-43
133,7.847271E-44
133,3.923636E-44
133,1.961818E-44
133,9.809089E-45
133,5.605194E-45
133,2.802597E-45
133,1.401298E-45
133,0
133,0
133,0
133,0
133,0
133,0
133,0
133,0
133,0
133,0
133,0
133,0
133,0
133,0
133,0
133,0
133,0
133,0
133,0
133,0
133,0
133,0
133,0
133,0
133,0
133,0
133,0
133,0
133,0
133,0
133,0
133,0
133,0
133,0
133,0
133,0
133,0
133,0
133,0
133,0
133,0
133,0
133,0
133,0
133,0
133,0
133,0
133,0
133,0
133,0
133,0
133,0
133,0
133,0
133,0
133,0
133,0
133,0
133,0
133,0
133,0
133,0
133,0
133,0
133,0
133,0
133,0
133,0
133,0
133,0
133,0
133,0
133,0
133,0
133,0
133,0
133,0
133,0
133,0
133,0
133,0
133,0
133,0
133,0
133,0
133,0
133,0
133,0
133,0
133,0
133,0
133,0
133,0
133,0
133,0
133,0
133,0
133,0
133,0
133,0
133,0
133,0
133,0
133,0
133,0
133,0
133,0
133,0
133,0
133,0
133,0
133,0
133,0
133,0
133,0
133,0
133,0
133,0
133,0
133,0
133,0
133,0
133,0
133,0
133,0
133,0
133,0
133,0
133,0
133,0
133,0
133,0
133,0
133,0
133,0
133,0
133,0
133,0
133,0
133,0
133,0
133,0
133,0
134,0.5
134,0.25
134,0.125
134,0.0625
134,0.03125
134,0.015625
134,0.0078125
134,0.00390625
134,0.001953125
134,0.0009765625
134,0.0004882813
134,0.0002441406
134,0.0001220703
134,6.103516E-05
134,3.051758E-05
134,1.525879E-05
134,7.629395E-06
134,3.814697E-06
134,1.907349E-06
134,9.536743E-07
134,4.768372E-07
134,2.384186E-07
134,1.192093E-07
134,5.960464E-08
134,2.980232E-08
134,1.490116E-08
134,7.450581E-09
134,3.72529E-09
134,1.862645E-09
134,9.313226E-10
134,4.656613E-10
134,2.328306E-10
134,1.164153E-10
134,5.820766E-11
134,2.910383E-11
134,1.455192E-11
134,7.275958E-12
134,3.637979E-12
134,1.818989E-12
134,9.094947E-13
134,4.547474E-13
134,2.273737E-13
134,1.136868E-13
134,5.684342E-14
134,2.842171E-14
134,1.421085E-14
134,7.105427E-15
134,3.552714E-15
134,1.776357E-15
134,8.881784E-16
134,4.440892E-16
134,2.220446E-16
134,1.110223E-16
134,5.551115E-17
134,2.775558E-17
134,1.387779E-17
134,6.938894E-18
134,3.469447E-18
134,1.734723E-18
134,8.673617E-19
134,4.336809E-19
134,2.168404E-19
134,1.084202E-19
134,5.421011E-20
134,2.710505E-20
134,1.355253E-20
134,6.776264E-21
134,3.388132E-21
134,1.694066E-21
134,8.470329E-22
134,4.235165E-22
134,2.117582E-22
134,1.058791E-22
134,5.293956E-23
134,2.646978E-23
134,1.323489E-23
134,6.617445E-24
134,3.308722E-24
134,1.654361E-24
134,8.271806E-25
134,4.135903E-25
134,2.067952E-25
134,1.033976E-25
134,5.169879E-26
134,2.584939E-26
134,1.29247E-26
134,6.462349E-27
134,3.231174E-27
134,1.615587E-27
134,8.077936E-28
134,4.038968E-28
134,2.019484E-28
134,1.009742E-28
134,5.04871E-29
134,2.524355E-29
134,1.262177E-29
134,6.310887E-30
134,3.155444E-30
134,1.577722E-30
134,7.888609E-31
134,3.944305E-31
134,1.972152E-31
134,9.860761E-32
134,4.930381E-32
134,2.46519E-32
134,1.232595E-32
134,6.162976E-33
134,3.081488E-33
134,1.540744E-33
134,7.70372E-34
134,3.85186E-34
134,1.92593E-34
134,9.62965E-35
134,4.814825E-35
134,2.407412E-35
134,1.203706E-35
134,6.018531E-36
134,3.009266E-36
134,1.504633E-36
134,7.523164E-37
134,3.761582E-37
134,1.880791E-37
134,9.403955E-38
134,4.701977E-38
134,2.350989E-38
134,1.175494E-38
134,5.877472E-39
134,2.938736E-39
134,1.469368E-39
134,7.34684E-40
134,3.67342E-40
134,1.83671E-40
134,9.18355E-41
134,4.591775E-41
134,2.295887E-41
134,1.147944E-41
134,5.739719E-42
134,2.869859E-42
134,1.43493E-42
134,7.174648E-43
134,3.587324E-43
134,1.793662E-43
134,8.96831E-44
134,4.484155E-44
134,2.242078E-44
134,1.121039E-44
134,5.605194E-45
134,2.802597E-45
134,1.401298E-45
134,0
134,0
134,0
134,0
134,0
134,0
134,0
134,0
134,0
134,0
134,0
134,0
134,0
134,0
134,0
134,0
134,0
134,0
134,0
134,0
134,0
134,0
134,0
134,0
134,0
134,0
134,0
134,0
134,0
134,0
134,0
134,0
134,0
134,0
134,0
134,0
134,0
134,0
134,0
134,0
134,0
134,0
134,0
134,0
134,0
134,0
134,0
134,0
134,0
134,0
134,0
134,0
134,0
134,0
134,0
134,0
134,0
134,0
134,0
134,0
134,0
134,0
134,0
134,0
134,0
134,0
134,0
134,0
134,0
134,0
134,0
134,0
134,0
134,0
134,0
134,0
134,0
134,0
134,0
134,0
134,0
134,0
134,0
134,0
134,0
134,0
134,0
134,0
134,0
134,0
134,0
134,0
134,0
134,0
134,0
134,0
134,0
134,0
134,0
134,0
134,0
134,0
134,0
134,0
134,0
134,0
134,0
134,0
134,0
134,0
134,0
134,0
134,0
134,0
134,0
134,0
134,0
134,0
134,0
134,0
134,0
134,0
134,0
134,0
134,0
134,0
134,0
134,0
134,0
134,0
134,0
134,0
134,0
134,0
134,0
134,0
134,0
134,0
134,0
134,0
134,0
134,0
134,0
134,0
134,0
134,0
134,0
134,0
134,0
134,0
134,0
134,0
134,0
134,0
134,0
134,0
134,0
134,0
134,0
134,0
134,0
134,0
134,0
134,0
134,0
134,0
134,0
134,0
134,0
134,0
134,0
134,0
134,0
134,0
134,0
134,0
134,0
134,0
134,0
134,0
134,0
134,0
134,0
134,0
134,0
134,0
134,0
134,0
134,0
134,0
134,0
134,0
134,0
134,0
134,0
134,0
134,0
134,0
134,0
134,0
134,0
134,0
134,0
134,0
134,0
134,0
141,3.5
141,1.75
141,0.875
141,0.4375
141,0.21875
141,0.109375
141,0.0546875
141,0.02734375
141,0.01367188
141,0.006835938
141,0.003417969
141,0.001708984
141,0.0008544922
141,0.0004272461
141,0.000213623
141,0.0001068115
141,5.340576E-05
141,2.670288E-05
141,1.335144E-05
141,6.67572E-06
141,3.33786E-06
141,1.66893E-06
141,8.34465E-07
141,4.172325E-07
141,2.086163E-07
141,1.043081E-07
141,5.215406E-08
141,2.607703E-08
141,1.303852E-08
141,6.519258E-09
141,3.259629E-09
141,1.629815E-09
141,8.149073E-10
141,4.074536E-10
141,2.037268E-10
141,1.018634E-10
141,5.09317E-11
141,2.546585E-11
141,1.273293E-11
141,6.366463E-12
141,3.183231E-12
141,1.591616E-12
141,7.958079E-13
141,3.979039E-13
141,1.98952E-13
141,9.947598E-14
141,4.973799E-14
141,2.4869E-14
141,1.24345E-14
141,6.217249E-15
141,3.108624E-15
141,1.554312E-15
141,7.771561E-16
141,3.885781E-16
141,1.94289E-16
141,9.714451E-17
141,4.857226E-17
141,2.428613E-17
141,1.214306E-17
141,6.071532E-18
141,3.035766E-18
141,1.517883E-18
141,7.589415E-19
141,3.794708E-19
141,1.897354E-19
141,9.486769E-20
141,4.743385E-20
141,2.371692E-20
141,1.185846E-20
141,5.929231E-21
141,2.964615E-21
141,1.482308E-21
141,7.411538E-22
141,3.705769E-22
141,1.852885E-22
141,9.264423E-23
141,4.632211E-23
141,2.316106E-23
141,1.158053E-23
141,5.790264E-24
141,2.895132E-24
141,1.447566E-24
141,7.23783E-25
141,3.618915E-25
141,1.809458E-25
141,9.047288E-26
141,4.523644E-26
141,2.261822E-26
141,1.130911E-26
141,5.654555E-27
141,2.827277E-27
141,1.413639E-27
141,7.068194E-28
141,3.534097E-28
141,1.767048E-28
141,8.835242E-29
141,4.417621E-29
141,2.208811E-29
141,1.104405E-29
141,5.522026E-30
141,2.761013E-30
141,1.380507E-30
141,6.902533E-31
141,3.451266E-31
141,1.725633E-31
141,8.628166E-32
141,4.314083E-32
141,2.157042E-32
141,1.078521E-32
141,5.392604E-33
141,2.696302E-33
141,1.348151E-33
141,6.740755E-34
141,3.370377E-34
141,1.685189E-34
141,8.425944E-35
141,4.212972E-35
141,2.106486E-35
141,1.053243E-35
141,5.266215E-36
141,2.633107E-36
141,1.316554E-36
141,6.582768E-37
141,3.291384E-37
141,1.645692E-37
141,8.22846E-38
141,4.11423E-38
141,2.057115E-38
141,1.028558E-38
141,5.142788E-39
141,2.571394E-39
141,1.285697E-39
141,6.428485E-40
141,3.214242E-40
141,1.607121E-40
141,8.035606E-41
141,4.017803E-41
141,2.008901E-41
141,1.004451E-41
141,5.022254E-42
141,2.511127E-42
141,1.255563E-42
141,6.277817E-43
141,3.138909E-43
141,1.569454E-43
141,7.847271E-44
141,3.923636E-44
141,1.961818E-44
141,9.809089E-45
141,5.605194E-45
141,2.802597E-45
141,1.401298E-45
141,0
141,0
141,0
141,0
141,0
141,0
141,0
141,0
141,0
141,0
141,0
141,0
141,0
141,0
141,0
141,0
141,0
141,0
141,0
141,0
141,0
141,0
141,0
141,0
141,0
141,0
141,0
141,0
141,0
141,0
141,0
141,0
141,0
141,0
141,0
141,0
141,0
141,0
141,0
141,0
141,0
141,0
141,0
141,0
141,0
141,0
141,0
141,0
141,0
141,0
141,0
141,0
141,0
141,0
141,0
141,0
141,0
141,0
141,0
141,0
141,0
141,0
141,0
141,0
141,0
141,0
141,0
141,0
141,0
141,0
141,0
141,0
141,0
141,0
141,0
141,0
141,0
141,0
141,0
141,0
141,0
141,0
141,0
141,0
141,0
141,0
141,0
141,0
141,0
141,0
141,0
141,0
141,0
141,0
141,0
141,0
141,0
141,0
141,0
141,0
141,0
141,0
141,0
141,0
141,0
141,0
141,0
141,0
141,0
141,0
141,0
141,0
141,0
141,0
141,0
141,0
141,0
141,0
141,0
141,0
141,0
141,0
141,0
141,0
141,0
141,0
141,0
141,0
141,0
141,0
141,0
141,0
141,0
141,0
141,0
141,0
141,0
141,0
141,0
141,0
141,0
146,2.5
146,1.25
146,0.625
146,0.3125
146,0.15625
146,0.078125
146,0.0390625
146,0.01953125
146,0.009765625
146,0.004882813
146,0.002441406
146,0.001220703
146,0.0006103516
146,0.0003051758
146,0.0001525879
146,7.629395E-05
146,3.814697E-05
146,1.907349E-05
146,9.536743E-06
146,4.768372E-06
146,2.384186E-06
146,1.192093E-06
146,5.960464E-07
146,2.980232E-07
146,1.490116E-07
146,7.450581E-08
146,3.72529E-08
146,1.862645E-08
146,9.313226E-09
146,4.656613E-09
146,2.328306E-09
146,1.164153E-09
146,5.820766E-10
146,2.910383E-10
146,1.455192E-10
146,7.275958E-11
146,3.637979E-11
146,1.818989E-11
146,9.094947E-12
146,4.547474E-12
146,2.273737E-12
146,1.136868E-12
146,5.684342E-13
146,2.842171E-13
146,1.421085E-13
146,7.105427E-14
146,3.552714E-14
146,1.776357E-14
146,8.881784E-15
146,4.440892E-15
146,2.220446E-15
146,1.110223E-15
146,5.551115E-16
146,2.775558E-16
146,1.387779E-16
146,6.938894E-17
146,3.469447E-17
146,1.734723E-17
146,8.673617E-18
146,4.336809E-18
146,2.168404E-18
146,1.084202E-18
146,5.421011E-19
146,2.710505E-19
146,1.355253E-19
146,6.776264E-20
146,3.388132E-20
146,1.694066E-20
146,8.470329E-21
146,4.235165E-21
146,2.117582E-21
146,1.058791E-21
146,5.293956E-22
146,2.646978E-22
146,1.323489E-22
146,6.617445E-23
146,3.308722E-23
146,1.654361E-23
146,8.271806E-24
146,4.135903E-24
146,2.067952E-24
146,1.033976E-24
146,5.169879E-25
146,2.584939E-25
146,1.29247E-25
146,6.462349E-26
146,3.231174E-26
146,1.615587E-26
146,8.077936E-27
146,4.038968E-27
146,2.019484E-27
146,1.009742E-27
146,5.04871E-28
146,2.524355E-28
146,1.262177E-28
146,6.310887E-29
146,3.155444E-29
146,1.577722E-29
146,7.888609E-30
146,3.944305E-30
146,1.972152E-30
146,9.860761E-31
146,4.930381E-31
146,2.46519E-31
146,1.232595E-31
146,6.162976E-32
146,3.081488E-32
146,1.540744E-32
146,7.70372E-33
146,3.85186E-33
146,1.92593E-33
146,9.62965E-34
146,4.814825E-34
146,2.407412E-34
146,1.203706E-34
146,6.018531E-35
146,3.009266E-35
146,1.504633E-35
146,7.523164E-36
146,3.761582E-36
146,1.880791E-36
146,9.403955E-37
146,4.701977E-37
146,2.350989E-37
146,1.175494E-37
146,5.877472E-38
146,2.938736E-38
146,1.469368E-38
146,7.34684E-39
146,3.67342E-39
146,1.83671E-39
146,9.18355E-40
146,4.591775E-40
146,2.295887E-40
146,1.147944E-40
146,5.739719E-41
146,2.869859E-41
146,1.43493E-41
146,7.174648E-42
146,3.587324E-42
146,1.793662E-42
146,8.96831E-43
146,4.484155E-43
146,2.242078E-43
146,1.121039E-43
146,5.605194E-44
146,2.802597E-44
146,1.401298E-44
146,7.006492E-45
146,2.802597E-45
146,1.401298E-45
146,0
146,0
146,0
146,0
146,0
146,0
146,0
146,0
146,0
146,0
146,0
146,0
146,0
146,0
146,0
146,0
146,0
146,0
146,0
146,0
146,0
146,0
146,0
146,0
146,0
146,0
146,0
146,0
146,0
146,0
146,0
146,0
146,0
146,0
146,0
146,0
146,0
146,0
146,0
146,0
146,0
146,0
146,0
146,0
146,0
146,0
146,0
146,0
146,0
146,0
146,0
146,0
146,0
146,0
146,0
146,0
146,0
146,0
146,0
146,0
146,0
146,0
146,0
146,0
146,0
146,0
146,0
146,0
146,0
146,0
146,0
146,0
146,0
146,0
146,0
146,0
146,0
146,0
146,0
146,0
146,0
146,0
146,0
146,0
146,0
146,0
146,0
146,0
146,0
146,0
146,0
146,0
146,0
146,0
146,0
146,0
146,0
146,0
146,0
146,0
146,0
146,0
146,0
146,0
146,0
146,0
146,0
146,0
146,0
146,0
146,0
146,0
146,0
146,0
146,0
146,0
146,0
146,0
146,0
146,0
146,0
146,0
146,0
146,0
146,0
146,0
146,0
146,0
146,0
146,0
146,0
146,0
146,0
146,0
146,0
146,0
146,0
146,0
146,0
146,0
146,0
146,0
146,0
146,0
146,0
146,0
146,0
146,0
146,0
146,0
146,0
146,0
146,0
146,0
146,0
146,0
146,0
146,0
146,0
146,0
146,0
146,0
146,0
146,0
146,0
146,0
146,0
146,0
146,0
146,0
146,0
146,0
146,0
146,0
146,0
146,0
146,0
146,0
146,0
146,0
146,0
146,0
146,0
146,0
146,0
146,0
146,0
146,0
146,0
146,0
146,0
146,0
146,0
146,0
146,0
146,0
146,0
146,0
146,0
146,0
146,0
146,0
146,0
146,0
146,0
150,2
150,1
150,0.5
150,0.25
150,0.125
150,0.0625
150,0.03125
150,0.015625
150,0.0078125
150,0.00390625
150,0.001953125
150,0.0009765625
150,0.0004882813
150,0.0002441406
150,0.0001220703
150,6.103516E-05
150,3.051758E-05
150,1.525879E-05
150,7.629395E-06
150,3.814697E-06
150,1.907349E-06
150,9.536743E-07
150,4.768372E-07
150,2.384186E-07
150,1.192093E-07
150,5.960464E-08
150,2.980232E-08
150,1.490116E-08
150,7.450581E-09
150,3.72529E-09
150,1.862645E-09
150,9.313226E-10
150,4.656613E-10
150,2.328306E-10
150,1.164153E-10
150,5.820766E-11
150,2.910383E-11
150,1.455192E-11
150,7.275958E-12
150,3.637979E-12
150,1.818989E-12
150,9.094947E-13
150,4.547474E-13
150,2.273737E-13
150,1.136868E-13
150,5.684342E-14
150,2.842171E-14
150,1.421085E-14
150,7.105427E-15
150,3.552714E-15
150,1.776357E-15
150,8.881784E-16
150,4.440892E-16
150,2.220446E-16
150,1.110223E-16
150,5.551115E-17
150,2.775558E-17
150,1.387779E-17
150,6.938894E-18
150,3.469447E-18
150,1.734723E-18
150,8.673617E-19
150,4.336809E-19
150,2.168404E-19
150,1.084202E-19
150,5.421011E-20
150,2.710505E-20
150,1.355253E-20
150,6.776264E-21
150,3.388132E-21
150,1.694066E-21
150,8.470329E-22
150,4.235165E-22
150,2.117582E-22
150,1.058791E-22
150,5.293956E-23
150,2.646978E-23
150,1.323489E-23
150,6.617445E-24
150,3.308722E-24
150,1.654361E-24
150,8.271806E-25
150,4.135903E-25
150,2.067952E-25
150,1.033976E-25
150,5.169879E-26
150,2.584939E-26
150,1.29247E-26
150,6.462349E-27
150,3.231174E-27
150,1.615587E-27
150,8.077936E-28
150,4.038968E-28
150,2.019484E-28
150,1.009742E-28
150,5.04871E-29
150,2.524355E-29
150,1.262177E-29
150,6.310887E-30
150,3.155444E-30
150,1.577722E-30
150,7.888609E-31
150,3.944305E-31
150,1.972152E-31
150,9.860761E-32
