-1,0
-1,0
-1,0
-1,0
-1,0
-1,0
-1,0
-1,0
-1,0
-1,0
-1,0
-1,0
-1,0
-1,0
-1,0
-1,0
-1,0
-1,0
-1,0
-1,0
-1,0
-1,0
-1,0
-1,0
-1,0
-1,0
-1,0
-1,0
-1,0
-1,0
-1,0
-1,0
-1,0
-1,0
-1,0
-1,0
-1,0
-1,0
-1,0
-1,0
-1,0
-1,0
-1,0
-1,0
-1,0
-1,0
-1,0
-1,0
-1,0
-1,0
-1,0
-1,0
-1,0
-1,0
-1,0
-1,0
-1,0
-1,0
-1,0
-1,0
-1,0
-1,0
-1,0
-1,0
-1,0
-1,0
-1,0
-1,0
-1,0
-1,0
-1,0
-1,0
-1,0
-1,0
-1,0
-1,0
-1,0
-1,0
-1,0
-1,0
-1,0
-1,0
-1,0
-1,0
-1,0
-1,0
-1,0
-1,0
-1,0
-1,0
-1,0
-1,0
-1,0
-1,0
-1,0
-1,0
-1,0
-1,0
-1,0
-1,0
-1,0
-1,0
-1,0
-1,0
-1,0
-1,0
-1,0
-1,0
-1,0
-1,0
-1,0
-1,0
-1,0
-1,0
-1,0
-1,0
-1,0
-1,0
-1,0
-1,0
-1,0
-1,0
-1,0
-1,0
-1,0
-1,0
-1,0
-1,0
-1,0
-1,0
-1,0
-1,0
-1,0
-1,0
-1,0
-1,0
-1,0
-1,0
-1,0
-1,0
-1,0
-1,0
-1,0
-1,0
-1,0
-1,0
-1,0
-1,0
-1,0
-1,0
-1,0
-1,0
-1,0
-1,0
-1,0
-1,0
-1,0
-1,0
-1,0
-1,0
-1,0
-1,0
-1,0
-1,0
-1,0
-1,0
-1,0
-1,0
-1,0
-1,0
-1,0
-1,0
-1,0
-1,0
-1,0
-1,0
-1,0
-1,0
-1,0
-1,0
-1,0
-1,0
-1,0
-1,0
-1,0
-1,0
-1,0
-1,0
-1,0
-1,0
-1,0
-1,0
-1,0
-1,0
-1,0
-1,0
-1,0
-1,0
-1,0
-1,0
-1,0
-1,0
-1,0
-1,0
-1,0
-1,0
-1,0
-1,0
-1,0
-1,0
-1,0
-1,0
-1,0
-1,0
-1,0
-1,0
-1,0
-1,0
-1,0
-1,0
-1,0
-1,0
-1,0
-1,0
-1,0
-1,0
-1,0
-1,0
-1,0
-1,0
-1,0
-1,0
-1,0
40,0
40,0
40,0
40,0
40,0
40,0
40,0
40,0
40,0
40,0
40,0
40,0
40,0
40,0
40,0
40,0
40,0
40,0
40,0
40,0
40,0
40,0
40,0
40,0
40,0
40,0
40,0
40,0
40,0
40,0
40,0
40,0
40,0
40,0
40,0
40,0
40,0
40,0
40,0
40,0
40,0
40,0
40,0
40,0
40,0
40,0
40,0
40,0
40,0
40,0
40,0
40,0
40,0
40,0
40,0
40,0
40,0
40,0
40,0
40,0
40,0
40,0
40,0
40,0
40,0
40,0
40,0
40,0
40,0
40,0
40,0
40,0
40,0
40,0
40,0
40,0
40,0
40,0
40,0
40,0
40,0
40,0
40,0
40,0
40,0
40,0
40,0
40,0
40,0
40,0
40,0
40,0
40,0
40,0
40,0
40,0
40,0
40,0
40,0
40,0
40,0
40,0
40,0
40,0
40,0
40,0
40,0
40,0
40,0
40,0
40,0
40,0
40,0
40,0
40,0
40,0
40,0
40,0
40,0
40,0
40,0
40,0
40,0
40,0
40,0
40,0
40,0
40,0
40,0
40,0
40,0
40,0
40,0
40,0
40,0
40,0
40,0
40,0
40,0
40,0
40,0
40,0
40,0
40,0
40,0
40,0
40,0
40,0
40,0
40,0
40,0
40,0
40,0
40,0
40,0
40,0
40,0
40,0
40,0
40,0
40,0
40,0
40,0
40,0
40,0
40,0
40,0
40,0
40,0
40,0
40,0
40,0
40,0
40,0
40,0
40,0
40,0
40,0
40,0
40,0
40,0
40,0
40,0
40,0
40,0
40,0
40,0
40,0
40,0
40,0
40,0
40,0
40,0
40,0
40,0
40,0
40,0
40,0
40,0
40,0
40,0
40,0
40,0
40,0
40,0
40,0
40,0
40,0
40,0
40,0
40,0
40,0
40,0
40,0
40,0
40,0
40,0
40,0
40,0
40,0
40,0
40,0
40,0
40,0
40,0
40,0
40,0
40,0
40,0
40,0
40,0
40,0
40,0
40,0
40,0
40,0
40,0
40,0
40,0
40,0
40,0
40,0
40,0
40,0
40,0
40,0
40,0
40,0
40,0
40,0
40,0
40,0
40,0
40,0
40,0
40,0
40,0
40,0
40,0
40,0
40,0
46,3
46,1.5
46,0.75
46,0.375
46,0.1875
46,0.09375
46,0.046875
46,0.0234375
46,0.01171875
46,0.005859375
46,0.002929688
46,0.001464844
46,0.0007324219
46,0.0003662109
46,0.0001831055
46,9.155273E-05
46,4.577637E-05
46,2.288818E-05
46,1.144409E-05
46,5.722046E-06
46,2.861023E-06
46,1.430511E-06
46,7.152557E-07
46,3.576279E-07
46,1.788139E-07
46,8.940697E-08
46,4.470348E-08
46,2.235174E-08
46,1.117587E-08
46,5.587935E-09
46,2.793968E-09
46,1.396984E-09
46,6.984919E-10
46,3.49246E-10
46,1.74623E-10
46,8.731149E-11
46,4.365575E-11
46,2.182787E-11
46,1.091394E-11
46,5.456968E-12
46,2.728484E-12
46,1.364242E-12
46,6.82121E-13
46,3.410605E-13
46,1.705303E-13
46,8.526513E-14
46,4.263256E-14
46,2.131628E-14
46,1.065814E-14
46,5.329071E-15
46,2.664535E-15
46,1.332268E-15
46,6.661338E-16
46,3.330669E-16
46,1.665335E-16
46,8.326673E-17
46,4.163336E-17
46,2.081668E-17
46,1.040834E-17
46,5.20417E-18
46,2.602085E-18
46,1.301043E-18
46,6.505213E-19
46,3.252607E-19
46,1.626303E-19
46,8.131516E-20
46,4.065758E-20
46,2.032879E-20
46,1.01644E-20
46,5.082198E-21
46,2.541099E-21
46,1.270549E-21
46,6.352747E-22
46,3.176374E-22
46,1.588187E-22
46,7.940934E-23
46,3.970467E-23
46,1.985233E-23
46,9.926167E-24
46,4.963084E-24
46,2.481542E-24
46,1.240771E-24
46,6.203855E-25
46,3.101927E-25
46,1.550964E-25
46,7.754818E-26
46,3.877409E-26
46,1.938705E-26
46,9.693523E-27
46,4.846761E-27
46,2.423381E-27
46,1.21169E-27
46,6.058452E-28
46,3.029226E-28
46,1.514613E-28
46,7.573065E-29
46,3.786532E-29
46,1.893266E-29
46,9.466331E-30
46,4.733165E-30
46,2.366583E-30
46,1.183291E-30
46,5.916457E-31
46,2.958228E-31
46,1.479114E-31
46,7.395571E-32
46,3.697785E-32
46,1.848893E-32
46,9.244464E-33
46,4.622232E-33
46,2.311116E-33
46,1.155558E-33
46,5.77779E-34
46,2.888895E-34
46,1.444447E-34
46,7.222237E-35
46,3.611119E-35
46,1.805559E-35
46,9.027797E-36
46,4.513898E-36
46,2.256949E-36
46,1.128475E-36
46,5.642373E-37
46,2.821186E-37
46,1.410593E-37
46,7.052966E-38
46,3.526483E-38
46,1.763242E-38
46,8.816208E-39
46,4.408104E-39
46,2.204052E-39
46,1.102026E-39
46,5.51013E-40
46,2.755065E-40
46,1.377532E-40
46,6.887662E-41
46,3.443831E-41
46,1.721916E-41
46,8.609578E-42
46,4.304789E-42
46,2.152394E-42
46,1.076197E-42
46,5.380986E-43
46,2.690493E-43
46,1.345247E-43
46,6.726233E-44
46,3.363116E-44
46,1.681558E-44
46,8.407791E-45
46,4.203895E-45
46,2.802597E-45
46,1.401298E-45
46,0
46,0
46,0
46,0
46,0
46,0
46,0
46,0
46,0
46,0
46,0
46,0
46,0
46,0
46,0
46,0
46,0
46,0
46,0
46,0
46,0
46,0
46,0
46,0
46,0
46,0
46,0
46,0
46,0
46,0
46,0
46,0
46,0
46,0
46,0
46,0
46,0
46,0
46,0
46,0
46,0
46,0
46,0
46,0
46,0
46,0
46,0
46,0
46,0
46,0
46,0
46,0
46,0
46,0
46,0
46,0
46,0
46,0
46,0
46,0
46,0
46,0
46,0
46,0
46,0
46,0
46,0
46,0
46,0
46,0
46,0
46,0
46,0
46,0
46,0
46,0
46,0
46,0
46,0
46,0
46,0
46,0
46,0
46,0
49,1.5
49,0.75
49,0.375
49,0.1875
49,0.09375
49,0.046875
49,0.0234375
49,0.01171875
49,0.005859375
49,0.002929688
49,0.001464844
49,0.0007324219
49,0.0003662109
49,0.0001831055
49,9.155273E-05
49,4.577637E-05
49,2.288818E-05
49,1.144409E-05
49,5.722046E-06
49,2.861023E-06
49,1.430511E-06
49,7.152557E-07
49,3.576279E-07
49,1.788139E-07
49,8.940697E-08
49,4.470348E-08
49,2.235174E-08
49,1.117587E-08
49,5.587935E-09
49,2.793968E-09
49,1.396984E-09
49,6.984919E-10
49,3.49246E-10
49,1.74623E-10
49,8.731149E-11
49,4.365575E-11
49,2.182787E-11
49,1.091394E-11
49,5.456968E-12
49,2.728484E-12
49,1.364242E-12
49,6.82121E-13
49,3.410605E-13
49,1.705303E-13
49,8.526513E-14
49,4.263256E-14
49,2.131628E-14
49,1.065814E-14
49,5.329071E-15
49,2.664535E-15
49,1.332268E-15
49,6.661338E-16
49,3.330669E-16
49,1.665335E-16
49,8.326673E-17
49,4.163336E-17
49,2.081668E-17
49,1.040834E-17
49,5.20417E-18
49,2.602085E-18
49,1.301043E-18
49,6.505213E-19
49,3.252607E-19
49,1.626303E-19
49,8.131516E-20
49,4.065758E-20
49,2.032879E-20
49,1.01644E-20
49,5.082198E-21
49,2.541099E-21
49,1.270549E-21
49,6.352747E-22
49,3.176374E-22
49,1.588187E-22
49,7.940934E-23
49,3.970467E-23
49,1.985233E-23
49,9.926167E-24
49,4.963084E-24
49,2.481542E-24
49,1.240771E-24
49,6.203855E-25
49,3.101927E-25
49,1.550964E-25
49,7.754818E-26
49,3.877409E-26
49,1.938705E-26
49,9.693523E-27
49,4.846761E-27
49,2.423381E-27
49,1.21169E-27
49,6.058452E-28
49,3.029226E-28
49,1.514613E-28
49,7.573065E-29
49,3.786532E-29
49,1.893266E-29
49,9.466331E-30
49,4.733165E-30
49,2.366583E-30
49,1.183291E-30
49,5.916457E-31
49,2.958228E-31
49,1.479114E-31
49,7.395571E-32
49,3.697785E-32
49,1.848893E-32
49,9.244464E-33
49,4.622232E-33
49,2.311116E-33
49,1.155558E-33
49,5.77779E-34
49,2.888895E-34
49,1.444447E-34
49,7.222237E-35
49,3.611119E-35
49,1.805559E-35
49,9.027797E-36
49,4.513898E-36
49,2.256949E-36
49,1.128475E-36
49,5.642373E-37
49,2.821186E-37
49,1.410593E-37
49,7.052966E-38
49,3.526483E-38
49,1.763242E-38
49,8.816208E-39
49,4.408104E-39
49,2.204052E-39
49,1.102026E-39
49,5.51013E-40
49,2.755065E-40
49,1.377532E-40
49,6.887662E-41
49,3.443831E-41
49,1.721916E-41
49,8.609578E-42
49,4.304789E-42
49,2.152394E-42
49,1.076197E-42
49,5.380986E-43
49,2.690493E-43
49,1.345247E-43
49,6.726233E-44
49,3.363116E-44
49,1.681558E-44
49,8.407791E-45
49,4.203895E-45
49,2.802597E-45
49,1.401298E-45
49,0
49,0
49,0
49,0
49,0
49,0
49,0
49,0
49,0
49,0
49,0
49,0
49,0
49,0
49,0
49,0
49,0
49,0
49,0
49,0
49,0
49,0
49,0
49,0
49,0
49,0
49,0
49,0
49,0
49,0
49,0
49,0
49,0
49,0
49,0
49,0
49,0
49,0
49,0
49,0
49,0
49,0
49,0
49,0
49,0
49,0
49,0
49,0
49,0
49,0
49,0
49,0
49,0
49,0
49,0
49,0
49,0
49,0
49,0
49,0
49,0
49,0
49,0
49,0
49,0
49,0
49,0
49,0
49,0
49,0
49,0
49,0
49,0
49,0
49,0
49,0
49,0
49,0
49,0
49,0
49,0
49,0
49,0
49,0
49,0
49,0
49,0
49,0
49,0
49,0
49,0
49,0
49,0
49,0
49,0
49,0
49,0
49,0
49,0
49,0
49,0
49,0
49,0
49,0
49,0
49,0
49,0
49,0
49,0
48,0.5
48,0.25
48,0.125
48,0.0625
48,0.03125
48,0.015625
48,0.0078125
48,0.00390625
48,0.001953125
48,0.0009765625
48,0.0004882813
48,0.0002441406
48,0.0001220703
48,6.103516E-05
48,3.051758E-05
48,1.525879E-05
48,7.629395E-06
48,3.814697E-06
48,1.907349E-06
48,9.536743E-07
48,4.768372E-07
48,2.384186E-07
48,1.192093E-07
48,5.960464E-08
48,2.980232E-08
48,1.490116E-08
48,7.450581E-09
48,3.72529E-09
48,1.862645E-09
48,9.313226E-10
48,4.656613E-10
48,2.328306E-10
48,1.164153E-10
48,5.820766E-11
48,2.910383E-11
48,1.455192E-11
48,7.275958E-12
48,3.637979E-12
48,1.818989E-12
48,9.094947E-13
48,4.547474E-13
48,2.273737E-13
48,1.136868E-13
48,5.684342E-14
48,2.842171E-14
48,1.421085E-14
48,7.105427E-15
48,3.552714E-15
48,1.776357E-15
48,8.881784E-16
48,4.440892E-16
48,2.220446E-16
48,1.110223E-16
48,5.551115E-17
48,2.775558E-17
48,1.387779E-17
48,6.938894E-18
48,3.469447E-18
48,1.734723E-18
48,8.673617E-19
48,4.336809E-19
48,2.168404E-19
48,1.084202E-19
48,5.421011E-20
48,2.710505E-20
48,1.355253E-20
48,6.776264E-21
48,3.388132E-21
48,1.694066E-21
48,8.470329E-22
48,4.235165E-22
48,2.117582E-22
48,1.058791E-22
48,5.293956E-23
48,2.646978E-23
48,1.323489E-23
48,6.617445E-24
48,3.308722E-24
48,1.654361E-24
48,8.271806E-25
48,4.135903E-25
48,2.067952E-25
48,1.033976E-25
48,5.169879E-26
48,2.584939E-26
48,1.29247E-26
48,6.462349E-27
48,3.231174E-27
48,1.615587E-27
48,8.077936E-28
48,4.038968E-28
48,2.019484E-28
48,1.009742E-28
48,5.04871E-29
48,2.524355E-29
48,1.262177E-29
48,6.310887E-30
48,3.155444E-30
48,1.577722E-30
48,7.888609E-31
48,3.944305E-31
48,1.972152E-31
48,9.860761E-32
48,4.930381E-32
48,2.46519E-32
48,1.232595E-32
48,6.162976E-33
48,3.081488E-33
48,1.540744E-33
48,7.70372E-34
48,3.85186E-34
48,1.92593E-34
48,9.62965E-35
48,4.814825E-35
48,2.407412E-35
48,1.203706E-35
48,6.018531E-36
48,3.009266E-36
48,1.504633E-36
48,7.523164E-37
48,3.761582E-37
48,1.880791E-37
48,9.403955E-38
48,4.701977E-38
48,2.350989E-38
48,1.175494E-38
48,5.877472E-39
48,2.938736E-39
48,1.469368E-39
48,7.34684E-40
48,3.67342E-40
48,1.83671E-40
48,9.18355E-41
48,4.591775E-41
48,2.295887E-41
48,1.147944E-41
48,5.739719E-42
48,2.869859E-42
48,1.43493E-42
48,7.174648E-43
48,3.587324E-43
48,1.793662E-43
48,8.96831E-44
48,4.484155E-44
48,2.242078E-44
48,1.121039E-44
48,5.605194E-45
48,2.802597E-45
48,1.401298E-45
48,0
48,0
48,0
48,0
48,0
48,0
48,0
48,0
48,0
48,0
48,0
48,0
48,0
48,0
48,0
48,0
48,0
48,0
48,0
48,0
48,0
48,0
48,0
48,0
48,0
48,0
48,0
48,0
48,0
48,0
48,0
48,0
48,0
48,0
48,0
48,0
48,0
48,0
48,0
48,0
48,0
48,0
48,0
48,0
48,0
48,0
48,0
48,0
48,0
48,0
48,0
48,0
48,0
48,0
48,0
48,0
48,0
48,0
48,0
48,0
48,0
48,0
48,0
48,0
48,0
48,0
48,0
48,0
48,0
48,0
48,0
48,0
48,0
48,0
48,0
48,0
48,0
48,0
48,0
48,0
48,0
48,0
48,0
48,0
48,0
48,0
48,0
48,0
48,0
48,0
48,0
48,0
48,0
48,0
48,0
48,0
48,0
48,0
48,0
48,0
48,0
48,0
48,0
48,0
48,0
48,0
48,0
48,0
48,0
48,0
48,0
48,0
48,0
48,0
48,0
48,0
48,0
48,0
48,0
48,0
48,0
48,0
48,0
48,0
48,0
48,0
48,0
48,0
48,0
48,0
48,0
48,0
48,0
48,0
48,0
48,0
48,0
48,0
48,0
48,0
48,0
48,0
48,0
48,0
48,0
48,0
48,0
48,0
48,0
48,0
48,0
48,0
48,0
52,2
52,1
52,0.5
52,0.25
52,0.125
52,0.0625
52,0.03125
52,0.015625
52,0.0078125
52,0.00390625
52,0.001953125
52,0.0009765625
52,0.0004882813
52,0.0002441406
52,0.0001220703
52,6.103516E-05
52,3.051758E-05
52,1.525879E-05
52,7.629395E-06
52,3.814697E-06
52,1.907349E-06
52,9.536743E-07
52,4.768372E-07
52,2.384186E-07
52,1.192093E-07
52,5.960464E-08
52,2.980232E-08
52,1.490116E-08
52,7.450581E-09
52,3.72529E-09
52,1.862645E-09
52,9.313226E-10
52,4.656613E-10
52,2.328306E-10
52,1.164153E-10
52,5.820766E-11
52,2.910383E-11
52,1.455192E-11
52,7.275958E-12
52,3.637979E-12
52,1.818989E-12
52,9.094947E-13
52,4.547474E-13
52,2.273737E-13
52,1.136868E-13
52,5.684342E-14
52,2.842171E-14
52,1.421085E-14
52,7.105427E-15
52,3.552714E-15
52,1.776357E-15
52,8.881784E-16
52,4.440892E-16
52,2.220446E-16
52,1.110223E-16
52,5.551115E-17
52,2.775558E-17
52,1.387779E-17
52,6.938894E-18
52,3.469447E-18
52,1.734723E-18
52,8.673617E-19
52,4.336809E-19
52,2.168404E-19
52,1.084202E-19
52,5.421011E-20
52,2.710505E-20
52,1.355253E-20
52,6.776264E-21
52,3.388132E-21
52,1.694066E-21
52,8.470329E-22
52,4.235165E-22
52,2.117582E-22
52,1.058791E-22
52,5.293956E-23
52,2.646978E-23
52,1.323489E-23
52,6.617445E-24
52,3.308722E-24
52,1.654361E-24
52,8.271806E-25
52,4.135903E-25
52,2.067952E-25
52,1.033976E-25
52,5.169879E-26
52,2.584939E-26
52,1.29247E-26
52,6.462349E-27
52,3.231174E-27
52,1.615587E-27
52,8.077936E-28
52,4.038968E-28
52,2.019484E-28
52,1.009742E-28
52,5.04871E-29
52,2.524355E-29
52,1.262177E-29
52,6.310887E-30
52,3.155444E-30
52,1.577722E-30
52,7.888609E-31
52,3.944305E-31
52,1.972152E-31
52,9.860761E-32
52,4.930381E-32
52,2.46519E-32
52,1.232595E-32
52,6.162976E-33
52,3.081488E-33
52,1.540744E-33
52,7.70372E-34
52,3.85186E-34
52,1.92593E-34
52,9.62965E-35
52,4.814825E-35
52,2.407412E-35
52,1.203706E-35
52,6.018531E-36
52,3.009266E-36
52,1.504633E-36
52,7.523164E-37
52,3.761582E-37
52,1.880791E-37
52,9.403955E-38
52,4.701977E-38
52,2.350989E-38
52,1.175494E-38
52,5.877472E-39
52,2.938736E-39
52,1.469368E-39
52,7.34684E-40
52,3.67342E-40
52,1.83671E-40
52,9.18355E-41
52,4.591775E-41
52,2.295887E-41
52,1.147944E-41
52,5.739719E-42
52,2.869859E-42
52,1.43493E-42
52,7.174648E-43
52,3.587324E-43
52,1.793662E-43
52,8.96831E-44
52,4.484155E-44
52,2.242078E-44
52,1.121039E-44
52,5.605194E-45
52,2.802597E-45
52,1.401298E-45
52,0
52,0
52,0
52,0
52,0
52,0
52,0
52,0
52,0
52,0
52,0
52,0
52,0
52,0
52,0
52,0
52,0
52,0
52,0
52,0
52,0
52,0
52,0
52,0
52,0
52,0
52,0
52,0
52,0
52,0
52,0
52,0
52,0
52,0
52,0
52,0
52,0
52,0
52,0
52,0
52,0
52,0
52,0
52,0
52,0
48,2
48,1
48,0.5
48,0.25
48,0.125
48,0.0625
48,0.03125
48,0.015625
48,0.0078125
48,0.00390625
48,0.001953125
48,0.0009765625
48,0.0004882813
48,0.0002441406
48,0.0001220703
48,6.103516E-05
48,3.051758E-05
48,1.525879E-05
48,7.629395E-06
48,3.814697E-06
48,1.907349E-06
48,9.536743E-07
48,4.768372E-07
48,2.384186E-07
48,1.192093E-07
48,5.960464E-08
48,2.980232E-08
48,1.490116E-08
48,7.450581E-09
48,3.72529E-09
48,1.862645E-09
48,9.313226E-10
48,4.656613E-10
48,2.328306E-10
48,1.164153E-10
48,5.820766E-11
48,2.910383E-11
48,1.455192E-11
48,7.275958E-12
48,3.637979E-12
48,1.818989E-12
48,9.094947E-13
48,4.547474E-13
48,2.273737E-13
48,1.136868E-13
48,5.684342E-14
48,2.842171E-14
48,1.421085E-14
48,7.105427E-15
48,3.552714E-15
48,1.776357E-15
48,8.881784E-16
48,4.440892E-16
48,2.220446E-16
48,1.110223E-16
48,5.551115E-17
48,2.775558E-17
48,1.387779E-17
48,6.938894E-18
48,3.469447E-18
48,1.734723E-18
48,8.673617E-19
48,4.336809E-19
48,2.168404E-19
48,1.084202E-19
48,5.421011E-20
48,2.710505E-20
48,1.355253E-20
48,6.776264E-21
48,3.388132E-21
48,1.694066E-21
48,8.470329E-22
48,4.235165E-22
48,2.117582E-22
48,1.058791E-22
48,5.293956E-23
48,2.646978E-23
48,1.323489E-23
48,6.617445E-24
48,3.308722E-24
48,1.654361E-24
48,8.271806E-25
48,4.135903E-25
48,2.067952E-25
48,1.033976E-25
48,5.169879E-26
48,2.584939E-26
48,1.29247E-26
48,6.462349E-27
48,3.231174E-27
48,1.615587E-27
48,8.077936E-28
48,4.038968E-28
48,2.019484E-28
48,1.009742E-28
48,5.04871E-29
48,2.524355E-29
48,1.262177E-29
48,6.310887E-30
48,3.155444E-30
48,1.577722E-30
48,7.888609E-31
48,3.944305E-31
48,1.972152E-31
48,9.860761E-32
48,4.930381E-32
48,2.46519E-32
48,1.232595E-32
48,6.162976E-33
48,3.081488E-33
48,1.540744E-33
48,7.70372E-34
48,3.85186E-34
48,1.92593E-34
48,9.62965E-35
48,4.814825E-35
48,2.407412E-35
48,1.203706E-35
48,6.018531E-36
48,3.009266E-36
48,1.504633E-36
48,7.523164E-37
48,3.761582E-37
48,1.880791E-37
48,9.403955E-38
48,4.701977E-38
48,2.350989E-38
48,1.175494E-38
48,5.877472E-39
48,2.938736E-39
48,1.469368E-39
48,7.34684E-40
48,3.67342E-40
48,1.83671E-40
48,9.18355E-41
48,4.591775E-41
48,2.295887E-41
48,1.147944E-41
48,5.739719E-42
48,2.869859E-42
48,1.43493E-42
48,7.174648E-43
48,3.587324E-43
48,1.793662E-43
48,8.96831E-44
48,4.484155E-44
48,2.242078E-44
48,1.121039E-44
48,5.605194E-45
48,2.802597E-45
48,1.401298E-45
48,0
48,0
48,0
48,0
48,0
48,0
48,0
48,0
48,0
48,0
48,0
48,0
48,0
48,0
48,0
48,0
48,0
48,0
48,0
48,0
48,0
48,0
48,0
48,0
48,0
48,0
48,0
48,0
48,0
48,0
48,0
48,0
48,0
48,0
48,0
48,0
48,0
48,0
48,0
48,0
48,0
48,0
48,0
48,0
48,0
48,0
48,0
48,0
48,0
48,0
48,0
48,0
48,0
48,0
48,0
48,0
48,0
48,0
48,0
48,0
48,0
48,0
48,0
48,0
48,0
48,0
48,0
48,0
48,0
48,0
48,0
48,0
48,0
48,0
48,0
48,0
48,0
48,0
48,0
48,0
48,0
48,0
48,0
48,0
48,0
48,0
48,0
48,0
48,0
48,0
48,0
48,0
48,0
48,0
48,0
48,0
48,0
48,0
48,0
48,0
48,0
48,0
48,0
48,0
48,0
48,0
48,0
48,0
48,0
48,0
48,0
48,0
48,0
48,0
48,0
48,0
48,0
48,0
48,0
48,0
48,0
48,0
48,0
48,0
48,0
48,0
48,0
48,0
48,0
48,0
48,0
48,0
48,0
48,0
48,0
48,0
48,0
48,0
48,0
48,0
48,0
48,0
48,0
48,0
48,0
48,0
48,0
48,0
48,0
48,0
48,0
48,0
48,0
48,0
48,0
48,0
48,0
48,0
48,0
48,0
48,0
48,0
48,0
48,0
48,0
48,0
48,0
48,0
48,0
48,0
48,0
48,0
48,0
48,0
48,0
48,0
48,0
48,0
48,0
48,0
48,0
48,0
48,0
48,0
48,0
48,0
48,0
48,0
48,0
48,0
48,0
48,0
48,0
48,0
48,0
48,0
48,0
48,0
48,0
48,0
48,0
48,0
48,0
48,0
57,4.5
57,2.25
57,1.125
57,0.5625
57,0.28125
57,0.140625
57,0.0703125
57,0.03515625
57,0.01757813
57,0.008789063
57,0.004394531
57,0.002197266
57,0.001098633
57,0.0005493164
57,0.0002746582
57,0.0001373291
57,6.866455E-05
57,3.433228E-05
57,1.716614E-05
57,8.583069E-06
57,4.291534E-06
57,2.145767E-06
57,1.072884E-06
57,5.364418E-07
57,2.682209E-07
57,1.341105E-07
57,6.705523E-08
57,3.352761E-08
57,1.676381E-08
57,8.381903E-09
57,4.190952E-09
57,2.095476E-09
57,1.047738E-09
57,5.238689E-10
57,2.619345E-10
57,1.309672E-10
57,6.548362E-11
57,3.274181E-11
57,1.63709E-11
57,8.185452E-12
57,4.092726E-12
57,2.046363E-12
57,1.023182E-12
57,5.115908E-13
57,2.557954E-13
57,1.278977E-13
57,6.394885E-14
57,3.197442E-14
57,1.598721E-14
57,7.993606E-15
57,3.996803E-15
57,1.998401E-15
57,9.992007E-16
57,4.996004E-16
57,2.498002E-16
57,1.249001E-16
57,6.245005E-17
57,3.122502E-17
57,1.561251E-17
57,7.806256E-18
57,3.903128E-18
57,1.951564E-18
57,9.75782E-19
57,4.87891E-19
57,2.439455E-19
57,1.219727E-19
57,6.098637E-20
57,3.049319E-20
57,1.524659E-20
57,7.623297E-21
57,3.811648E-21
57,1.905824E-21
57,9.529121E-22
57,4.76456E-22
57,2.38228E-22
57,1.19114E-22
57,5.9557E-23
57,2.97785E-23
57,1.488925E-23
57,7.444626E-24
57,3.722313E-24
57,1.861156E-24
57,9.305782E-25
57,4.652891E-25
57,2.326445E-25
57,1.163223E-25
57,5.816114E-26
57,2.908057E-26
57,1.454028E-26
57,7.270142E-27
57,3.635071E-27
57,1.817536E-27
57,9.087678E-28
57,4.543839E-28
57,2.271919E-28
57,1.13596E-28
57,5.679799E-29
57,2.839899E-29
57,1.41995E-29
57,7.099748E-30
57,3.549874E-30
57,1.774937E-30
57,8.874685E-31
57,4.437343E-31
57,2.218671E-31
57,1.109336E-31
57,5.546678E-32
57,2.773339E-32
57,1.38667E-32
57,6.933348E-33
57,3.466674E-33
57,1.733337E-33
57,8.666685E-34
57,4.333342E-34
57,2.166671E-34
57,1.083336E-34
57,5.416678E-35
57,2.708339E-35
57,1.354169E-35
57,6.770847E-36
57,3.385424E-36
57,1.692712E-36
57,8.463559E-37
57,4.23178E-37
57,2.11589E-37
57,1.057945E-37
57,5.289725E-38
57,2.644862E-38
57,1.322431E-38
57,6.612156E-39
57,3.306078E-39
57,1.653039E-39
57,8.265195E-40
57,4.132597E-40
57,2.066299E-40
57,1.033149E-40
57,5.165747E-41
57,2.582873E-41
57,1.291437E-41
57,6.457183E-42
57,3.228592E-42
57,1.614296E-42
57,8.071479E-43
57,4.03574E-43
57,2.01787E-43
57,1.008935E-43
57,5.044674E-44
57,2.522337E-44
57,1.261169E-44
57,5.605194E-45
57,2.802597E-45
57,1.401298E-45
57,0
57,0
57,0
57,0
57,0
57,0
57,0
57,0
57,0
57,0
57,0
57,0
57,0
57,0
57,0
57,0
57,0
57,0
57,0
57,0
57,0
57,0
57,0
57,0
57,0
57,0
57,0
57,0
57,0
57,0
57,0
57,0
57,0
57,0
57,0
57,0
57,0
57,0
57,0
57,0
57,0
57,0
57,0
57,0
57,0
57,0
57,0
57,0
57,0
57,0
57,0
57,0
57,0
57,0
57,0
57,0
57,0
57,0
57,0
57,0
57,0
57,0
57,0
57,0
57,0
57,0
57,0
57,0
57,0
57,0
57,0
57,0
57,0
57,0
57,0
57,0
57,0
57,0
57,0
57,0
57,0
57,0
57,0
57,0
57,0
57,0
57,0
57,0
57,0
57,0
57,0
57,0
57,0
57,0
57,0
57,0
57,0
57,0
57,0
57,0
57,0
57,0
57,0
57,0
57,0
57,0
57,0
57,0
57,0
57,0
57,0
57,0
57,0
57,0
57,0
57,0
57,0
57,0
57,0
57,0
57,0
57,0
57,0
57,0
57,0
57,0
57,0
57,0
57,0
57,0
57,0
57,0
57,0
57,0
57,0
57,0
57,0
57,0
57,0
57,0
57,0
57,0
57,0
57,0
57,0
57,0
57,0
57,0
57,0
57,0
57,0
57,0
57,0
57,0
57,0
57,0
57,0
57,0
57,0
57,0
57,0
64,3.5
64,1.75
64,0.875
64,0.4375
64,0.21875
64,0.109375
64,0.0546875
64,0.02734375
64,0.01367188
64,0.006835938
64,0.003417969
64,0.001708984
64,0.0008544922
64,0.0004272461
64,0.000213623
64,0.0001068115
64,5.340576E-05
64,2.670288E-05
64,1.335144E-05
64,6.67572E-06
64,3.33786E-06
64,1.66893E-06
64,8.34465E-07
64,4.172325E-07
64,2.086163E-07
64,1.043081E-07
64,5.215406E-08
64,2.607703E-08
64,1.303852E-08
64,6.519258E-09
64,3.259629E-09
64,1.629815E-09
64,8.149073E-10
64,4.074536E-10
64,2.037268E-10
64,1.018634E-10
64,5.09317E-11
64,2.546585E-11
64,1.273293E-11
64,6.366463E-12
64,3.183231E-12
64,1.591616E-12
64,7.958079E-13
64,3.979039E-13
64,1.98952E-13
64,9.947598E-14
64,4.973799E-14
64,2.4869E-14
64,1.24345E-14
64,6.217249E-15
64,3.108624E-15
64,1.554312E-15
64,7.771561E-16
64,3.885781E-16
64,1.94289E-16
64,9.714451E-17
64,4.857226E-17
64,2.428613E-17
64,1.214306E-17
64,6.071532E-18
64,3.035766E-18
64,1.517883E-18
64,7.589415E-19
64,3.794708E-19
64,1.897354E-19
64,9.486769E-20
64,4.743385E-20
64,2.371692E-20
64,1.185846E-20
64,5.929231E-21
64,2.964615E-21
64,1.482308E-21
64,7.411538E-22
64,3.705769E-22
64,1.852885E-22
64,9.264423E-23
64,4.632211E-23
64,2.316106E-23
64,1.158053E-23
64,5.790264E-24
64,2.895132E-24
64,1.447566E-24
64,7.23783E-25
64,3.618915E-25
64,1.809458E-25
64,9.047288E-26
64,4.523644E-26
64,2.261822E-26
64,1.130911E-26
64,5.654555E-27
64,2.827277E-27
64,1.413639E-27
64,7.068194E-28
64,3.534097E-28
64,1.767048E-28
64,8.835242E-29
64,4.417621E-29
64,2.208811E-29
64,1.104405E-29
64,5.522026E-30
64,2.761013E-30
64,1.380507E-30
64,6.902533E-31
64,3.451266E-31
64,1.725633E-31
64,8.628166E-32
64,4.314083E-32
64,2.157042E-32
64,1.078521E-32
64,5.392604E-33
64,2.696302E-33
64,1.348151E-33
64,6.740755E-34
64,3.370377E-34
64,1.685189E-34
64,8.425944E-35
64,4.212972E-35
64,2.106486E-35
64,1.053243E-35
64,5.266215E-36
64,2.633107E-36
64,1.316554E-36
64,6.582768E-37
64,3.291384E-37
64,1.645692E-37
64,8.22846E-38
64,4.11423E-38
64,2.057115E-38
64,1.028558E-38
64,5.142788E-39
64,2.571394E-39
64,1.285697E-39
64,6.428485E-40
64,3.214242E-40
64,1.607121E-40
64,8.035606E-41
64,4.017803E-41
64,2.008901E-41
64,1.004451E-41
64,5.022254E-42
64,2.511127E-42
64,1.255563E-42
64,6.277817E-43
64,3.138909E-43
64,1.569454E-43
64,7.847271E-44
64,3.923636E-44
64,1.961818E-44
64,9.809089E-45
64,5.605194E-45
64,2.802597E-45
64,1.401298E-45
64,0
64,0
64,0
64,0
64,0
64,0
64,0
64,0
64,0
64,0
64,0
64,0
64,0
64,0
64,0
64,0
64,0
64,0
64,0
64,0
64,0
64,0
64,0
64,0
64,0
64,0
64,0
64,0
64,0
64,0
64,0
64,0
64,0
64,0
64,0
64,0
64,0
64,0
64,0
64,0
64,0
64,0
64,0
64,0
64,0
64,0
64,0
64,0
64,0
64,0
64,0
64,0
64,0
64,0
64,0
64,0
64,0
64,0
64,0
64,0
64,0
64,0
64,0
64,0
64,0
64,0
64,0
64,0
64,0
64,0
64,0
64,0
64,0
64,0
64,0
64,0
64,0
64,0
64,0
64,0
64,0
64,0
64,0
64,0
64,0
64,0
64,0
64,0
64,0
64,0
64,0
64,0
64,0
64,0
64,0
64,0
64,0
64,0
64,0
64,0
64,0
64,0
64,0
64,0
64,0
64,0
64,0
64,0
64,0
64,0
64,0
64,0
64,0
64,0
64,0
64,0
64,0
64,0
64,0
64,0
61,1.5
61,0.75
61,0.375
61,0.1875
61,0.09375
61,0.046875
61,0.0234375
61,0.01171875
61,0.005859375
61,0.002929688
61,0.001464844
61,0.0007324219
61,0.0003662109
61,0.0001831055
61,9.155273E-05
61,4.577637E-05
61,2.288818E-05
61,1.144409E-05
61,5.722046E-06
61,2.861023E-06
61,1.430511E-06
61,7.152557E-07
61,3.576279E-07
61,1.788139E-07
61,8.940697E-08
61,4.470348E-08
61,2.235174E-08
61,1.117587E-08
61,5.587935E-09
61,2.793968E-09
61,1.396984E-09
61,6.984919E-10
61,3.49246E-10
61,1.74623E-10
61,8.731149E-11
61,4.365575E-11
61,2.182787E-11
61,1.091394E-11
61,5.456968E-12
61,2.728484E-12
61,1.364242E-12
61,6.82121E-13
61,3.410605E-13
61,1.705303E-13
61,8.526513E-14
61,4.263256E-14
61,2.131628E-14
61,1.065814E-14
61,5.329071E-15
61,2.664535E-15
61,1.332268E-15
61,6.661338E-16
61,3.330669E-16
61,1.665335E-16
61,8.326673E-17
61,4.163336E-17
61,2.081668E-17
61,1.040834E-17
61,5.20417E-18
61,2.602085E-18
61,1.301043E-18
61,6.505213E-19
61,3.252607E-19
61,1.626303E-19
61,8.131516E-20
61,4.065758E-20
61,2.032879E-20
61,1.01644E-20
61,5.082198E-21
61,2.541099E-21
61,1.270549E-21
61,6.352747E-22
61,3.176374E-22
61,1.588187E-22
61,7.940934E-23
61,3.970467E-23
61,1.985233E-23
61,9.926167E-24
61,4.963084E-24
61,2.481542E-24
61,1.240771E-24
61,6.203855E-25
61,3.101927E-25
61,1.550964E-25
61,7.754818E-26
61,3.877409E-26
61,1.938705E-26
61,9.693523E-27
61,4.846761E-27
61,2.423381E-27
61,1.21169E-27
61,6.058452E-28
61,3.029226E-28
61,1.514613E-28
61,7.573065E-29
61,3.786532E-29
61,1.893266E-29
61,9.466331E-30
61,4.733165E-30
61,2.366583E-30
61,1.183291E-30
61,5.916457E-31
61,2.958228E-31
61,1.479114E-31
61,7.395571E-32
61,3.697785E-32
61,1.848893E-32
61,9.244464E-33
61,4.622232E-33
61,2.311116E-33
61,1.155558E-33
61,5.77779E-34
61,2.888895E-34
61,1.444447E-34
61,7.222237E-35
61,3.611119E-35
61,1.805559E-35
61,9.027797E-36
61,4.513898E-36
61,2.256949E-36
61,1.128475E-36
61,5.642373E-37
61,2.821186E-37
61,1.410593E-37
61,7.052966E-38
61,3.526483E-38
61,1.763242E-38
61,8.816208E-39
61,4.408104E-39
61,2.204052E-39
61,1.102026E-39
61,5.51013E-40
61,2.755065E-40
61,1.377532E-40
61,6.887662E-41
61,3.443831E-41
61,1.721916E-41
61,8.609578E-42
61,4.304789E-42
61,2.152394E-42
61,1.076197E-42
61,5.380986E-43
61,2.690493E-43
61,1.345247E-43
61,6.726233E-44
61,3.363116E-44
61,1.681558E-44
61,8.407791E-45
61,4.203895E-45
61,2.802597E-45
61,1.401298E-45
61,0
61,0
61,0
61,0
61,0
61,0
61,0
61,0
61,0
61,0
61,0
61,0
61,0
61,0
61,0
61,0
61,0
61,0
61,0
61,0
61,0
61,0
61,0
61,0
61,0
61,0
61,0
61,0
61,0
61,0
61,0
61,0
61,0
61,0
61,0
61,0
61,0
61,0
61,0
61,0
61,0
61,0
61,0
61,0
61,0
61,0
61,0
61,0
61,0
61,0
61,0
61,0
61,0
61,0
61,0
61,0
61,0
61,0
61,0
61,0
61,0
61,0
61,0
61,0
61,0
61,0
61,0
61,0
61,0
61,0
61,0
61,0
61,0
61,0
61,0
61,0
61,0
61,0
61,0
61,0
61,0
61,0
61,0
61,0
61,0
61,0
61,0
61,0
61,0
61,0
61,0
61,0
61,0
61,0
61,0
61,0
61,0
61,0
61,0
61,0
61,0
61,0
61,0
61,0
61,0
61,0
61,0
61,0
61,0
61,0
61,0
61,0
61,0
61,0
61,0
61,0
61,0
61,0
61,0
61,0
61,0
61,0
61,0
61,0
61,0
61,0
61,0
61,0
61,0
61,0
61,0
61,0
61,0
61,0
61,0
61,0
61,0
61,0
61,0
61,0
61,0
61,0
61,0
61,0
66,2.5
66,1.25
66,0.625
66,0.3125
66,0.15625
66,0.078125
66,0.0390625
66,0.01953125
66,0.009765625
66,0.004882813
66,0.002441406
66,0.001220703
66,0.0006103516
66,0.0003051758
66,0.0001525879
66,7.629395E-05
66,3.814697E-05
66,1.907349E-05
66,9.536743E-06
66,4.768372E-06
66,2.384186E-06
66,1.192093E-06
66,5.960464E-07
66,2.980232E-07
66,1.490116E-07
66,7.450581E-08
66,3.72529E-08
66,1.862645E-08
66,9.313226E-09
66,4.656613E-09
66,2.328306E-09
66,1.164153E-09
66,5.820766E-10
66,2.910383E-10
66,1.455192E-10
66,7.275958E-11
66,3.637979E-11
66,1.818989E-11
66,9.094947E-12
66,4.547474E-12
66,2.273737E-12
66,1.136868E-12
66,5.684342E-13
66,2.842171E-13
66,1.421085E-13
66,7.105427E-14
66,3.552714E-14
66,1.776357E-14
66,8.881784E-15
66,4.440892E-15
66,2.220446E-15
66,1.110223E-15
66,5.551115E-16
66,2.775558E-16
66,1.387779E-16
66,6.938894E-17
66,3.469447E-17
66,1.734723E-17
66,8.673617E-18
66,4.336809E-18
66,2.168404E-18
66,1.084202E-18
66,5.421011E-19
66,2.710505E-19
66,1.355253E-19
66,6.776264E-20
66,3.388132E-20
66,1.694066E-20
66,8.470329E-21
66,4.235165E-21
66,2.117582E-21
66,1.058791E-21
66,5.293956E-22
66,2.646978E-22
66,1.323489E-22
66,6.617445E-23
66,3.308722E-23
66,1.654361E-23
66,8.271806E-24
66,4.135903E-24
66,2.067952E-24
66,1.033976E-24
66,5.169879E-25
66,2.584939E-25
66,1.29247E-25
66,6.462349E-26
66,3.231174E-26
66,1.615587E-26
66,8.077936E-27
66,4.038968E-27
66,2.019484E-27
66,1.009742E-27
66,5.04871E-28
66,2.524355E-28
66,1.262177E-28
66,6.310887E-29
66,3.155444E-29
66,1.577722E-29
66,7.888609E-30
66,3.944305E-30
66,1.972152E-30
66,9.860761E-31
66,4.930381E-31
66,2.46519E-31
66,1.232595E-31
66,6.162976E-32
66,3.081488E-32
66,1.540744E-32
66,7.70372E-33
66,3.85186E-33
66,1.92593E-33
66,9.62965E-34
66,4.814825E-34
66,2.407412E-34
66,1.203706E-34
66,6.018531E-35
66,3.009266E-35
66,1.504633E-35
66,7.523164E-36
66,3.761582E-36
66,1.880791E-36
66,9.403955E-37
66,4.701977E-37
66,2.350989E-37
66,1.175494E-37
66,5.877472E-38
66,2.938736E-38
66,1.469368E-38
66,7.34684E-39
66,3.67342E-39
66,1.83671E-39
66,9.18355E-40
66,4.591775E-40
66,2.295887E-40
66,1.147944E-40
66,5.739719E-41
66,2.869859E-41
66,1.43493E-41
66,7.174648E-42
66,3.587324E-42
66,1.793662E-42
66,8.96831E-43
66,4.484155E-43
66,2.242078E-43
66,1.121039E-43
66,5.605194E-44
66,2.802597E-44
66,1.401298E-44
66,7.006492E-45
66,2.802597E-45
66,1.401298E-45
66,0
66,0
66,0
66,0
66,0
66,0
66,0
66,0
66,0
66,0
66,0
66,0
66,0
66,0
66,0
66,0
66,0
66,0
66,0
66,0
66,0
66,0
66,0
66,0
66,0
66,0
66,0
66,0
66,0
66,0
66,0
66,0
66,0
66,0
66,0
66,0
66,0
66,0
66,0
66,0
66,0
66,0
66,0
66,0
66,0
66,0
66,0
66,0
66,0
66,0
66,0
66,0
66,0
66,0
66,0
66,0
66,0
66,0
66,0
66,0
66,0
66,0
66,0
66,0
66,0
66,0
66,0
66,0
66,0
66,0
66,0
66,0
66,0
66,0
66,0
66,0
66,0
66,0
66,0
66,0
66,0
66,0
66,0
66,0
66,0
66,0
66,0
66,0
66,0
66,0
66,0
66,0
66,0
66,0
66,0
66,0
66,0
66,0
66,0
66,0
66,0
66,0
66,0
66,0
66,0
66,0
66,0
66,0
66,0
66,0
66,0
66,0
66,0
66,0
66,0
66,0
66,0
66,0
66,0
66,0
66,0
66,0
66,0
66,0
66,0
66,0
66,0
66,0
66,0
66,0
66,0
66,0
66,0
66,0
66,0
66,0
66,0
66,0
66,0
66,0
66,0
66,0
66,0
66,0
66,0
66,0
66,0
64,1
64,0.5
64,0.25
64,0.125
64,0.0625
64,0.03125
64,0.015625
64,0.0078125
64,0.00390625
64,0.001953125
64,0.0009765625
64,0.0004882813
64,0.0002441406
64,0.0001220703
64,6.103516E-05
64,3.051758E-05
64,1.525879E-05
64,7.629395E-06
64,3.814697E-06
64,1.907349E-06
64,9.536743E-07
64,4.768372E-07
64,2.384186E-07
64,1.192093E-07
64,5.960464E-08
64,2.980232E-08
64,1.490116E-08
64,7.450581E-09
64,3.72529E-09
64,1.862645E-09
64,9.313226E-10
64,4.656613E-10
64,2.328306E-10
64,1.164153E-10
64,5.820766E-11
64,2.910383E-11
64,1.455192E-11
64,7.275958E-12
64,3.637979E-12
64,1.818989E-12
64,9.094947E-13
64,4.547474E-13
64,2.273737E-13
64,1.136868E-13
64,5.684342E-14
64,2.842171E-14
64,1.421085E-14
64,7.105427E-15
64,3.552714E-15
64,1.776357E-15
64,8.881784E-16
64,4.440892E-16
64,2.220446E-16
64,1.110223E-16
64,5.551115E-17
64,2.775558E-17
64,1.387779E-17
64,6.938894E-18
64,3.469447E-18
64,1.734723E-18
64,8.673617E-19
64,4.336809E-19
64,2.168404E-19
64,1.084202E-19
64,5.421011E-20
64,2.710505E-20
64,1.355253E-20
64,6.776264E-21
64,3.388132E-21
64,1.694066E-21
64,8.470329E-22
64,4.235165E-22
64,2.117582E-22
64,1.058791E-22
64,5.293956E-23
64,2.646978E-23
64,1.323489E-23
64,6.617445E-24
64,3.308722E-24
64,1.654361E-24
64,8.271806E-25
64,4.135903E-25
64,2.067952E-25
64,1.033976E-25
64,5.169879E-26
64,2.584939E-26
64,1.29247E-26
64,6.462349E-27
64,3.231174E-27
64,1.615587E-27
64,8.077936E-28
64,4.038968E-28
64,2.019484E-28
64,1.009742E-28
64,5.04871E-29
64,2.524355E-29
64,1.262177E-29
64,6.310887E-30
64,3.155444E-30
64,1.577722E-30
64,7.888609E-31
64,3.944305E-31
64,1.972152E-31
64,9.860761E-32
64,4.930381E-32
64,2.46519E-32
64,1.232595E-32
64,6.162976E-33
64,3.081488E-33
64,1.540744E-33
64,7.70372E-34
64,3.85186E-34
64,1.92593E-34
64,9.62965E-35
64,4.814825E-35
64,2.407412E-35
64,1.203706E-35
64,6.018531E-36
64,3.009266E-36
64,1.504633E-36
64,7.523164E-37
64,3.761582E-37
64,1.880791E-37
64,9.403955E-38
64,4.701977E-38
64,2.350989E-38
64,1.175494E-38
64,5.877472E-39
64,2.938736E-39
64,1.469368E-39
64,7.34684E-40
64,3.67342E-40
64,1.83671E-40
64,9.18355E-41
64,4.591775E-41
64,2.295887E-41
64,1.147944E-41
64,5.739719E-42
64,2.869859E-42
64,1.43493E-42
64,7.174648E-43
64,3.587324E-43
64,1.793662E-43
64,8.96831E-44
64,4.484155E-44
64,2.242078E-44
64,1.121039E-44
64,5.605194E-45
64,2.802597E-45
64,1.401298E-45
64,0
64,0
64,0
64,0
64,0
64,0
64,0
64,0
64,0
64,0
64,0
64,0
64,0
64,0
64,0
64,0
64,0
64,0
64,0
64,0
64,0
64,0
64,0
64,0
64,0
64,0
64,0
64,0
64,0
64,0
64,0
64,0
64,0
64,0
64,0
64,0
64,0
64,0
64,0
64,0
64,0
64,0
64,0
64,0
64,0
64,0
64,0
64,0
64,0
64,0
64,0
64,0
64,0
64,0
64,0
64,0
64,0
64,0
64,0
64,0
64,0
64,0
64,0
64,0
64,0
64,0
64,0
64,0
64,0
64,0
64,0
64,0
64,0
64,0
64,0
64,0
64,0
64,0
64,0
64,0
64,0
64,0
64,0
64,0
64,0
64,0
64,0
64,0
64,0
64,0
64,0
64,0
64,0
64,0
64,0
64,0
56,4
56,2
56,1
56,0.5
56,0.25
56,0.125
56,0.0625
56,0.03125
56,0.015625
56,0.0078125
56,0.00390625
56,0.001953125
56,0.0009765625
56,0.0004882813
56,0.0002441406
56,0.0001220703
56,6.103516E-05
56,3.051758E-05
56,1.525879E-05
56,7.629395E-06
56,3.814697E-06
56,1.907349E-06
56,9.536743E-07
56,4.768372E-07
56,2.384186E-07
56,1.192093E-07
56,5.960464E-08
56,2.980232E-08
56,1.490116E-08
56,7.450581E-09
56,3.72529E-09
56,1.862645E-09
56,9.313226E-10
56,4.656613E-10
56,2.328306E-10
56,1.164153E-10
56,5.820766E-11
56,2.910383E-11
56,1.455192E-11
56,7.275958E-12
56,3.637979E-12
56,1.818989E-12
56,9.094947E-13
56,4.547474E-13
56,2.273737E-13
56,1.136868E-13
56,5.684342E-14
56,2.842171E-14
56,1.421085E-14
56,7.105427E-15
56,3.552714E-15
56,1.776357E-15
56,8.881784E-16
56,4.440892E-16
56,2.220446E-16
56,1.110223E-16
56,5.551115E-17
56,2.775558E-17
56,1.387779E-17
56,6.938894E-18
56,3.469447E-18
56,1.734723E-18
56,8.673617E-19
56,4.336809E-19
56,2.168404E-19
56,1.084202E-19
56,5.421011E-20
56,2.710505E-20
56,1.355253E-20
56,6.776264E-21
56,3.388132E-21
56,1.694066E-21
56,8.470329E-22
56,4.235165E-22
56,2.117582E-22
56,1.058791E-22
56,5.293956E-23
56,2.646978E-23
56,1.323489E-23
56,6.617445E-24
56,3.308722E-24
56,1.654361E-24
56,8.271806E-25
56,4.135903E-25
56,2.067952E-25
56,1.033976E-25
56,5.169879E-26
56,2.584939E-26
56,1.29247E-26
56,6.462349E-27
56,3.231174E-27
56,1.615587E-27
56,8.077936E-28
56,4.038968E-28
56,2.019484E-28
56,1.009742E-28
56,5.04871E-29
56,2.524355E-29
56,1.262177E-29
56,6.310887E-30
56,3.155444E-30
56,1.577722E-30
56,7.888609E-31
56,3.944305E-31
56,1.972152E-31
56,9.860761E-32
56,4.930381E-32
56,2.46519E-32
56,1.232595E-32
56,6.162976E-33
56,3.081488E-33
56,1.540744E-33
56,7.70372E-34
56,3.85186E-34
56,1.92593E-34
56,9.62965E-35
56,4.814825E-35
56,2.407412E-35
56,1.203706E-35
56,6.018531E-36
56,3.009266E-36
56,1.504633E-36
56,7.523164E-37
56,3.761582E-37
56,1.880791E-37
56,9.403955E-38
56,4.701977E-38
56,2.350989E-38
56,1.175494E-38
56,5.877472E-39
56,2.938736E-39
56,1.469368E-39
56,7.34684E-40
56,3.67342E-40
56,1.83671E-40
56,9.18355E-41
56,4.591775E-41
56,2.295887E-41
56,1.147944E-41
56,5.739719E-42
56,2.869859E-42
56,1.43493E-42
56,7.174648E-43
56,3.587324E-43
56,1.793662E-43
56,8.96831E-44
56,4.484155E-44
56,2.242078E-44
56,1.121039E-44
56,5.605194E-45
56,2.802597E-45
56,1.401298E-45
56,0
56,0
56,0
56,0
56,0
56,0
56,0
56,0
56,0
56,0
56,0
56,0
56,0
56,0
56,0
56,0
56,0
56,0
56,0
56,0
56,0
56,0
56,0
56,0
56,0
56,0
56,0
56,0
56,0
56,0
56,0
56,0
56,0
56,0
56,0
56,0
56,0
56,0
56,0
56,0
56,0
56,0
56,0
56,0
56,0
56,0
56,0
56,0
56,0
56,0
56,0
56,0
56,0
56,0
56,0
56,0
56,0
56,0
56,0
56,0
56,0
56,0
56,0
56,0
56,0
56,0
56,0
56,0
56,0
56,0
56,0
56,0
56,0
56,0
56,0
56,0
56,0
56,0
56,0
56,0
56,0
56,0
56,0
56,0
56,0
56,0
56,0
56,0
56,0
56,0
56,0
56,0
56,0
56,0
56,0
56,0
56,0
56,0
56,0
56,0
56,0
56,0
56,0
56,0
56,0
56,0
56,0
56,0
56,0
56,0
56,0
56,0
56,0
56,0
56,0
56,0
56,0
56,0
56,0
56,0
56,0
56,0
56,0
56,0
56,0
56,0
56,0
56,0
56,0
56,0
56,0
56,0
56,0
56,0
56,0
56,0
56,0
56,0
56,0
56,0
56,0
56,0
56,0
56,0
56,0
56,0
56,0
56,0
56,0
56,0
56,0
56,0
56,0
56,0
56,0
56,0
56,0
56,0
56,0
56,0
56,0
56,0
56,0
56,0
56,0
56,0
56,0
56,0
56,0
56,0
56,0
56,0
56,0
56,0
56,0
56,0
56,0
56,0
56,0
56,0
56,0
56,0
56,0
56,0
56,0
56,0
56,0
56,0
56,0
56,0
56,0
56,0
56,0
56,0
56,0
56,0
56,0
56,0
56,0
56,0
56,0
56,0
56,0
56,0
56,0
56,0
56,0
56,0
56,0
56,0
56,0
56,0
56,0
56,0
56,0
56,0
56,0
56,0
56,0
56,0
56,0
56,0
56,0
56,0
56,0
56,0
56,0
56,0
56,0
56,0
56,0
56,0
56,0
56,0
56,0
56,0
56,0
56,0
56,0
56,0
56,0
56,0
56,0
56,0
56,0
56,0
56,0
56,0
56,0
56,0
56,0
56,0
56,0
56,0
56,0
56,0
56,0
56,0
56,0
56,0
56,0
56,0
56,0
56,0
56,0
56,0
56,0
56,0
56,0
56,0
56,0
56,0
56,0
56,0
56,0
56,0
56,0
56,0
56,0
56,0
56,0
56,0
56,0
56,0
56,0
56,0
56,0
56,0
56,0
56,0
56,0
56,0
56,0
56,0
56,0
56,0
56,0
56,0
56,0
56,0
56,0
56,0
56,0
56,0
56,0
56,0
56,0
56,0
56,0
56,0
56,0
56,0
56,0
56,0
56,0
56,0
56,0
56,0
56,0
56,0
56,0
56,0
56,0
56,0
56,0
56,0
56,0
56,0
56,0
56,0
56,0
56,0
56,0
56,0
56,0
56,0
56,0
56,0
56,0
56,0
56,0
56,0
56,0
56,0
56,0
56,0
56,0
56,0
56,0
56,0
56,0
56,0
56,0
56,0
56,0
56,0
56,0
56,0
56,0
56,0
56,0
51,2.5
51,1.25
51,0.625
51,0.3125
51,0.15625
51,0.078125
51,0.0390625
51,0.01953125
51,0.009765625
51,0.004882813
51,0.002441406
51,0.001220703
51,0.0006103516
51,0.0003051758
51,0.0001525879
51,7.629395E-05
51,3.814697E-05
51,1.907349E-05
51,9.536743E-06
51,4.768372E-06
51,2.384186E-06
51,1.192093E-06
51,5.960464E-07
51,2.980232E-07
51,1.490116E-07
51,7.450581E-08
51,3.72529E-08
51,1.862645E-08
51,9.313226E-09
51,4.656613E-09
51,2.328306E-09
51,1.164153E-09
51,5.820766E-10
51,2.910383E-10
51,1.455192E-10
51,7.275958E-11
51,3.637979E-11
51,1.818989E-11
51,9.094947E-12
51,4.547474E-12
51,2.273737E-12
51,1.136868E-12
51,5.684342E-13
51,2.842171E-13
51,1.421085E-13
51,7.105427E-14
51,3.552714E-14
51,1.776357E-14
51,8.881784E-15
51,4.440892E-15
51,2.220446E-15
51,1.110223E-15
51,5.551115E-16
51,2.775558E-16
51,1.387779E-16
51,6.938894E-17
51,3.469447E-17
51,1.734723E-17
51,8.673617E-18
51,4.336809E-18
51,2.168404E-18
51,1.084202E-18
51,5.421011E-19
51,2.710505E-19
51,1.355253E-19
51,6.776264E-20
51,3.388132E-20
51,1.694066E-20
51,8.470329E-21
51,4.235165E-21
51,2.117582E-21
51,1.058791E-21
51,5.293956E-22
51,2.646978E-22
51,1.323489E-22
51,6.617445E-23
51,3.308722E-23
51,1.654361E-23
51,8.271806E-24
51,4.135903E-24
51,2.067952E-24
51,1.033976E-24
51,5.169879E-25
51,2.584939E-25
51,1.29247E-25
51,6.462349E-26
51,3.231174E-26
51,1.615587E-26
51,8.077936E-27
51,4.038968E-27
51,2.019484E-27
51,1.009742E-27
51,5.04871E-28
51,2.524355E-28
51,1.262177E-28
51,6.310887E-29
51,3.155444E-29
51,1.577722E-29
51,7.888609E-30
51,3.944305E-30
51,1.972152E-30
51,9.860761E-31
51,4.930381E-31
51,2.46519E-31
51,1.232595E-31
51,6.162976E-32
51,3.081488E-32
51,1.540744E-32
51,7.70372E-33
51,3.85186E-33
51,1.92593E-33
51,9.62965E-34
51,4.814825E-34
51,2.407412E-34
51,1.203706E-34
51,6.018531E-35
51,3.009266E-35
51,1.504633E-35
51,7.523164E-36
51,3.761582E-36
51,1.880791E-36
51,9.403955E-37
51,4.701977E-37
51,2.350989E-37
51,1.175494E-37
51,5.877472E-38
51,2.938736E-38
51,1.469368E-38
51,7.34684E-39
51,3.67342E-39
51,1.83671E-39
51,9.18355E-40
51,4.591775E-40
51,2.295887E-40
51,1.147944E-40
51,5.739719E-41
51,2.869859E-41
51,1.43493E-41
51,7.174648E-42
51,3.587324E-42
51,1.793662E-42
51,8.96831E-43
51,4.484155E-43
51,2.242078E-43
51,1.121039E-43
51,5.605194E-44
51,2.802597E-44
51,1.401298E-44
51,7.006492E-45
51,2.802597E-45
51,1.401298E-45
51,0
51,0
51,0
51,0
51,0
51,0
51,0
51,0
51,0
51,0
51,0
51,0
51,0
51,0
51,0
51,0
51,0
51,0
51,0
51,0
51,0
51,0
51,0
51,0
51,0
51,0
51,0
51,0
51,0
51,0
51,0
51,0
51,0
51,0
51,0
51,0
51,0
51,0
51,0
51,0
51,0
51,0
51,0
51,0
51,0
51,0
51,0
51,0
51,0
51,0
51,0
51,0
51,0
51,0
51,0
51,0
51,0
51,0
51,0
51,0
51,0
51,0
51,0
51,0
51,0
51,0
51,0
51,0
51,0
51,0
51,0
51,0
51,0
51,0
51,0
51,0
51,0
51,0
51,0
51,0
51,0
51,0
51,0
51,0
51,0
51,0
51,0
51,0
51,0
51,0
51,0
51,0
51,0
51,0
51,0
51,0
51,0
51,0
51,0
51,0
51,0
51,0
51,0
51,0
51,0
51,0
51,0
51,0
51,0
51,0
51,0
51,0
51,0
51,0
53,1
53,0.5
53,0.25
53,0.125
53,0.0625
53,0.03125
53,0.015625
53,0.0078125
53,0.00390625
53,0.001953125
53,0.0009765625
53,0.0004882813
53,0.0002441406
53,0.0001220703
53,6.103516E-05
53,3.051758E-05
53,1.525879E-05
53,7.629395E-06
53,3.814697E-06
53,1.907349E-06
53,9.536743E-07
53,4.768372E-07
53,2.384186E-07
53,1.192093E-07
53,5.960464E-08
53,2.980232E-08
53,1.490116E-08
53,7.450581E-09
53,3.72529E-09
53,1.862645E-09
53,9.313226E-10
53,4.656613E-10
53,2.328306E-10
53,1.164153E-10
53,5.820766E-11
53,2.910383E-11
53,1.455192E-11
53,7.275958E-12
53,3.637979E-12
53,1.818989E-12
53,9.094947E-13
53,4.547474E-13
53,2.273737E-13
53,1.136868E-13
53,5.684342E-14
53,2.842171E-14
53,1.421085E-14
53,7.105427E-15
53,3.552714E-15
53,1.776357E-15
53,8.881784E-16
53,4.440892E-16
53,2.220446E-16
53,1.110223E-16
53,5.551115E-17
53,2.775558E-17
53,1.387779E-17
53,6.938894E-18
53,3.469447E-18
53,1.734723E-18
53,8.673617E-19
53,4.336809E-19
53,2.168404E-19
53,1.084202E-19
53,5.421011E-20
53,2.710505E-20
53,1.355253E-20
53,6.776264E-21
53,3.388132E-21
53,1.694066E-21
53,8.470329E-22
53,4.235165E-22
53,2.117582E-22
53,1.058791E-22
53,5.293956E-23
53,2.646978E-23
53,1.323489E-23
53,6.617445E-24
53,3.308722E-24
53,1.654361E-24
53,8.271806E-25
53,4.135903E-25
53,2.067952E-25
53,1.033976E-25
53,5.169879E-26
53,2.584939E-26
53,1.29247E-26
53,6.462349E-27
53,3.231174E-27
53,1.615587E-27
53,8.077936E-28
53,4.038968E-28
53,2.019484E-28
53,1.009742E-28
53,5.04871E-29
53,2.524355E-29
53,1.262177E-29
53,6.310887E-30
53,3.155444E-30
53,1.577722E-30
53,7.888609E-31
53,3.944305E-31
53,1.972152E-31
53,9.860761E-32
53,4.930381E-32
53,2.46519E-32
53,1.232595E-32
53,6.162976E-33
53,3.081488E-33
53,1.540744E-33
53,7.70372E-34
53,3.85186E-34
53,1.92593E-34
53,9.62965E-35
53,4.814825E-35
53,2.407412E-35
53,1.203706E-35
53,6.018531E-36
53,3.009266E-36
53,1.504633E-36
53,7.523164E-37
53,3.761582E-37
53,1.880791E-37
53,9.403955E-38
53,4.701977E-38
53,2.350989E-38
53,1.175494E-38
53,5.877472E-39
53,2.938736E-39
53,1.469368E-39
53,7.34684E-40
53,3.67342E-40
53,1.83671E-40
53,9.18355E-41
53,4.591775E-41
53,2.295887E-41
53,1.147944E-41
53,5.739719E-42
53,2.869859E-42
53,1.43493E-42
53,7.174648E-43
53,3.587324E-43
53,1.793662E-43
53,8.96831E-44
53,4.484155E-44
53,2.242078E-44
53,1.121039E-44
53,5.605194E-45
53,2.802597E-45
53,1.401298E-45
53,0
53,0
53,0
53,0
53,0
53,0
53,0
53,0
53,0
53,0
53,0
53,0
53,0
53,0
53,0
53,0
53,0
53,0
53,0
53,0
53,0
53,0
53,0
53,0
53,0
53,0
53,0
53,0
53,0
53,0
53,0
53,0
53,0
53,0
53,0
53,0
53,0
53,0
53,0
53,0
53,0
53,0
53,0
53,0
53,0
53,0
53,0
53,0
53,0
53,0
53,0
53,0
53,0
53,0
53,0
53,0
53,0
53,0
53,0
53,0
53,0
53,0
53,0
53,0
53,0
53,0
53,0
53,0
53,0
53,0
53,0
53,0
53,0
53,0
53,0
53,0
53,0
53,0
53,0
53,0
53,0
53,0
54,0.5
54,0.25
54,0.125
54,0.0625
54,0.03125
54,0.015625
54,0.0078125
54,0.00390625
54,0.001953125
54,0.0009765625
54,0.0004882813
54,0.0002441406
54,0.0001220703
54,6.103516E-05
54,3.051758E-05
54,1.525879E-05
54,7.629395E-06
54,3.814697E-06
54,1.907349E-06
54,9.536743E-07
54,4.768372E-07
54,2.384186E-07
54,1.192093E-07
54,5.960464E-08
54,2.980232E-08
54,1.490116E-08
54,7.450581E-09
54,3.72529E-09
54,1.862645E-09
54,9.313226E-10
54,4.656613E-10
54,2.328306E-10
54,1.164153E-10
54,5.820766E-11
54,2.910383E-11
54,1.455192E-11
54,7.275958E-12
54,3.637979E-12
54,1.818989E-12
54,9.094947E-13
54,4.547474E-13
54,2.273737E-13
54,1.136868E-13
54,5.684342E-14
54,2.842171E-14
54,1.421085E-14
54,7.105427E-15
54,3.552714E-15
54,1.776357E-15
54,8.881784E-16
54,4.440892E-16
54,2.220446E-16
54,1.110223E-16
54,5.551115E-17
54,2.775558E-17
54,1.387779E-17
54,6.938894E-18
54,3.469447E-18
54,1.734723E-18
54,8.673617E-19
54,4.336809E-19
54,2.168404E-19
54,1.084202E-19
54,5.421011E-20
54,2.710505E-20
54,1.355253E-20
54,6.776264E-21
54,3.388132E-21
54,1.694066E-21
54,8.470329E-22
54,4.235165E-22
54,2.117582E-22
54,1.058791E-22
54,5.293956E-23
54,2.646978E-23
54,1.323489E-23
54,6.617445E-24
54,3.308722E-24
54,1.654361E-24
54,8.271806E-25
54,4.135903E-25
54,2.067952E-25
54,1.033976E-25
54,5.169879E-26
54,2.584939E-26
54,1.29247E-26
54,6.462349E-27
54,3.231174E-27
54,1.615587E-27
54,8.077936E-28
54,4.038968E-28
54,2.019484E-28
54,1.009742E-28
54,5.04871E-29
54,2.524355E-29
54,1.262177E-29
54,6.310887E-30
54,3.155444E-30
54,1.577722E-30
54,7.888609E-31
54,3.944305E-31
54,1.972152E-31
54,9.860761E-32
54,4.930381E-32
54,2.46519E-32
54,1.232595E-32
54,6.162976E-33
54,3.081488E-33
54,1.540744E-33
54,7.70372E-34
54,3.85186E-34
54,1.92593E-34
54,9.62965E-35
54,4.814825E-35
54,2.407412E-35
54,1.203706E-35
54,6.018531E-36
54,3.009266E-36
54,1.504633E-36
54,7.523164E-37
54,3.761582E-37
54,1.880791E-37
54,9.403955E-38
54,4.701977E-38
54,2.350989E-38
54,1.175494E-38
54,5.877472E-39
54,2.938736E-39
54,1.469368E-39
54,7.34684E-40
54,3.67342E-40
54,1.83671E-40
54,9.18355E-41
54,4.591775E-41
54,2.295887E-41
54,1.147944E-41
54,5.739719E-42
54,2.869859E-42
54,1.43493E-42
54,7.174648E-43
54,3.587324E-43
54,1.793662E-43
54,8.96831E-44
54,4.484155E-44
54,2.242078E-44
54,1.121039E-44
54,5.605194E-45
54,2.802597E-45
54,1.401298E-45
54,0
54,0
54,0
54,0
54,0
54,0
54,0
54,0
54,0
54,0
54,0
54,0
54,0
54,0
54,0
54,0
54,0
54,0
54,0
54,0
54,0
54,0
54,0
54,0
54,0
54,0
54,0
54,0
54,0
54,0
54,0
54,0
54,0
54,0
54,0
54,0
54,0
54,0
54,0
54,0
54,0
54,0
54,0
54,0
54,0
54,0
54,0
54,0
54,0
54,0
54,0
54,0
54,0
54,0
54,0
54,0
54,0
54,0
54,0
54,0
54,0
54,0
54,0
54,0
54,0
54,0
54,0
54,0
50,2
50,1
50,0.5
50,0.25
50,0.125
50,0.0625
50,0.03125
50,0.015625
50,0.0078125
50,0.00390625
50,0.001953125
50,0.0009765625
50,0.0004882813
50,0.0002441406
50,0.0001220703
50,6.103516E-05
50,3.051758E-05
50,1.525879E-05
50,7.629395E-06
50,3.814697E-06
50,1.907349E-06
50,9.536743E-07
50,4.768372E-07
50,2.384186E-07
50,1.192093E-07
50,5.960464E-08
50,2.980232E-08
50,1.490116E-08
50,7.450581E-09
50,3.72529E-09
50,1.862645E-09
50,9.313226E-10
50,4.656613E-10
50,2.328306E-10
50,1.164153E-10
50,5.820766E-11
50,2.910383E-11
50,1.455192E-11
50,7.275958E-12
50,3.637979E-12
50,1.818989E-12
50,9.094947E-13
50,4.547474E-13
50,2.273737E-13
50,1.136868E-13
50,5.684342E-14
50,2.842171E-14
50,1.421085E-14
50,7.105427E-15
50,3.552714E-15
50,1.776357E-15
50,8.881784E-16
50,4.440892E-16
50,2.220446E-16
50,1.110223E-16
50,5.551115E-17
50,2.775558E-17
50,1.387779E-17
50,6.938894E-18
50,3.469447E-18
50,1.734723E-18
50,8.673617E-19
50,4.336809E-19
50,2.168404E-19
50,1.084202E-19
50,5.421011E-20
50,2.710505E-20
50,1.355253E-20
50,6.776264E-21
50,3.388132E-21
50,1.694066E-21
50,8.470329E-22
50,4.235165E-22
50,2.117582E-22
50,1.058791E-22
50,5.293956E-23
50,2.646978E-23
50,1.323489E-23
50,6.617445E-24
50,3.308722E-24
50,1.654361E-24
50,8.271806E-25
50,4.135903E-25
50,2.067952E-25
50,1.033976E-25
50,5.169879E-26
50,2.584939E-26
50,1.29247E-26
50,6.462349E-27
50,3.231174E-27
50,1.615587E-27
50,8.077936E-28
50,4.038968E-28
50,2.019484E-28
50,1.009742E-28
50,5.04871E-29
50,2.524355E-29
50,1.262177E-29
50,6.310887E-30
50,3.155444E-30
50,1.577722E-30
50,7.888609E-31
50,3.944305E-31
50,1.972152E-31
50,9.860761E-32
50,4.930381E-32
50,2.46519E-32
50,1.232595E-32
50,6.162976E-33
50,3.081488E-33
50,1.540744E-33
50,7.70372E-34
50,3.85186E-34
50,1.92593E-34
50,9.62965E-35
50,4.814825E-35
50,2.407412E-35
50,1.203706E-35
50,6.018531E-36
50,3.009266E-36
50,1.504633E-36
50,7.523164E-37
50,3.761582E-37
50,1.880791E-37
50,9.403955E-38
50,4.701977E-38
50,2.350989E-38
50,1.175494E-38
50,5.877472E-39
50,2.938736E-39
50,1.469368E-39
50,7.34684E-40
50,3.67342E-40
50,1.83671E-40
50,9.18355E-41
50,4.591775E-41
50,2.295887E-41
50,1.147944E-41
50,5.739719E-42
50,2.869859E-42
50,1.43493E-42
50,7.174648E-43
50,3.587324E-43
50,1.793662E-43
50,8.96831E-44
50,4.484155E-44
50,2.242078E-44
50,1.121039E-44
50,5.605194E-45
50,2.802597E-45
50,1.401298E-45
50,0
50,0
50,0
50,0
50,0
50,0
50,0
50,0
50,0
50,0
50,0
50,0
50,0
50,0
50,0
50,0
50,0
50,0
50,0
50,0
50,0
50,0
50,0
50,0
50,0
50,0
50,0
50,0
50,0
50,0
50,0
50,0
50,0
50,0
50,0
50,0
50,0
50,0
50,0
50,0
50,0
50,0
50,0
50,0
50,0
50,0
50,0
50,0
50,0
50,0
50,0
50,0
50,0
50,0
50,0
50,0
50,0
50,0
50,0
50,0
50,0
50,0
50,0
50,0
50,0
50,0
50,0
50,0
50,0
50,0
50,0
50,0
50,0
50,0
50,0
50,0
50,0
50,0
50,0
50,0
50,0
50,0
50,0
50,0
50,0
50,0
50,0
50,0
50,0
50,0
50,0
50,0
50,0
50,0
50,0
50,0
50,0
50,0
50,0
50,0
50,0
50,0
50,0
50,0
50,0
50,0
50,0
50,0
50,0
50,0
50,0
50,0
50,0
50,0
50,0
50,0
50,0
50,0
50,0
50,0
50,0
50,0
50,0
50,0
50,0
50,0
50,0
50,0
50,0
50,0
50,0
50,0
50,0
50,0
50,0
50,0
59,4.5
59,2.25
59,1.125
59,0.5625
59,0.28125
59,0.140625
59,0.0703125
59,0.03515625
59,0.01757813
59,0.008789063
59,0.004394531
59,0.002197266
59,0.001098633
59,0.0005493164
59,0.0002746582
59,0.0001373291
59,6.866455E-05
59,3.433228E-05
59,1.716614E-05
59,8.583069E-06
59,4.291534E-06
59,2.145767E-06
59,1.072884E-06
59,5.364418E-07
59,2.682209E-07
59,1.341105E-07
59,6.705523E-08
59,3.352761E-08
59,1.676381E-08
59,8.381903E-09
59,4.190952E-09
59,2.095476E-09
59,1.047738E-09
59,5.238689E-10
59,2.619345E-10
59,1.309672E-10
59,6.548362E-11
59,3.274181E-11
59,1.63709E-11
59,8.185452E-12
59,4.092726E-12
59,2.046363E-12
59,1.023182E-12
59,5.115908E-13
59,2.557954E-13
59,1.278977E-13
59,6.394885E-14
59,3.197442E-14
59,1.598721E-14
59,7.993606E-15
59,3.996803E-15
59,1.998401E-15
59,9.992007E-16
59,4.996004E-16
59,2.498002E-16
59,1.249001E-16
59,6.245005E-17
59,3.122502E-17
59,1.561251E-17
59,7.806256E-18
59,3.903128E-18
59,1.951564E-18
59,9.75782E-19
59,4.87891E-19
59,2.439455E-19
59,1.219727E-19
59,6.098637E-20
59,3.049319E-20
59,1.524659E-20
59,7.623297E-21
59,3.811648E-21
59,1.905824E-21
59,9.529121E-22
59,4.76456E-22
59,2.38228E-22
59,1.19114E-22
59,5.9557E-23
59,2.97785E-23
59,1.488925E-23
59,7.444626E-24
59,3.722313E-24
59,1.861156E-24
59,9.305782E-25
59,4.652891E-25
59,2.326445E-25
59,1.163223E-25
59,5.816114E-26
59,2.908057E-26
59,1.454028E-26
59,7.270142E-27
59,3.635071E-27
59,1.817536E-27
59,9.087678E-28
59,4.543839E-28
59,2.271919E-28
59,1.13596E-28
59,5.679799E-29
59,2.839899E-29
59,1.41995E-29
59,7.099748E-30
59,3.549874E-30
59,1.774937E-30
59,8.874685E-31
59,4.437343E-31
59,2.218671E-31
59,1.109336E-31
59,5.546678E-32
59,2.773339E-32
59,1.38667E-32
59,6.933348E-33
59,3.466674E-33
59,1.733337E-33
59,8.666685E-34
59,4.333342E-34
59,2.166671E-34
59,1.083336E-34
59,5.416678E-35
59,2.708339E-35
59,1.354169E-35
59,6.770847E-36
59,3.385424E-36
59,1.692712E-36
59,8.463559E-37
59,4.23178E-37
59,2.11589E-37
59,1.057945E-37
59,5.289725E-38
59,2.644862E-38
59,1.322431E-38
59,6.612156E-39
59,3.306078E-39
59,1.653039E-39
59,8.265195E-40
59,4.132597E-40
59,2.066299E-40
59,1.033149E-40
59,5.165747E-41
59,2.582873E-41
59,1.291437E-41
59,6.457183E-42
59,3.228592E-42
59,1.614296E-42
59,8.071479E-43
59,4.03574E-43
59,2.01787E-43
59,1.008935E-43
59,5.044674E-44
59,2.522337E-44
59,1.261169E-44
59,5.605194E-45
59,2.802597E-45
59,1.401298E-45
59,0
59,0
59,0
59,0
59,0
59,0
59,0
59,0
59,0
59,0
59,0
59,0
59,0
59,0
59,0
59,0
59,0
59,0
59,0
59,0
59,0
59,0
59,0
59,0
59,0
59,0
59,0
59,0
59,0
59,0
59,0
59,0
59,0
59,0
59,0
59,0
59,0
59,0
59,0
59,0
59,0
59,0
59,0
59,0
59,0
59,0
59,0
59,0
59,0
59,0
59,0
59,0
59,0
59,0
59,0
59,0
59,0
59,0
59,0
59,0
59,0
59,0
59,0
59,0
59,0
59,0
59,0
59,0
59,0
59,0
59,0
59,0
59,0
59,0
59,0
59,0
59,0
59,0
59,0
59,0
59,0
59,0
59,0
59,0
59,0
59,0
59,0
59,0
59,0
59,0
59,0
59,0
59,0
59,0
59,0
59,0
59,0
59,0
59,0
59,0
59,0
59,0
59,0
59,0
59,0
59,0
59,0
59,0
59,0
59,0
59,0
59,0
59,0
59,0
59,0
59,0
59,0
59,0
59,0
59,0
59,0
59,0
59,0
59,0
59,0
59,0
59,0
59,0
59,0
59,0
59,0
59,0
59,0
59,0
59,0
59,0
59,0
59,0
59,0
59,0
59,0
59,0
59,0
59,0
59,0
59,0
59,0
59,0
59,0
59,0
59,0
59,0
59,0
59,0
59,0
59,0
59,0
59,0
59,0
59,0
59,0
59,0
59,0
59,0
59,0
59,0
59,0
59,0
59,0
59,0
59,0
59,0
59,0
59,0
59,0
59,0
59,0
59,0
59,0
59,0
59,0
59,0
59,0
59,0
59,0
59,0
59,0
59,0
59,0
59,0
59,0
59,0
59,0
59,0
59,0
59,0
59,0
59,0
59,0
59,0
59,0
59,0
59,0
59,0
59,0
59,0
59,0
59,0
59,0
59,0
59,0
59,0
59,0
59,0
59,0
59,0
59,0
59,0
59,0
59,0
59,0
59,0
59,0
59,0
59,0
59,0
59,0
59,0
59,0
59,0
59,0
59,0
59,0
59,0
59,0
59,0
59,0
59,0
59,0
59,0
59,0
59,0
59,0
59,0
59,0
59,0
59,0
59,0
59,0
59,0
59,0
59,0
59,0
59,0
59,0
59,0
59,0
59,0
59,0
59,0
59,0
59,0
59,0
59,0
59,0
59,0
59,0
59,0
59,0
59,0
59,0
59,0
59,0
59,0
59,0
59,0
59,0
59,0
59,0
59,0
59,0
59,0
59,0
59,0
59,0
59,0
59,0
59,0
59,0
59,0
59,0
59,0
59,0
59,0
59,0
59,0
59,0
59,0
59,0
59,0
59,0
59,0
59,0
59,0
59,0
59,0
59,0
59,0
59,0
59,0
59,0
59,0
59,0
59,0
59,0
59,0
59,0
59,0
59,0
59,0
59,0
59,0
59,0
59,0
59,0
59,0
59,0
59,0
59,0
59,0
59,0
59,0
59,0
59,0
59,0
59,0
59,0
59,0
59,0
59,0
59,0
59,0
59,0
59,0
58,0.5
58,0.25
58,0.125
58,0.0625
58,0.03125
58,0.015625
58,0.0078125
58,0.00390625
58,0.001953125
58,0.0009765625
58,0.0004882813
58,0.0002441406
58,0.0001220703
58,6.103516E-05
58,3.051758E-05
58,1.525879E-05
58,7.629395E-06
58,3.814697E-06
58,1.907349E-06
58,9.536743E-07
58,4.768372E-07
58,2.384186E-07
58,1.192093E-07
58,5.960464E-08
58,2.980232E-08
58,1.490116E-08
58,7.450581E-09
58,3.72529E-09
58,1.862645E-09
58,9.313226E-10
58,4.656613E-10
58,2.328306E-10
58,1.164153E-10
58,5.820766E-11
58,2.910383E-11
58,1.455192E-11
58,7.275958E-12
58,3.637979E-12
58,1.818989E-12
58,9.094947E-13
58,4.547474E-13
58,2.273737E-13
58,1.136868E-13
58,5.684342E-14
58,2.842171E-14
58,1.421085E-14
58,7.105427E-15
58,3.552714E-15
58,1.776357E-15
58,8.881784E-16
58,4.440892E-16
58,2.220446E-16
58,1.110223E-16
58,5.551115E-17
58,2.775558E-17
58,1.387779E-17
58,6.938894E-18
58,3.469447E-18
58,1.734723E-18
58,8.673617E-19
58,4.336809E-19
58,2.168404E-19
58,1.084202E-19
58,5.421011E-20
58,2.710505E-20
58,1.355253E-20
58,6.776264E-21
58,3.388132E-21
58,1.694066E-21
58,8.470329E-22
58,4.235165E-22
58,2.117582E-22
58,1.058791E-22
58,5.293956E-23
58,2.646978E-23
58,1.323489E-23
58,6.617445E-24
58,3.308722E-24
58,1.654361E-24
58,8.271806E-25
58,4.135903E-25
58,2.067952E-25
58,1.033976E-25
58,5.169879E-26
58,2.584939E-26
58,1.29247E-26
58,6.462349E-27
58,3.231174E-27
58,1.615587E-27
58,8.077936E-28
58,4.038968E-28
58,2.019484E-28
58,1.009742E-28
58,5.04871E-29
58,2.524355E-29
58,1.262177E-29
58,6.310887E-30
58,3.155444E-30
58,1.577722E-30
58,7.888609E-31
58,3.944305E-31
58,1.972152E-31
58,9.860761E-32
58,4.930381E-32
58,2.46519E-32
58,1.232595E-32
58,6.162976E-33
58,3.081488E-33
58,1.540744E-33
58,7.70372E-34
58,3.85186E-34
58,1.92593E-34
58,9.62965E-35
58,4.814825E-35
58,2.407412E-35
58,1.203706E-35
58,6.018531E-36
58,3.009266E-36
58,1.504633E-36
58,7.523164E-37
58,3.761582E-37
58,1.880791E-37
58,9.403955E-38
58,4.701977E-38
58,2.350989E-38
58,1.175494E-38
58,5.877472E-39
58,2.938736E-39
58,1.469368E-39
58,7.34684E-40
58,3.67342E-40
58,1.83671E-40
58,9.18355E-41
58,4.591775E-41
58,2.295887E-41
58,1.147944E-41
58,5.739719E-42
58,2.869859E-42
58,1.43493E-42
58,7.174648E-43
58,3.587324E-43
58,1.793662E-43
58,8.96831E-44
58,4.484155E-44
58,2.242078E-44
58,1.121039E-44
58,5.605194E-45
58,2.802597E-45
58,1.401298E-45
58,0
58,0
58,0
58,0
58,0
58,0
58,0
58,0
58,0
58,0
58,0
58,0
58,0
58,0
58,0
58,0
58,0
58,0
58,0
58,0
58,0
58,0
58,0
58,0
58,0
58,0
58,0
58,0
58,0
58,0
58,0
58,0
58,0
58,0
58,0
58,0
58,0
58,0
58,0
58,0
58,0
58,0
58,0
58,0
58,0
58,0
58,0
58,0
58,0
58,0
58,0
58,0
58,0
58,0
58,0
58,0
58,0
58,0
58,0
58,0
58,0
58,0
58,0
58,0
58,0
58,0
58,0
58,0
58,0
58,0
58,0
58,0
58,0
58,0
58,0
58,0
58,0
58,0
58,0
58,0
58,0
58,0
58,0
58,0
58,0
58,0
58,0
58,0
58,0
58,0
58,0
58,0
58,0
58,0
58,0
58,0
58,0
58,0
58,0
58,0
58,0
58,0
58,0
58,0
58,0
58,0
58,0
58,0
58,0
58,0
58,0
58,0
58,0
58,0
58,0
58,0
58,0
58,0
58,0
58,0
58,0
58,0
58,0
58,0
58,0
58,0
58,0
58,0
58,0
58,0
58,0
58,0
58,0
58,0
58,0
58,0
58,0
58,0
58,0
58,0
58,0
58,0
58,0
58,0
58,0
58,0
58,0
58,0
58,0
58,0
58,0
58,0
58,0
58,0
58,0
58,0
58,0
58,0
58,0
58,0
58,0
58,0
58,0
58,0
58,0
58,0
58,0
58,0
58,0
58,0
58,0
58,0
58,0
58,0
58,0
58,0
58,0
58,0
58,0
58,0
58,0
58,0
58,0
58,0
58,0
58,0
58,0
58,0
58,0
58,0
58,0
58,0
58,0
58,0
58,0
58,0
58,0
58,0
58,0
58,0
58,0
58,0
58,0
58,0
58,0
58,0
58,0
58,0
58,0
58,0
58,0
58,0
58,0
58,0
58,0
58,0
58,0
58,0
58,0
58,0
58,0
58,0
58,0
58,0
58,0
58,0
58,0
58,0
58,0
58,0
58,0
58,0
58,0
58,0
58,0
58,0
58,0
58,0
58,0
58,0
58,0
58,0
58,0
58,0
58,0
58,0
58,0
58,0
58,0
58,0
58,0
58,0
58,0
58,0
58,0
58,0
58,0
58,0
58,0
58,0
58,0
58,0
58,0
58,0
58,0
58,0
58,0
58,0
58,0
58,0
58,0
58,0
58,0
58,0
58,0
58,0
58,0
58,0
58,0
58,0
58,0
58,0
58,0
58,0
58,0
58,0
58,0
58,0
58,0
58,0
58,0
58,0
58,0
58,0
58,0
58,0
58,0
58,0
58,0
58,0
58,0
58,0
58,0
58,0
58,0
58,0
58,0
58,0
58,0
58,0
58,0
58,0
58,0
58,0
58,0
58,0
58,0
58,0
58,0
58,0
58,0
58,0
58,0
58,0
58,0
58,0
58,0
58,0
58,0
58,0
58,0
58,0
58,0
58,0
58,0
58,0
58,0
58,0
58,0
58,0
58,0
58,0
58,0
58,0
58,0
58,0
58,0
58,0
58,0
58,0
58,0
58,0
58,0
58,0
58,0
58,0
58,0
63,2.5
63,1.25
63,0.625
63,0.3125
63,0.15625
63,0.078125
63,0.0390625
63,0.01953125
63,0.009765625
63,0.004882813
63,0.002441406
63,0.001220703
63,0.0006103516
63,0.0003051758
63,0.0001525879
63,7.629395E-05
63,3.814697E-05
63,1.907349E-05
63,9.536743E-06
63,4.768372E-06
63,2.384186E-06
63,1.192093E-06
63,5.960464E-07
63,2.980232E-07
63,1.490116E-07
63,7.450581E-08
63,3.72529E-08
63,1.862645E-08
63,9.313226E-09
63,4.656613E-09
63,2.328306E-09
63,1.164153E-09
63,5.820766E-10
63,2.910383E-10
63,1.455192E-10
63,7.275958E-11
63,3.637979E-11
63,1.818989E-11
63,9.094947E-12
63,4.547474E-12
63,2.273737E-12
63,1.136868E-12
63,5.684342E-13
63,2.842171E-13
63,1.421085E-13
63,7.105427E-14
63,3.552714E-14
63,1.776357E-14
63,8.881784E-15
63,4.440892E-15
63,2.220446E-15
63,1.110223E-15
63,5.551115E-16
63,2.775558E-16
63,1.387779E-16
63,6.938894E-17
63,3.469447E-17
63,1.734723E-17
63,8.673617E-18
63,4.336809E-18
63,2.168404E-18
63,1.084202E-18
63,5.421011E-19
63,2.710505E-19
63,1.355253E-19
63,6.776264E-20
63,3.388132E-20
63,1.694066E-20
63,8.470329E-21
63,4.235165E-21
63,2.117582E-21
63,1.058791E-21
63,5.293956E-22
63,2.646978E-22
63,1.323489E-22
63,6.617445E-23
63,3.308722E-23
63,1.654361E-23
63,8.271806E-24
63,4.135903E-24
63,2.067952E-24
63,1.033976E-24
63,5.169879E-25
63,2.584939E-25
63,1.29247E-25
63,6.462349E-26
63,3.231174E-26
63,1.615587E-26
63,8.077936E-27
63,4.038968E-27
63,2.019484E-27
63,1.009742E-27
63,5.04871E-28
63,2.524355E-28
63,1.262177E-28
63,6.310887E-29
63,3.155444E-29
63,1.577722E-29
63,7.888609E-30
63,3.944305E-30
63,1.972152E-30
63,9.860761E-31
63,4.930381E-31
63,2.46519E-31
63,1.232595E-31
63,6.162976E-32
63,3.081488E-32
63,1.540744E-32
63,7.70372E-33
63,3.85186E-33
63,1.92593E-33
63,9.62965E-34
63,4.814825E-34
63,2.407412E-34
63,1.203706E-34
63,6.018531E-35
63,3.009266E-35
63,1.504633E-35
63,7.523164E-36
63,3.761582E-36
63,1.880791E-36
63,9.403955E-37
63,4.701977E-37
63,2.350989E-37
63,1.175494E-37
63,5.877472E-38
63,2.938736E-38
63,1.469368E-38
63,7.34684E-39
63,3.67342E-39
63,1.83671E-39
63,9.18355E-40
63,4.591775E-40
63,2.295887E-40
63,1.147944E-40
63,5.739719E-41
63,2.869859E-41
63,1.43493E-41
63,7.174648E-42
63,3.587324E-42
63,1.793662E-42
63,8.96831E-43
63,4.484155E-43
63,2.242078E-43
63,1.121039E-43
63,5.605194E-44
63,2.802597E-44
63,1.401298E-44
63,7.006492E-45
63,2.802597E-45
63,1.401298E-45
63,0
63,0
63,0
63,0
63,0
63,0
63,0
63,0
63,0
63,0
63,0
63,0
63,0
63,0
63,0
63,0
63,0
63,0
63,0
63,0
63,0
63,0
63,0
63,0
63,0
63,0
63,0
63,0
63,0
63,0
63,0
63,0
63,0
63,0
63,0
63,0
63,0
63,0
63,0
63,0
63,0
63,0
63,0
63,0
63,0
63,0
63,0
63,0
63,0
63,0
63,0
63,0
63,0
63,0
63,0
63,0
63,0
63,0
63,0
63,0
63,0
63,0
63,0
63,0
63,0
63,0
63,0
63,0
63,0
63,0
63,0
63,0
63,0
63,0
63,0
63,0
63,0
63,0
63,0
63,0
63,0
63,0
63,0
63,0
63,0
63,0
63,0
63,0
63,0
63,0
63,0
63,0
63,0
63,0
63,0
63,0
63,0
63,0
63,0
63,0
63,0
63,0
63,0
63,0
63,0
63,0
63,0
63,0
63,0
63,0
63,0
63,0
63,0
63,0
63,0
63,0
63,0
63,0
63,0
63,0
63,0
63,0
63,0
63,0
63,0
63,0
63,0
63,0
63,0
63,0
63,0
63,0
63,0
63,0
63,0
63,0
63,0
63,0
61,1
61,0.5
61,0.25
61,0.125
61,0.0625
61,0.03125
61,0.015625
61,0.0078125
61,0.00390625
61,0.001953125
61,0.0009765625
61,0.0004882813
61,0.0002441406
61,0.0001220703
61,6.103516E-05
61,3.051758E-05
61,1.525879E-05
61,7.629395E-06
61,3.814697E-06
61,1.907349E-06
61,9.536743E-07
61,4.768372E-07
61,2.384186E-07
61,1.192093E-07
61,5.960464E-08
61,2.980232E-08
61,1.490116E-08
61,7.450581E-09
61,3.72529E-09
61,1.862645E-09
61,9.313226E-10
61,4.656613E-10
61,2.328306E-10
61,1.164153E-10
61,5.820766E-11
61,2.910383E-11
61,1.455192E-11
61,7.275958E-12
61,3.637979E-12
61,1.818989E-12
61,9.094947E-13
61,4.547474E-13
61,2.273737E-13
61,1.136868E-13
61,5.684342E-14
61,2.842171E-14
61,1.421085E-14
61,7.105427E-15
61,3.552714E-15
61,1.776357E-15
61,8.881784E-16
61,4.440892E-16
61,2.220446E-16
61,1.110223E-16
61,5.551115E-17
61,2.775558E-17
61,1.387779E-17
61,6.938894E-18
61,3.469447E-18
61,1.734723E-18
61,8.673617E-19
61,4.336809E-19
61,2.168404E-19
61,1.084202E-19
61,5.421011E-20
61,2.710505E-20
61,1.355253E-20
61,6.776264E-21
61,3.388132E-21
61,1.694066E-21
61,8.470329E-22
61,4.235165E-22
61,2.117582E-22
61,1.058791E-22
61,5.293956E-23
61,2.646978E-23
61,1.323489E-23
61,6.617445E-24
61,3.308722E-24
61,1.654361E-24
61,8.271806E-25
61,4.135903E-25
61,2.067952E-25
61,1.033976E-25
61,5.169879E-26
61,2.584939E-26
61,1.29247E-26
61,6.462349E-27
61,3.231174E-27
61,1.615587E-27
61,8.077936E-28
61,4.038968E-28
61,2.019484E-28
61,1.009742E-28
61,5.04871E-29
61,2.524355E-29
61,1.262177E-29
61,6.310887E-30
61,3.155444E-30
61,1.577722E-30
61,7.888609E-31
61,3.944305E-31
61,1.972152E-31
61,9.860761E-32
61,4.930381E-32
61,2.46519E-32
61,1.232595E-32
61,6.162976E-33
61,3.081488E-33
61,1.540744E-33
61,7.70372E-34
61,3.85186E-34
61,1.92593E-34
61,9.62965E-35
61,4.814825E-35
61,2.407412E-35
61,1.203706E-35
61,6.018531E-36
61,3.009266E-36
61,1.504633E-36
61,7.523164E-37
61,3.761582E-37
61,1.880791E-37
61,9.403955E-38
61,4.701977E-38
61,2.350989E-38
61,1.175494E-38
61,5.877472E-39
61,2.938736E-39
61,1.469368E-39
61,7.34684E-40
61,3.67342E-40
61,1.83671E-40
61,9.18355E-41
61,4.591775E-41
61,2.295887E-41
61,1.147944E-41
61,5.739719E-42
61,2.869859E-42
61,1.43493E-42
61,7.174648E-43
61,3.587324E-43
61,1.793662E-43
61,8.96831E-44
61,4.484155E-44
61,2.242078E-44
61,1.121039E-44
61,5.605194E-45
61,2.802597E-45
61,1.401298E-45
61,0
61,0
61,0
61,0
61,0
61,0
61,0
61,0
61,0
61,0
61,0
61,0
61,0
61,0
61,0
61,0
61,0
61,0
61,0
61,0
61,0
61,0
61,0
61,0
61,0
61,0
61,0
61,0
61,0
61,0
61,0
61,0
61,0
61,0
61,0
61,0
61,0
61,0
61,0
61,0
61,0
61,0
61,0
61,0
61,0
61,0
61,0
61,0
61,0
61,0
61,0
61,0
61,0
61,0
61,0
61,0
61,0
61,0
61,0
61,0
61,0
61,0
61,0
61,0
61,0
61,0
61,0
61,0
61,0
61,0
61,0
61,0
61,0
61,0
61,0
61,0
61,0
61,0
60,0.5
60,0.25
60,0.125
60,0.0625
60,0.03125
60,0.015625
60,0.0078125
60,0.00390625
60,0.001953125
60,0.0009765625
60,0.0004882813
60,0.0002441406
60,0.0001220703
60,6.103516E-05
60,3.051758E-05
60,1.525879E-05
60,7.629395E-06
60,3.814697E-06
60,1.907349E-06
60,9.536743E-07
60,4.768372E-07
60,2.384186E-07
60,1.192093E-07
60,5.960464E-08
60,2.980232E-08
60,1.490116E-08
60,7.450581E-09
60,3.72529E-09
60,1.862645E-09
60,9.313226E-10
60,4.656613E-10
60,2.328306E-10
60,1.164153E-10
60,5.820766E-11
60,2.910383E-11
60,1.455192E-11
60,7.275958E-12
60,3.637979E-12
60,1.818989E-12
60,9.094947E-13
60,4.547474E-13
60,2.273737E-13
60,1.136868E-13
60,5.684342E-14
60,2.842171E-14
60,1.421085E-14
60,7.105427E-15
60,3.552714E-15
60,1.776357E-15
60,8.881784E-16
60,4.440892E-16
60,2.220446E-16
60,1.110223E-16
60,5.551115E-17
60,2.775558E-17
60,1.387779E-17
60,6.938894E-18
60,3.469447E-18
60,1.734723E-18
60,8.673617E-19
60,4.336809E-19
60,2.168404E-19
60,1.084202E-19
60,5.421011E-20
60,2.710505E-20
60,1.355253E-20
60,6.776264E-21
60,3.388132E-21
60,1.694066E-21
60,8.470329E-22
60,4.235165E-22
60,2.117582E-22
60,1.058791E-22
60,5.293956E-23
60,2.646978E-23
60,1.323489E-23
60,6.617445E-24
60,3.308722E-24
60,1.654361E-24
60,8.271806E-25
60,4.135903E-25
60,2.067952E-25
60,1.033976E-25
60,5.169879E-26
60,2.584939E-26
60,1.29247E-26
60,6.462349E-27
60,3.231174E-27
60,1.615587E-27
60,8.077936E-28
60,4.038968E-28
60,2.019484E-28
60,1.009742E-28
60,5.04871E-29
60,2.524355E-29
60,1.262177E-29
60,6.310887E-30
60,3.155444E-30
60,1.577722E-30
60,7.888609E-31
60,3.944305E-31
60,1.972152E-31
60,9.860761E-32
60,4.930381E-32
60,2.46519E-32
60,1.232595E-32
60,6.162976E-33
60,3.081488E-33
60,1.540744E-33
60,7.70372E-34
60,3.85186E-34
60,1.92593E-34
60,9.62965E-35
60,4.814825E-35
60,2.407412E-35
60,1.203706E-35
60,6.018531E-36
60,3.009266E-36
60,1.504633E-36
60,7.523164E-37
60,3.761582E-37
60,1.880791E-37
60,9.403955E-38
60,4.701977E-38
60,2.350989E-38
60,1.175494E-38
60,5.877472E-39
60,2.938736E-39
60,1.469368E-39
60,7.34684E-40
60,3.67342E-40
60,1.83671E-40
60,9.18355E-41
60,4.591775E-41
60,2.295887E-41
60,1.147944E-41
60,5.739719E-42
60,2.869859E-42
60,1.43493E-42
60,7.174648E-43
60,3.587324E-43
60,1.793662E-43
60,8.96831E-44
60,4.484155E-44
60,2.242078E-44
60,1.121039E-44
60,5.605194E-45
60,2.802597E-45
60,1.401298E-45
60,0
60,0
60,0
60,0
60,0
60,0
60,0
60,0
60,0
60,0
60,0
60,0
60,0
60,0
60,0
60,0
60,0
60,0
60,0
60,0
60,0
60,0
60,0
60,0
60,0
60,0
60,0
60,0
60,0
60,0
60,0
60,0
60,0
60,0
60,0
60,0
60,0
60,0
60,0
60,0
60,0
60,0
60,0
60,0
60,0
60,0
60,0
60,0
60,0
60,0
60,0
60,0
60,0
60,0
60,0
60,0
60,0
60,0
60,0
60,0
60,0
60,0
60,0
60,0
60,0
60,0
60,0
60,0
60,0
60,0
60,0
60,0
60,0
60,0
60,0
60,0
60,0
60,0
60,0
60,0
60,0
59,0.5
59,0.25
59,0.125
59,0.0625
59,0.03125
59,0.015625
59,0.0078125
59,0.00390625
59,0.001953125
59,0.0009765625
59,0.0004882813
59,0.0002441406
59,0.0001220703
59,6.103516E-05
59,3.051758E-05
59,1.525879E-05
59,7.629395E-06
59,3.814697E-06
59,1.907349E-06
59,9.536743E-07
59,4.768372E-07
59,2.384186E-07
59,1.192093E-07
59,5.960464E-08
59,2.980232E-08
59,1.490116E-08
59,7.450581E-09
59,3.72529E-09
59,1.862645E-09
59,9.313226E-10
59,4.656613E-10
59,2.328306E-10
59,1.164153E-10
59,5.820766E-11
59,2.910383E-11
59,1.455192E-11
59,7.275958E-12
59,3.637979E-12
59,1.818989E-12
59,9.094947E-13
59,4.547474E-13
59,2.273737E-13
59,1.136868E-13
59,5.684342E-14
59,2.842171E-14
59,1.421085E-14
59,7.105427E-15
59,3.552714E-15
59,1.776357E-15
59,8.881784E-16
59,4.440892E-16
59,2.220446E-16
59,1.110223E-16
59,5.551115E-17
59,2.775558E-17
59,1.387779E-17
59,6.938894E-18
59,3.469447E-18
59,1.734723E-18
59,8.673617E-19
59,4.336809E-19
59,2.168404E-19
59,1.084202E-19
59,5.421011E-20
59,2.710505E-20
59,1.355253E-20
59,6.776264E-21
59,3.388132E-21
59,1.694066E-21
59,8.470329E-22
59,4.235165E-22
59,2.117582E-22
59,1.058791E-22
59,5.293956E-23
59,2.646978E-23
59,1.323489E-23
59,6.617445E-24
59,3.308722E-24
59,1.654361E-24
59,8.271806E-25
59,4.135903E-25
59,2.067952E-25
59,1.033976E-25
59,5.169879E-26
59,2.584939E-26
59,1.29247E-26
59,6.462349E-27
59,3.231174E-27
59,1.615587E-27
59,8.077936E-28
59,4.038968E-28
59,2.019484E-28
59,1.009742E-28
59,5.04871E-29
59,2.524355E-29
59,1.262177E-29
59,6.310887E-30
59,3.155444E-30
59,1.577722E-30
59,7.888609E-31
59,3.944305E-31
59,1.972152E-31
59,9.860761E-32
59,4.930381E-32
59,2.46519E-32
59,1.232595E-32
59,6.162976E-33
59,3.081488E-33
59,1.540744E-33
59,7.70372E-34
59,3.85186E-34
59,1.92593E-34
59,9.62965E-35
59,4.814825E-35
59,2.407412E-35
59,1.203706E-35
59,6.018531E-36
59,3.009266E-36
59,1.504633E-36
59,7.523164E-37
59,3.761582E-37
59,1.880791E-37
59,9.403955E-38
59,4.701977E-38
59,2.350989E-38
59,1.175494E-38
59,5.877472E-39
59,2.938736E-39
59,1.469368E-39
59,7.34684E-40
59,3.67342E-40
59,1.83671E-40
59,9.18355E-41
59,4.591775E-41
59,2.295887E-41
59,1.147944E-41
59,5.739719E-42
59,2.869859E-42
59,1.43493E-42
59,7.174648E-43
59,3.587324E-43
59,1.793662E-43
59,8.96831E-44
59,4.484155E-44
59,2.242078E-44
59,1.121039E-44
59,5.605194E-45
59,2.802597E-45
59,1.401298E-45
59,0
59,0
59,0
59,0
59,0
59,0
59,0
59,0
59,0
59,0
59,0
59,0
59,0
59,0
59,0
59,0
59,0
59,0
59,0
59,0
59,0
59,0
59,0
59,0
59,0
59,0
59,0
59,0
59,0
59,0
59,0
59,0
59,0
59,0
59,0
59,0
59,0
59,0
59,0
59,0
59,0
59,0
59,0
59,0
59,0
59,0
59,0
59,0
59,0
59,0
59,0
59,0
59,0
59,0
59,0
59,0
59,0
59,0
59,0
59,0
59,0
59,0
59,0
59,0
59,0
59,0
59,0
59,0
59,0
59,0
59,0
59,0
59,0
59,0
59,0
59,0
59,0
59,0
59,0
59,0
59,0
59,0
59,0
65,3
65,1.5
65,0.75
65,0.375
65,0.1875
65,0.09375
65,0.046875
65,0.0234375
65,0.01171875
65,0.005859375
65,0.002929688
65,0.001464844
65,0.0007324219
65,0.0003662109
65,0.0001831055
65,9.155273E-05
65,4.577637E-05
65,2.288818E-05
65,1.144409E-05
65,5.722046E-06
65,2.861023E-06
65,1.430511E-06
65,7.152557E-07
65,3.576279E-07
65,1.788139E-07
65,8.940697E-08
65,4.470348E-08
65,2.235174E-08
65,1.117587E-08
65,5.587935E-09
65,2.793968E-09
65,1.396984E-09
65,6.984919E-10
65,3.49246E-10
65,1.74623E-10
65,8.731149E-11
65,4.365575E-11
65,2.182787E-11
65,1.091394E-11
65,5.456968E-12
65,2.728484E-12
65,1.364242E-12
65,6.82121E-13
65,3.410605E-13
65,1.705303E-13
65,8.526513E-14
65,4.263256E-14
65,2.131628E-14
65,1.065814E-14
65,5.329071E-15
65,2.664535E-15
65,1.332268E-15
65,6.661338E-16
65,3.330669E-16
65,1.665335E-16
65,8.326673E-17
65,4.163336E-17
65,2.081668E-17
65,1.040834E-17
65,5.20417E-18
65,2.602085E-18
65,1.301043E-18
65,6.505213E-19
65,3.252607E-19
65,1.626303E-19
65,8.131516E-20
65,4.065758E-20
65,2.032879E-20
65,1.01644E-20
65,5.082198E-21
65,2.541099E-21
65,1.270549E-21
65,6.352747E-22
65,3.176374E-22
65,1.588187E-22
65,7.940934E-23
65,3.970467E-23
65,1.985233E-23
65,9.926167E-24
65,4.963084E-24
65,2.481542E-24
65,1.240771E-24
65,6.203855E-25
65,3.101927E-25
65,1.550964E-25
65,7.754818E-26
65,3.877409E-26
65,1.938705E-26
65,9.693523E-27
65,4.846761E-27
65,2.423381E-27
65,1.21169E-27
65,6.058452E-28
65,3.029226E-28
65,1.514613E-28
65,7.573065E-29
65,3.786532E-29
65,1.893266E-29
65,9.466331E-30
65,4.733165E-30
65,2.366583E-30
65,1.183291E-30
65,5.916457E-31
65,2.958228E-31
65,1.479114E-31
65,7.395571E-32
65,3.697785E-32
65,1.848893E-32
65,9.244464E-33
65,4.622232E-33
65,2.311116E-33
65,1.155558E-33
65,5.77779E-34
65,2.888895E-34
65,1.444447E-34
65,7.222237E-35
65,3.611119E-35
65,1.805559E-35
65,9.027797E-36
65,4.513898E-36
65,2.256949E-36
65,1.128475E-36
65,5.642373E-37
65,2.821186E-37
65,1.410593E-37
65,7.052966E-38
65,3.526483E-38
65,1.763242E-38
65,8.816208E-39
65,4.408104E-39
65,2.204052E-39
65,1.102026E-39
65,5.51013E-40
65,2.755065E-40
65,1.377532E-40
65,6.887662E-41
65,3.443831E-41
65,1.721916E-41
65,8.609578E-42
65,4.304789E-42
65,2.152394E-42
65,1.076197E-42
65,5.380986E-43
65,2.690493E-43
65,1.345247E-43
65,6.726233E-44
65,3.363116E-44
65,1.681558E-44
65,8.407791E-45
65,4.203895E-45
65,2.802597E-45
65,1.401298E-45
65,0
65,0
65,0
65,0
65,0
65,0
65,0
65,0
65,0
65,0
65,0
65,0
65,0
65,0
65,0
65,0
65,0
65,0
65,0
65,0
65,0
65,0
65,0
65,0
65,0
65,0
65,0
65,0
65,0
65,0
65,0
65,0
65,0
65,0
65,0
65,0
65,0
65,0
65,0
65,0
65,0
65,0
65,0
65,0
65,0
65,0
65,0
65,0
65,0
65,0
65,0
65,0
65,0
65,0
65,0
65,0
65,0
65,0
65,0
65,0
65,0
65,0
65,0
65,0
65,0
65,0
65,0
65,0
65,0
65,0
65,0
65,0
62,1.5
62,0.75
62,0.375
62,0.1875
62,0.09375
62,0.046875
62,0.0234375
62,0.01171875
62,0.005859375
62,0.002929688
62,0.001464844
62,0.0007324219
62,0.0003662109
62,0.0001831055
62,9.155273E-05
62,4.577637E-05
62,2.288818E-05
62,1.144409E-05
62,5.722046E-06
62,2.861023E-06
62,1.430511E-06
62,7.152557E-07
62,3.576279E-07
62,1.788139E-07
62,8.940697E-08
62,4.470348E-08
62,2.235174E-08
62,1.117587E-08
62,5.587935E-09
62,2.793968E-09
62,1.396984E-09
62,6.984919E-10
62,3.49246E-10
62,1.74623E-10
62,8.731149E-11
62,4.365575E-11
62,2.182787E-11
62,1.091394E-11
62,5.456968E-12
62,2.728484E-12
62,1.364242E-12
62,6.82121E-13
62,3.410605E-13
62,1.705303E-13
62,8.526513E-14
62,4.263256E-14
62,2.131628E-14
62,1.065814E-14
62,5.329071E-15
62,2.664535E-15
62,1.332268E-15
62,6.661338E-16
62,3.330669E-16
62,1.665335E-16
62,8.326673E-17
62,4.163336E-17
62,2.081668E-17
62,1.040834E-17
62,5.20417E-18
62,2.602085E-18
62,1.301043E-18
62,6.505213E-19
62,3.252607E-19
62,1.626303E-19
62,8.131516E-20
62,4.065758E-20
62,2.032879E-20
62,1.01644E-20
62,5.082198E-21
62,2.541099E-21
62,1.270549E-21
62,6.352747E-22
62,3.176374E-22
62,1.588187E-22
62,7.940934E-23
62,3.970467E-23
62,1.985233E-23
62,9.926167E-24
62,4.963084E-24
62,2.481542E-24
62,1.240771E-24
62,6.203855E-25
62,3.101927E-25
62,1.550964E-25
62,7.754818E-26
62,3.877409E-26
62,1.938705E-26
62,9.693523E-27
62,4.846761E-27
62,2.423381E-27
62,1.21169E-27
62,6.058452E-28
62,3.029226E-28
62,1.514613E-28
62,7.573065E-29
62,3.786532E-29
62,1.893266E-29
62,9.466331E-30
62,4.733165E-30
62,2.366583E-30
62,1.183291E-30
62,5.916457E-31
62,2.958228E-31
62,1.479114E-31
62,7.395571E-32
62,3.697785E-32
62,1.848893E-32
62,9.244464E-33
62,4.622232E-33
62,2.311116E-33
62,1.155558E-33
62,5.77779E-34
62,2.888895E-34
62,1.444447E-34
62,7.222237E-35
62,3.611119E-35
62,1.805559E-35
62,9.027797E-36
62,4.513898E-36
62,2.256949E-36
62,1.128475E-36
62,5.642373E-37
62,2.821186E-37
62,1.410593E-37
62,7.052966E-38
62,3.526483E-38
62,1.763242E-38
62,8.816208E-39
62,4.408104E-39
62,2.204052E-39
62,1.102026E-39
62,5.51013E-40
62,2.755065E-40
62,1.377532E-40
62,6.887662E-41
62,3.443831E-41
62,1.721916E-41
62,8.609578E-42
62,4.304789E-42
62,2.152394E-42
62,1.076197E-42
62,5.380986E-43
62,2.690493E-43
62,1.345247E-43
62,6.726233E-44
62,3.363116E-44
62,1.681558E-44
62,8.407791E-45
62,4.203895E-45
62,2.802597E-45
62,1.401298E-45
62,0
62,0
62,0
62,0
62,0
62,0
62,0
62,0
62,0
62,0
62,0
62,0
62,0
62,0
62,0
62,0
62,0
62,0
62,0
62,0
62,0
62,0
62,0
62,0
62,0
62,0
62,0
62,0
62,0
62,0
62,0
62,0
62,0
62,0
62,0
62,0
62,0
62,0
62,0
62,0
62,0
62,0
62,0
62,0
62,0
62,0
62,0
62,0
62,0
62,0
62,0
62,0
62,0
62,0
62,0
62,0
62,0
62,0
62,0
62,0
62,0
62,0
62,0
62,0
62,0
62,0
62,0
62,0
62,0
62,0
62,0
62,0
62,0
62,0
62,0
62,0
62,0
62,0
62,0
62,0
62,0
62,0
62,0
62,0
62,0
62,0
62,0
62,0
62,0
62,0
62,0
62,0
62,0
62,0
62,0
62,0
62,0
62,0
62,0
62,0
62,0
62,0
62,0
62,0
62,0
62,0
62,0
62,0
62,0
62,0
62,0
62,0
62,0
62,0
62,0
62,0
62,0
62,0
62,0
62,0
62,0
62,0
62,0
62,0
62,0
62,0
62,0
62,0
62,0
62,0
62,0
62,0
62,0
62,0
62,0
62,0
62,0
62,0
62,0
62,0
62,0
62,0
62,0
62,0
62,0
62,0
62,0
62,0
62,0
62,0
62,0
62,0
61,0.5
61,0.25
61,0.125
61,0.0625
61,0.03125
61,0.015625
61,0.0078125
61,0.00390625
61,0.001953125
61,0.0009765625
61,0.0004882813
61,0.0002441406
61,0.0001220703
61,6.103516E-05
61,3.051758E-05
61,1.525879E-05
61,7.629395E-06
61,3.814697E-06
61,1.907349E-06
61,9.536743E-07
61,4.768372E-07
61,2.384186E-07
61,1.192093E-07
61,5.960464E-08
61,2.980232E-08
61,1.490116E-08
61,7.450581E-09
61,3.72529E-09
61,1.862645E-09
61,9.313226E-10
61,4.656613E-10
61,2.328306E-10
61,1.164153E-10
61,5.820766E-11
61,2.910383E-11
61,1.455192E-11
61,7.275958E-12
61,3.637979E-12
61,1.818989E-12
61,9.094947E-13
61,4.547474E-13
61,2.273737E-13
61,1.136868E-13
61,5.684342E-14
61,2.842171E-14
61,1.421085E-14
61,7.105427E-15
61,3.552714E-15
61,1.776357E-15
61,8.881784E-16
61,4.440892E-16
61,2.220446E-16
61,1.110223E-16
61,5.551115E-17
61,2.775558E-17
61,1.387779E-17
61,6.938894E-18
61,3.469447E-18
61,1.734723E-18
61,8.673617E-19
61,4.336809E-19
61,2.168404E-19
61,1.084202E-19
61,5.421011E-20
61,2.710505E-20
61,1.355253E-20
61,6.776264E-21
61,3.388132E-21
61,1.694066E-21
61,8.470329E-22
61,4.235165E-22
61,2.117582E-22
61,1.058791E-22
61,5.293956E-23
61,2.646978E-23
61,1.323489E-23
61,6.617445E-24
61,3.308722E-24
61,1.654361E-24
61,8.271806E-25
61,4.135903E-25
61,2.067952E-25
61,1.033976E-25
61,5.169879E-26
61,2.584939E-26
61,1.29247E-26
61,6.462349E-27
61,3.231174E-27
61,1.615587E-27
61,8.077936E-28
61,4.038968E-28
61,2.019484E-28
61,1.009742E-28
61,5.04871E-29
61,2.524355E-29
61,1.262177E-29
61,6.310887E-30
61,3.155444E-30
61,1.577722E-30
61,7.888609E-31
61,3.944305E-31
61,1.972152E-31
61,9.860761E-32
61,4.930381E-32
61,2.46519E-32
61,1.232595E-32
61,6.162976E-33
61,3.081488E-33
61,1.540744E-33
61,7.70372E-34
61,3.85186E-34
61,1.92593E-34
61,9.62965E-35
61,4.814825E-35
61,2.407412E-35
61,1.203706E-35
61,6.018531E-36
61,3.009266E-36
61,1.504633E-36
61,7.523164E-37
61,3.761582E-37
61,1.880791E-37
61,9.403955E-38
61,4.701977E-38
61,2.350989E-38
61,1.175494E-38
61,5.877472E-39
61,2.938736E-39
61,1.469368E-39
61,7.34684E-40
61,3.67342E-40
61,1.83671E-40
61,9.18355E-41
61,4.591775E-41
61,2.295887E-41
61,1.147944E-41
61,5.739719E-42
61,2.869859E-42
61,1.43493E-42
61,7.174648E-43
61,3.587324E-43
61,1.793662E-43
61,8.96831E-44
61,4.484155E-44
61,2.242078E-44
61,1.121039E-44
61,5.605194E-45
61,2.802597E-45
61,1.401298E-45
61,0
61,0
61,0
61,0
61,0
61,0
61,0
61,0
61,0
61,0
61,0
61,0
61,0
61,0
61,0
61,0
61,0
61,0
61,0
61,0
61,0
61,0
61,0
61,0
61,0
61,0
61,0
61,0
61,0
61,0
61,0
61,0
61,0
61,0
61,0
61,0
61,0
61,0
61,0
61,0
61,0
61,0
61,0
61,0
61,0
61,0
61,0
61,0
61,0
61,0
61,0
61,0
61,0
61,0
61,0
61,0
61,0
61,0
61,0
61,0
61,0
61,0
61,0
61,0
61,0
61,0
61,0
61,0
61,0
61,0
61,0
61,0
61,0
61,0
61,0
61,0
61,0
61,0
61,0
61,0
61,0
61,0
61,0
61,0
61,0
61,0
61,0
61,0
61,0
61,0
61,0
61,0
61,0
61,0
61,0
61,0
61,0
61,0
61,0
61,0
61,0
61,0
61,0
61,0
61,0
61,0
61,0
61,0
61,0
61,0
61,0
61,0
61,0
61,0
61,0
61,0
61,0
61,0
61,0
61,0
61,0
61,0
61,0
61,0
61,0
61,0
61,0
61,0
61,0
61,0
61,0
61,0
61,0
61,0
61,0
61,0
61,0
61,0
61,0
61,0
61,0
61,0
61,0
61,0
61,0
61,0
61,0
59,1
59,0.5
59,0.25
59,0.125
59,0.0625
59,0.03125
59,0.015625
59,0.0078125
59,0.00390625
59,0.001953125
59,0.0009765625
59,0.0004882813
59,0.0002441406
59,0.0001220703
59,6.103516E-05
59,3.051758E-05
59,1.525879E-05
59,7.629395E-06
59,3.814697E-06
59,1.907349E-06
59,9.536743E-07
59,4.768372E-07
59,2.384186E-07
59,1.192093E-07
59,5.960464E-08
59,2.980232E-08
59,1.490116E-08
59,7.450581E-09
59,3.72529E-09
59,1.862645E-09
59,9.313226E-10
59,4.656613E-10
59,2.328306E-10
59,1.164153E-10
59,5.820766E-11
59,2.910383E-11
59,1.455192E-11
59,7.275958E-12
59,3.637979E-12
59,1.818989E-12
59,9.094947E-13
59,4.547474E-13
59,2.273737E-13
59,1.136868E-13
59,5.684342E-14
59,2.842171E-14
59,1.421085E-14
59,7.105427E-15
59,3.552714E-15
59,1.776357E-15
59,8.881784E-16
59,4.440892E-16
59,2.220446E-16
59,1.110223E-16
59,5.551115E-17
59,2.775558E-17
59,1.387779E-17
59,6.938894E-18
59,3.469447E-18
59,1.734723E-18
59,8.673617E-19
59,4.336809E-19
59,2.168404E-19
59,1.084202E-19
59,5.421011E-20
59,2.710505E-20
59,1.355253E-20
59,6.776264E-21
59,3.388132E-21
59,1.694066E-21
59,8.470329E-22
59,4.235165E-22
59,2.117582E-22
59,1.058791E-22
59,5.293956E-23
59,2.646978E-23
59,1.323489E-23
59,6.617445E-24
59,3.308722E-24
59,1.654361E-24
59,8.271806E-25
59,4.135903E-25
59,2.067952E-25
59,1.033976E-25
59,5.169879E-26
59,2.584939E-26
59,1.29247E-26
59,6.462349E-27
59,3.231174E-27
59,1.615587E-27
59,8.077936E-28
59,4.038968E-28
59,2.019484E-28
59,1.009742E-28
59,5.04871E-29
59,2.524355E-29
59,1.262177E-29
59,6.310887E-30
59,3.155444E-30
59,1.577722E-30
59,7.888609E-31
59,3.944305E-31
59,1.972152E-31
59,9.860761E-32
59,4.930381E-32
59,2.46519E-32
59,1.232595E-32
59,6.162976E-33
59,3.081488E-33
59,1.540744E-33
59,7.70372E-34
59,3.85186E-34
59,1.92593E-34
59,9.62965E-35
59,4.814825E-35
59,2.407412E-35
59,1.203706E-35
59,6.018531E-36
59,3.009266E-36
59,1.504633E-36
59,7.523164E-37
59,3.761582E-37
59,1.880791E-37
59,9.403955E-38
59,4.701977E-38
59,2.350989E-38
59,1.175494E-38
59,5.877472E-39
59,2.938736E-39
59,1.469368E-39
59,7.34684E-40
59,3.67342E-40
59,1.83671E-40
59,9.18355E-41
59,4.591775E-41
59,2.295887E-41
59,1.147944E-41
59,5.739719E-42
59,2.869859E-42
59,1.43493E-42
59,7.174648E-43
59,3.587324E-43
59,1.793662E-43
59,8.96831E-44
59,4.484155E-44
59,2.242078E-44
59,1.121039E-44
59,5.605194E-45
59,2.802597E-45
59,1.401298E-45
59,0
59,0
59,0
59,0
59,0
59,0
59,0
59,0
59,0
59,0
59,0
59,0
59,0
59,0
59,0
59,0
59,0
59,0
59,0
59,0
59,0
59,0
59,0
59,0
59,0
59,0
59,0
59,0
59,0
59,0
59,0
59,0
59,0
59,0
59,0
59,0
59,0
59,0
59,0
59,0
59,0
59,0
59,0
59,0
59,0
59,0
59,0
59,0
59,0
59,0
59,0
59,0
59,0
59,0
59,0
59,0
59,0
59,0
59,0
59,0
59,0
59,0
59,0
59,0
59,0
59,0
59,0
59,0
59,0
59,0
59,0
59,0
59,0
59,0
59,0
59,0
59,0
59,0
59,0
59,0
59,0
59,0
59,0
59,0
59,0
59,0
59,0
59,0
59,0
59,0
59,0
59,0
59,0
59,0
59,0
59,0
59,0
59,0
59,0
59,0
59,0
59,0
59,0
59,0
59,0
59,0
59,0
59,0
59,0
59,0
59,0
59,0
59,0
59,0
59,0
59,0
59,0
59,0
59,0
59,0
59,0
59,0
59,0
59,0
59,0
59,0
59,0
59,0
59,0
59,0
59,0
59,0
59,0
59,0
59,0
59,0
59,0
59,0
59,0
59,0
59,0
59,0
59,0
59,0
59,0
59,0
59,0
59,0
59,0
59,0
59,0
59,0
59,0
59,0
59,0
59,0
59,0
59,0
59,0
59,0
59,0
59,0
59,0
59,0
59,0
59,0
59,0
59,0
59,0
59,0
59,0
59,0
59,0
59,0
59,0
59,0
59,0
59,0
59,0
59,0
59,0
59,0
59,0
59,0
59,0
59,0
59,0
59,0
59,0
59,0
59,0
59,0
59,0
59,0
59,0
59,0
59,0
59,0
59,0
59,0
59,0
59,0
59,0
59,0
59,0
59,0
59,0
59,0
59,0
59,0
59,0
59,0
59,0
59,0
59,0
59,0
59,0
59,0
59,0
59,0
59,0
59,0
59,0
59,0
59,0
59,0
59,0
59,0
59,0
59,0
59,0
59,0
59,0
59,0
59,0
59,0
59,0
59,0
59,0
59,0
59,0
59,0
59,0
59,0
59,0
59,0
59,0
59,0
59,0
59,0
59,0
59,0
59,0
59,0
59,0
59,0
59,0
59,0
59,0
59,0
59,0
59,0
59,0
59,0
59,0
59,0
59,0
59,0
59,0
59,0
59,0
59,0
59,0
59,0
59,0
59,0
59,0
59,0
59,0
59,0
59,0
59,0
59,0
59,0
59,0
59,0
59,0
59,0
59,0
59,0
59,0
59,0
59,0
59,0
59,0
59,0
59,0
59,0
59,0
59,0
59,0
59,0
59,0
59,0
59,0
59,0
59,0
59,0
59,0
59,0
59,0
59,0
59,0
59,0
59,0
59,0
59,0
59,0
59,0
59,0
59,0
59,0
59,0
59,0
59,0
59,0
59,0
59,0
59,0
59,0
59,0
59,0
59,0
59,0
59,0
59,0
59,0
59,0
59,0
