-1,0
-1,0
-1,0
-1,0
-1,0
-1,0
-1,0
-1,0
-1,0
-1,0
-1,0
-1,0
-1,0
-1,0
-1,0
-1,0
-1,0
-1,0
-1,0
-1,0
-1,0
-1,0
-1,0
-1,0
-1,0
-1,0
-1,0
-1,0
-1,0
-1,0
-1,0
-1,0
-1,0
-1,0
-1,0
-1,0
-1,0
-1,0
-1,0
-1,0
-1,0
-1,0
-1,0
-1,0
-1,0
-1,0
-1,0
-1,0
-1,0
-1,0
-1,0
-1,0
-1,0
-1,0
-1,0
-1,0
-1,0
-1,0
-1,0
-1,0
-1,0
-1,0
-1,0
-1,0
-1,0
-1,0
-1,0
-1,0
-1,0
-1,0
-1,0
-1,0
-1,0
-1,0
-1,0
-1,0
-1,0
-1,0
-1,0
-1,0
-1,0
-1,0
-1,0
-1,0
-1,0
-1,0
-1,0
-1,0
-1,0
-1,0
-1,0
-1,0
-1,0
-1,0
-1,0
-1,0
-1,0
-1,0
-1,0
-1,0
-1,0
-1,0
-1,0
-1,0
-1,0
-1,0
-1,0
-1,0
-1,0
-1,0
-1,0
-1,0
-1,0
-1,0
-1,0
-1,0
-1,0
-1,0
-1,0
-1,0
-1,0
-1,0
-1,0
-1,0
-1,0
-1,0
-1,0
-1,0
-1,0
-1,0
-1,0
-1,0
-1,0
-1,0
-1,0
-1,0
-1,0
-1,0
-1,0
-1,0
-1,0
-1,0
-1,0
-1,0
-1,0
-1,0
-1,0
-1,0
-1,0
-1,0
-1,0
-1,0
-1,0
-1,0
-1,0
-1,0
-1,0
-1,0
-1,0
-1,0
-1,0
-1,0
-1,0
-1,0
-1,0
-1,0
-1,0
-1,0
-1,0
-1,0
-1,0
-1,0
-1,0
-1,0
-1,0
-1,0
-1,0
-1,0
-1,0
-1,0
-1,0
-1,0
-1,0
-1,0
-1,0
-1,0
-1,0
-1,0
-1,0
-1,0
-1,0
-1,0
-1,0
-1,0
-1,0
-1,0
-1,0
-1,0
-1,0
-1,0
-1,0
-1,0
-1,0
-1,0
-1,0
-1,0
-1,0
-1,0
-1,0
-1,0
-1,0
-1,0
-1,0
-1,0
-1,0
-1,0
-1,0
-1,0
-1,0
-1,0
-1,0
-1,0
-1,0
-1,0
-1,0
-1,0
-1,0
-1,0
-1,0
-1,0
-1,0
-1,0
-1,0
-1,0
-1,0
-1,0
-1,0
-1,0
-1,0
-1,0
-1,0
-1,0
-1,0
-1,0
-1,0
-1,0
-1,0
-1,0
-1,0
-1,0
-1,0
-1,0
-1,0
-1,0
-1,0
-1,0
-1,0
-1,0
-1,0
-1,0
-1,0
-1,0
-1,0
-1,0
-1,0
-1,0
-1,0
-1,0
-1,0
-1,0
-1,0
-1,0
-1,0
-1,0
-1,0
-1,0
-1,0
-1,0
-1,0
-1,0
-1,0
-1,0
-1,0
-1,0
-1,0
-1,0
-1,0
-1,0
-1,0
-1,0
-1,0
-1,0
-1,0
-1,0
-1,0
-1,0
-1,0
-1,0
-1,0
-1,0
-1,0
-1,0
-1,0
-1,0
-1,0
-1,0
-1,0
-1,0
-1,0
-1,0
-1,0
-1,0
-1,0
-1,0
-1,0
-1,0
-1,0
-1,0
-1,0
-1,0
-1,0
-1,0
-1,0
-1,0
-1,0
-1,0
-1,0
-1,0
-1,0
-1,0
-1,0
-1,0
-1,0
-1,0
-1,0
-1,0
-1,0
-1,0
-1,0
-1,0
-1,0
-1,0
-1,0
-1,0
-1,0
-1,0
-1,0
-1,0
-1,0
-1,0
-1,0
-1,0
-1,0
-1,0
-1,0
-1,0
-1,0
-1,0
-1,0
-1,0
-1,0
-1,0
-1,0
-1,0
-1,0
-1,0
-1,0
-1,0
-1,0
-1,0
-1,0
-1,0
-1,0
-1,0
-1,0
-1,0
-1,0
-1,0
-1,0
-1,0
-1,0
-1,0
-1,0
-1,0
-1,0
-1,0
-1,0
-1,0
-1,0
-1,0
-1,0
-1,0
-1,0
-1,0
-1,0
-1,0
-1,0
-1,0
-1,0
-1,0
-1,0
-1,0
-1,0
-1,0
-1,0
-1,0
-1,0
-1,0
-1,0
-1,0
-1,0
-1,0
-1,0
-1,0
-1,0
-1,0
-1,0
-1,0
-1,0
-1,0
-1,0
-1,0
-1,0
-1,0
-1,0
-1,0
-1,0
-1,0
-1,0
-1,0
-1,0
-1,0
-1,0
-1,0
-1,0
-1,0
20,0
20,0
20,0
20,0
20,0
20,0
20,0
20,0
20,0
20,0
20,0
20,0
20,0
20,0
20,0
20,0
20,0
20,0
20,0
20,0
20,0
20,0
20,0
20,0
20,0
20,0
20,0
20,0
20,0
20,0
20,0
20,0
20,0
20,0
20,0
20,0
20,0
20,0
20,0
20,0
20,0
20,0
20,0
20,0
20,0
20,0
20,0
20,0
20,0
20,0
20,0
20,0
20,0
20,0
20,0
20,0
20,0
20,0
20,0
20,0
20,0
20,0
20,0
20,0
20,0
20,0
20,0
20,0
20,0
20,0
20,0
20,0
20,0
20,0
20,0
20,0
20,0
20,0
20,0
20,0
20,0
20,0
20,0
20,0
20,0
20,0
20,0
20,0
20,0
20,0
20,0
20,0
20,0
20,0
20,0
20,0
20,0
20,0
20,0
20,0
20,0
20,0
20,0
20,0
20,0
20,0
20,0
20,0
20,0
20,0
20,0
20,0
20,0
20,0
20,0
20,0
20,0
20,0
20,0
20,0
20,0
20,0
20,0
20,0
20,0
20,0
20,0
20,0
20,0
20,0
20,0
20,0
20,0
20,0
20,0
20,0
20,0
20,0
20,0
20,0
20,0
20,0
20,0
20,0
20,0
20,0
20,0
20,0
20,0
20,0
20,0
20,0
20,0
20,0
20,0
20,0
20,0
20,0
20,0
20,0
20,0
20,0
20,0
20,0
20,0
20,0
20,0
20,0
20,0
20,0
20,0
20,0
20,0
20,0
20,0
20,0
20,0
20,0
20,0
20,0
20,0
20,0
20,0
20,0
20,0
20,0
20,0
20,0
20,0
20,0
20,0
20,0
20,0
20,0
20,0
20,0
20,0
20,0
20,0
20,0
20,0
20,0
20,0
20,0
20,0
20,0
20,0
20,0
20,0
20,0
20,0
20,0
20,0
20,0
20,0
20,0
20,0
20,0
20,0
20,0
20,0
20,0
20,0
20,0
20,0
20,0
20,0
20,0
20,0
20,0
20,0
20,0
20,0
20,0
20,0
20,0
20,0
20,0
20,0
20,0
20,0
20,0
20,0
20,0
20,0
20,0
20,0
20,0
20,0
20,0
20,0
20,0
20,0
20,0
20,0
20,0
20,0
20,0
20,0
20,0
20,0
20,0
20,0
20,0
20,0
20,0
20,0
20,0
20,0
20,0
20,0
20,0
20,0
20,0
20,0
20,0
20,0
20,0
20,0
20,0
20,0
20,0
20,0
20,0
20,0
20,0
20,0
20,0
20,0
20,0
20,0
20,0
20,0
20,0
20,0
20,0
20,0
20,0
20,0
19,0.5
19,0.25
19,0.125
19,0.0625
19,0.03125
19,0.015625
19,0.0078125
19,0.00390625
19,0.001953125
19,0.0009765625
19,0.0004882813
19,0.0002441406
19,0.0001220703
19,6.103516E-05
19,3.051758E-05
19,1.525879E-05
19,7.629395E-06
19,3.814697E-06
19,1.907349E-06
19,9.536743E-07
19,4.768372E-07
19,2.384186E-07
19,1.192093E-07
19,5.960464E-08
19,2.980232E-08
19,1.490116E-08
19,7.450581E-09
19,3.72529E-09
19,1.862645E-09
19,9.313226E-10
19,4.656613E-10
19,2.328306E-10
19,1.164153E-10
19,5.820766E-11
19,2.910383E-11
19,1.455192E-11
19,7.275958E-12
19,3.637979E-12
19,1.818989E-12
19,9.094947E-13
19,4.547474E-13
19,2.273737E-13
19,1.136868E-13
19,5.684342E-14
19,2.842171E-14
19,1.421085E-14
19,7.105427E-15
19,3.552714E-15
19,1.776357E-15
19,8.881784E-16
19,4.440892E-16
19,2.220446E-16
19,1.110223E-16
19,5.551115E-17
19,2.775558E-17
19,1.387779E-17
19,6.938894E-18
19,3.469447E-18
19,1.734723E-18
19,8.673617E-19
19,4.336809E-19
19,2.168404E-19
19,1.084202E-19
19,5.421011E-20
19,2.710505E-20
19,1.355253E-20
19,6.776264E-21
19,3.388132E-21
19,1.694066E-21
19,8.470329E-22
19,4.235165E-22
19,2.117582E-22
19,1.058791E-22
19,5.293956E-23
19,2.646978E-23
19,1.323489E-23
19,6.617445E-24
19,3.308722E-24
19,1.654361E-24
19,8.271806E-25
19,4.135903E-25
19,2.067952E-25
19,1.033976E-25
19,5.169879E-26
19,2.584939E-26
19,1.29247E-26
19,6.462349E-27
19,3.231174E-27
19,1.615587E-27
19,8.077936E-28
19,4.038968E-28
19,2.019484E-28
19,1.009742E-28
19,5.04871E-29
19,2.524355E-29
19,1.262177E-29
19,6.310887E-30
19,3.155444E-30
19,1.577722E-30
19,7.888609E-31
19,3.944305E-31
19,1.972152E-31
19,9.860761E-32
19,4.930381E-32
19,2.46519E-32
19,1.232595E-32
19,6.162976E-33
19,3.081488E-33
19,1.540744E-33
19,7.70372E-34
19,3.85186E-34
19,1.92593E-34
19,9.62965E-35
19,4.814825E-35
19,2.407412E-35
19,1.203706E-35
19,6.018531E-36
19,3.009266E-36
19,1.504633E-36
19,7.523164E-37
19,3.761582E-37
19,1.880791E-37
19,9.403955E-38
19,4.701977E-38
19,2.350989E-38
19,1.175494E-38
19,5.877472E-39
19,2.938736E-39
19,1.469368E-39
19,7.34684E-40
19,3.67342E-40
19,1.83671E-40
19,9.18355E-41
19,4.591775E-41
19,2.295887E-41
19,1.147944E-41
19,5.739719E-42
19,2.869859E-42
19,1.43493E-42
19,7.174648E-43
19,3.587324E-43
19,1.793662E-43
19,8.96831E-44
19,4.484155E-44
19,2.242078E-44
19,1.121039E-44
19,5.605194E-45
19,2.802597E-45
19,1.401298E-45
19,0
19,0
19,0
19,0
19,0
19,0
19,0
19,0
19,0
19,0
19,0
19,0
19,0
19,0
19,0
19,0
19,0
19,0
19,0
19,0
19,0
19,0
19,0
19,0
19,0
19,0
19,0
19,0
19,0
19,0
19,0
19,0
19,0
19,0
19,0
19,0
19,0
19,0
19,0
19,0
19,0
19,0
19,0
19,0
19,0
19,0
19,0
19,0
19,0
19,0
19,0
19,0
19,0
19,0
19,0
19,0
19,0
19,0
19,0
19,0
19,0
19,0
19,0
19,0
19,0
19,0
19,0
19,0
19,0
19,0
19,0
19,0
19,0
19,0
19,0
19,0
19,0
19,0
19,0
19,0
19,0
19,0
19,0
19,0
19,0
19,0
19,0
19,0
19,0
19,0
19,0
19,0
19,0
19,0
19,0
19,0
19,0
19,0
19,0
19,0
19,0
19,0
19,0
19,0
19,0
19,0
19,0
19,0
19,0
19,0
19,0
19,0
19,0
19,0
19,0
19,0
19,0
19,0
19,0
19,0
19,0
19,0
19,0
19,0
19,0
19,0
19,0
19,0
19,0
19,0
19,0
19,0
19,0
19,0
19,0
19,0
19,0
19,0
19,0
19,0
19,0
19,0
19,0
19,0
19,0
19,0
19,0
19,0
19,0
19,0
19,0
19,0
19,0
19,0
19,0
19,0
19,0
19,0
19,0
19,0
19,0
19,0
19,0
19,0
19,0
19,0
19,0
19,0
19,0
19,0
19,0
19,0
19,0
19,0
19,0
19,0
19,0
19,0
19,0
19,0
19,0
19,0
19,0
19,0
19,0
19,0
19,0
19,0
19,0
19,0
19,0
19,0
19,0
19,0
19,0
19,0
19,0
19,0
19,0
19,0
19,0
19,0
19,0
19,0
19,0
19,0
19,0
19,0
19,0
19,0
19,0
19,0
19,0
19,0
19,0
19,0
19,0
49,15
49,7.5
49,3.75
49,1.875
49,0.9375
49,0.46875
49,0.234375
49,0.1171875
49,0.05859375
49,0.02929688
49,0.01464844
49,0.007324219
49,0.003662109
49,0.001831055
49,0.0009155273
49,0.0004577637
49,0.0002288818
49,0.0001144409
49,5.722046E-05
49,2.861023E-05
49,1.430511E-05
49,7.152557E-06
49,3.576279E-06
49,1.788139E-06
49,8.940697E-07
49,4.470348E-07
49,2.235174E-07
49,1.117587E-07
49,5.587935E-08
49,2.793968E-08
49,1.396984E-08
49,6.984919E-09
49,3.49246E-09
49,1.74623E-09
49,8.731149E-10
49,4.365575E-10
49,2.182787E-10
49,1.091394E-10
49,5.456968E-11
49,2.728484E-11
49,1.364242E-11
49,6.82121E-12
49,3.410605E-12
49,1.705303E-12
49,8.526513E-13
49,4.263256E-13
49,2.131628E-13
49,1.065814E-13
49,5.329071E-14
49,2.664535E-14
49,1.332268E-14
49,6.661338E-15
49,3.330669E-15
49,1.665335E-15
49,8.326673E-16
49,4.163336E-16
49,2.081668E-16
49,1.040834E-16
49,5.20417E-17
49,2.602085E-17
49,1.301043E-17
49,6.505213E-18
49,3.252607E-18
49,1.626303E-18
49,8.131516E-19
49,4.065758E-19
49,2.032879E-19
49,1.01644E-19
49,5.082198E-20
49,2.541099E-20
49,1.270549E-20
49,6.352747E-21
49,3.176374E-21
49,1.588187E-21
49,7.940934E-22
49,3.970467E-22
49,1.985233E-22
49,9.926167E-23
49,4.963084E-23
49,2.481542E-23
49,1.240771E-23
49,6.203855E-24
49,3.101927E-24
49,1.550964E-24
49,7.754818E-25
49,3.877409E-25
49,1.938705E-25
49,9.693523E-26
49,4.846761E-26
49,2.423381E-26
49,1.21169E-26
49,6.058452E-27
49,3.029226E-27
49,1.514613E-27
49,7.573065E-28
49,3.786532E-28
49,1.893266E-28
49,9.466331E-29
49,4.733165E-29
49,2.366583E-29
49,1.183291E-29
49,5.916457E-30
49,2.958228E-30
49,1.479114E-30
49,7.395571E-31
49,3.697785E-31
49,1.848893E-31
49,9.244464E-32
49,4.622232E-32
49,2.311116E-32
49,1.155558E-32
49,5.77779E-33
49,2.888895E-33
49,1.444447E-33
49,7.222237E-34
49,3.611119E-34
49,1.805559E-34
49,9.027797E-35
49,4.513898E-35
49,2.256949E-35
49,1.128475E-35
49,5.642373E-36
49,2.821186E-36
49,1.410593E-36
49,7.052966E-37
49,3.526483E-37
49,1.763242E-37
49,8.816208E-38
49,4.408104E-38
49,2.204052E-38
49,1.102026E-38
49,5.51013E-39
49,2.755065E-39
49,1.377532E-39
49,6.887662E-40
49,3.443831E-40
49,1.721916E-40
49,8.609578E-41
49,4.304789E-41
49,2.152394E-41
49,1.076197E-41
49,5.380986E-42
49,2.690493E-42
49,1.345247E-42
49,6.726233E-43
49,3.363116E-43
49,1.681558E-43
49,8.407791E-44
49,4.203895E-44
49,2.101948E-44
49,1.121039E-44
49,5.605194E-45
49,2.802597E-45
49,1.401298E-45
49,0
49,0
49,0
49,0
49,0
49,0
49,0
49,0
49,0
49,0
49,0
49,0
49,0
49,0
49,0
49,0
49,0
49,0
49,0
49,0
49,0
49,0
49,0
49,0
49,0
49,0
49,0
49,0
49,0
49,0
49,0
49,0
49,0
49,0
49,0
49,0
49,0
49,0
49,0
49,0
49,0
49,0
49,0
49,0
49,0
49,0
49,0
49,0
49,0
49,0
49,0
49,0
49,0
49,0
49,0
49,0
49,0
49,0
49,0
49,0
49,0
49,0
49,0
49,0
49,0
49,0
49,0
49,0
49,0
49,0
49,0
49,0
49,0
49,0
49,0
49,0
49,0
49,0
49,0
49,0
49,0
49,0
49,0
49,0
49,0
49,0
49,0
49,0
49,0
49,0
49,0
49,0
49,0
49,0
49,0
49,0
49,0
49,0
49,0
49,0
49,0
49,0
49,0
49,0
49,0
49,0
49,0
49,0
49,0
49,0
49,0
49,0
49,0
49,0
49,0
49,0
49,0
49,0
49,0
49,0
49,0
49,0
49,0
49,0
49,0
49,0
49,0
49,0
49,0
49,0
49,0
49,0
49,0
49,0
49,0
49,0
49,0
49,0
49,0
49,0
49,0
49,0
49,0
49,0
49,0
49,0
49,0
49,0
49,0
49,0
49,0
49,0
49,0
49,0
49,0
49,0
49,0
49,0
46,1.5
46,0.75
46,0.375
46,0.1875
46,0.09375
46,0.046875
46,0.0234375
46,0.01171875
46,0.005859375
46,0.002929688
46,0.001464844
46,0.0007324219
46,0.0003662109
46,0.0001831055
46,9.155273E-05
46,4.577637E-05
46,2.288818E-05
46,1.144409E-05
46,5.722046E-06
46,2.861023E-06
46,1.430511E-06
46,7.152557E-07
46,3.576279E-07
46,1.788139E-07
46,8.940697E-08
46,4.470348E-08
46,2.235174E-08
46,1.117587E-08
46,5.587935E-09
46,2.793968E-09
46,1.396984E-09
46,6.984919E-10
46,3.49246E-10
46,1.74623E-10
46,8.731149E-11
46,4.365575E-11
46,2.182787E-11
46,1.091394E-11
46,5.456968E-12
46,2.728484E-12
46,1.364242E-12
46,6.82121E-13
46,3.410605E-13
46,1.705303E-13
46,8.526513E-14
46,4.263256E-14
46,2.131628E-14
46,1.065814E-14
46,5.329071E-15
46,2.664535E-15
46,1.332268E-15
46,6.661338E-16
46,3.330669E-16
46,1.665335E-16
46,8.326673E-17
46,4.163336E-17
46,2.081668E-17
46,1.040834E-17
46,5.20417E-18
46,2.602085E-18
46,1.301043E-18
46,6.505213E-19
46,3.252607E-19
46,1.626303E-19
46,8.131516E-20
46,4.065758E-20
46,2.032879E-20
46,1.01644E-20
46,5.082198E-21
46,2.541099E-21
46,1.270549E-21
46,6.352747E-22
46,3.176374E-22
46,1.588187E-22
46,7.940934E-23
46,3.970467E-23
46,1.985233E-23
46,9.926167E-24
46,4.963084E-24
46,2.481542E-24
46,1.240771E-24
46,6.203855E-25
46,3.101927E-25
46,1.550964E-25
46,7.754818E-26
46,3.877409E-26
46,1.938705E-26
46,9.693523E-27
46,4.846761E-27
46,2.423381E-27
46,1.21169E-27
46,6.058452E-28
46,3.029226E-28
46,1.514613E-28
46,7.573065E-29
46,3.786532E-29
46,1.893266E-29
46,9.466331E-30
46,4.733165E-30
46,2.366583E-30
46,1.183291E-30
46,5.916457E-31
46,2.958228E-31
46,1.479114E-31
46,7.395571E-32
46,3.697785E-32
46,1.848893E-32
46,9.244464E-33
46,4.622232E-33
46,2.311116E-33
46,1.155558E-33
46,5.77779E-34
46,2.888895E-34
46,1.444447E-34
46,7.222237E-35
46,3.611119E-35
46,1.805559E-35
46,9.027797E-36
46,4.513898E-36
46,2.256949E-36
46,1.128475E-36
46,5.642373E-37
46,2.821186E-37
46,1.410593E-37
46,7.052966E-38
46,3.526483E-38
46,1.763242E-38
46,8.816208E-39
46,4.408104E-39
46,2.204052E-39
46,1.102026E-39
46,5.51013E-40
46,2.755065E-40
46,1.377532E-40
46,6.887662E-41
46,3.443831E-41
46,1.721916E-41
46,8.609578E-42
46,4.304789E-42
46,2.152394E-42
46,1.076197E-42
46,5.380986E-43
46,2.690493E-43
46,1.345247E-43
46,6.726233E-44
46,3.363116E-44
46,1.681558E-44
46,8.407791E-45
46,4.203895E-45
46,2.802597E-45
46,1.401298E-45
46,0
46,0
46,0
46,0
46,0
46,0
46,0
46,0
46,0
46,0
46,0
46,0
46,0
46,0
46,0
46,0
46,0
46,0
46,0
46,0
46,0
46,0
46,0
46,0
46,0
46,0
46,0
46,0
46,0
46,0
46,0
46,0
46,0
46,0
46,0
46,0
46,0
46,0
46,0
46,0
46,0
46,0
46,0
46,0
46,0
46,0
46,0
46,0
46,0
46,0
46,0
46,0
46,0
46,0
46,0
46,0
46,0
46,0
46,0
46,0
46,0
46,0
46,0
46,0
46,0
46,0
46,0
46,0
46,0
46,0
46,0
46,0
46,0
46,0
46,0
46,0
46,0
46,0
46,0
46,0
46,0
46,0
46,0
46,0
46,0
46,0
46,0
46,0
46,0
46,0
46,0
46,0
46,0
46,0
46,0
46,0
46,0
46,0
46,0
46,0
46,0
46,0
46,0
46,0
46,0
46,0
46,0
46,0
46,0
46,0
46,0
46,0
46,0
46,0
46,0
46,0
46,0
46,0
46,0
46,0
46,0
46,0
46,0
46,0
46,0
46,0
46,0
46,0
46,0
46,0
46,0
46,0
46,0
46,0
46,0
46,0
46,0
46,0
46,0
46,0
46,0
46,0
46,0
46,0
46,0
46,0
46,0
46,0
46,0
46,0
46,0
46,0
46,0
46,0
46,0
46,0
46,0
46,0
46,0
46,0
46,0
46,0
46,0
46,0
46,0
46,0
46,0
46,0
46,0
46,0
46,0
46,0
46,0
46,0
46,0
46,0
37,4.5
37,2.25
37,1.125
37,0.5625
37,0.28125
37,0.140625
37,0.0703125
37,0.03515625
37,0.01757813
37,0.008789063
37,0.004394531
37,0.002197266
37,0.001098633
37,0.0005493164
37,0.0002746582
37,0.0001373291
37,6.866455E-05
37,3.433228E-05
37,1.716614E-05
37,8.583069E-06
37,4.291534E-06
37,2.145767E-06
37,1.072884E-06
37,5.364418E-07
37,2.682209E-07
37,1.341105E-07
37,6.705523E-08
37,3.352761E-08
37,1.676381E-08
37,8.381903E-09
37,4.190952E-09
37,2.095476E-09
37,1.047738E-09
37,5.238689E-10
37,2.619345E-10
37,1.309672E-10
37,6.548362E-11
37,3.274181E-11
37,1.63709E-11
37,8.185452E-12
37,4.092726E-12
37,2.046363E-12
37,1.023182E-12
37,5.115908E-13
37,2.557954E-13
37,1.278977E-13
37,6.394885E-14
37,3.197442E-14
37,1.598721E-14
37,7.993606E-15
37,3.996803E-15
37,1.998401E-15
37,9.992007E-16
37,4.996004E-16
37,2.498002E-16
37,1.249001E-16
37,6.245005E-17
37,3.122502E-17
37,1.561251E-17
37,7.806256E-18
37,3.903128E-18
37,1.951564E-18
37,9.75782E-19
37,4.87891E-19
37,2.439455E-19
37,1.219727E-19
37,6.098637E-20
37,3.049319E-20
37,1.524659E-20
37,7.623297E-21
37,3.811648E-21
37,1.905824E-21
37,9.529121E-22
37,4.76456E-22
37,2.38228E-22
37,1.19114E-22
37,5.9557E-23
37,2.97785E-23
37,1.488925E-23
37,7.444626E-24
37,3.722313E-24
37,1.861156E-24
37,9.305782E-25
37,4.652891E-25
37,2.326445E-25
37,1.163223E-25
37,5.816114E-26
37,2.908057E-26
37,1.454028E-26
37,7.270142E-27
37,3.635071E-27
37,1.817536E-27
37,9.087678E-28
37,4.543839E-28
37,2.271919E-28
37,1.13596E-28
37,5.679799E-29
37,2.839899E-29
37,1.41995E-29
37,7.099748E-30
37,3.549874E-30
37,1.774937E-30
37,8.874685E-31
37,4.437343E-31
37,2.218671E-31
37,1.109336E-31
37,5.546678E-32
37,2.773339E-32
37,1.38667E-32
37,6.933348E-33
37,3.466674E-33
37,1.733337E-33
37,8.666685E-34
37,4.333342E-34
37,2.166671E-34
37,1.083336E-34
37,5.416678E-35
37,2.708339E-35
37,1.354169E-35
37,6.770847E-36
37,3.385424E-36
37,1.692712E-36
37,8.463559E-37
37,4.23178E-37
37,2.11589E-37
37,1.057945E-37
37,5.289725E-38
37,2.644862E-38
37,1.322431E-38
37,6.612156E-39
37,3.306078E-39
37,1.653039E-39
37,8.265195E-40
37,4.132597E-40
37,2.066299E-40
37,1.033149E-40
37,5.165747E-41
37,2.582873E-41
37,1.291437E-41
37,6.457183E-42
37,3.228592E-42
37,1.614296E-42
37,8.071479E-43
37,4.03574E-43
37,2.01787E-43
37,1.008935E-43
37,5.044674E-44
37,2.522337E-44
37,1.261169E-44
37,5.605194E-45
37,2.802597E-45
37,1.401298E-45
37,0
37,0
37,0
37,0
37,0
37,0
37,0
37,0
37,0
37,0
37,0
37,0
37,0
37,0
37,0
37,0
37,0
37,0
37,0
37,0
37,0
37,0
37,0
37,0
37,0
37,0
37,0
37,0
37,0
37,0
37,0
37,0
37,0
37,0
37,0
37,0
37,0
37,0
37,0
37,0
37,0
37,0
37,0
37,0
37,0
37,0
37,0
37,0
37,0
37,0
37,0
37,0
37,0
37,0
37,0
37,0
37,0
37,0
37,0
37,0
37,0
37,0
37,0
37,0
37,0
37,0
37,0
37,0
37,0
37,0
37,0
37,0
37,0
37,0
37,0
37,0
37,0
37,0
37,0
37,0
37,0
37,0
37,0
37,0
37,0
37,0
37,0
37,0
37,0
37,0
37,0
37,0
37,0
37,0
37,0
37,0
37,0
37,0
37,0
37,0
37,0
37,0
37,0
37,0
37,0
37,0
37,0
37,0
37,0
37,0
37,0
37,0
37,0
37,0
37,0
37,0
37,0
37,0
37,0
37,0
37,0
37,0
37,0
37,0
37,0
37,0
37,0
37,0
37,0
37,0
37,0
37,0
37,0
37,0
37,0
37,0
37,0
37,0
37,0
37,0
37,0
37,0
37,0
37,0
37,0
37,0
37,0
37,0
37,0
37,0
37,0
37,0
37,0
37,0
37,0
37,0
37,0
37,0
37,0
37,0
37,0
37,0
37,0
37,0
37,0
37,0
37,0
37,0
37,0
37,0
37,0
37,0
37,0
37,0
37,0
37,0
37,0
37,0
37,0
37,0
37,0
37,0
37,0
37,0
37,0
37,0
37,0
37,0
37,0
37,0
37,0
37,0
37,0
37,0
37,0
37,0
37,0
37,0
37,0
37,0
37,0
37,0
37,0
37,0
37,0
37,0
37,0
37,0
37,0
37,0
37,0
37,0
37,0
37,0
37,0
37,0
37,0
37,0
37,0
37,0
37,0
37,0
37,0
37,0
37,0
37,0
37,0
37,0
37,0
37,0
37,0
37,0
37,0
37,0
37,0
37,0
37,0
37,0
37,0
37,0
37,0
37,0
37,0
37,0
37,0
37,0
37,0
37,0
37,0
37,0
37,0
37,0
37,0
37,0
37,0
37,0
37,0
37,0
37,0
37,0
37,0
37,0
37,0
37,0
37,0
37,0
37,0
37,0
37,0
37,0
37,0
37,0
37,0
37,0
37,0
37,0
37,0
37,0
37,0
37,0
37,0
37,0
37,0
37,0
37,0
37,0
37,0
37,0
37,0
37,0
37,0
37,0
37,0
37,0
37,0
37,0
37,0
37,0
37,0
37,0
37,0
37,0
37,0
37,0
37,0
37,0
37,0
37,0
37,0
37,0
37,0
37,0
37,0
37,0
37,0
37,0
37,0
37,0
37,0
37,0
37,0
37,0
37,0
37,0
37,0
37,0
37,0
37,0
37,0
37,0
37,0
37,0
37,0
37,0
37,0
37,0
37,0
37,0
37,0
37,0
37,0
37,0
37,0
37,0
37,0
37,0
37,0
37,0
37,0
37,0
37,0
37,0
37,0
37,0
37,0
37,0
37,0
37,0
37,0
37,0
37,0
37,0
37,0
37,0
37,0
37,0
37,0
37,0
37,0
37,0
37,0
37,0
37,0
37,0
37,0
37,0
37,0
37,0
37,0
37,0
37,0
37,0
37,0
37,0
37,0
37,0
37,0
37,0
37,0
37,0
37,0
37,0
37,0
37,0
37,0
37,0
37,0
37,0
37,0
37,0
37,0
37,0
37,0
37,0
37,0
37,0
37,0
37,0
37,0
37,0
37,0
37,0
37,0
37,0
37,0
37,0
37,0
37,0
37,0
37,0
37,0
37,0
37,0
37,0
37,0
37,0
37,0
37,0
37,0
37,0
37,0
37,0
37,0
37,0
37,0
37,0
37,0
37,0
37,0
37,0
37,0
37,0
37,0
37,0
37,0
37,0
37,0
37,0
37,0
37,0
37,0
37,0
37,0
37,0
37,0
37,0
37,0
37,0
37,0
37,0
37,0
37,0
37,0
37,0
37,0
37,0
37,0
37,0
37,0
37,0
37,0
37,0
37,0
37,0
37,0
37,0
37,0
37,0
37,0
37,0
37,0
37,0
37,0
37,0
37,0
37,0
37,0
37,0
37,0
37,0
37,0
37,0
37,0
37,0
37,0
37,0
37,0
37,0
37,0
37,0
37,0
37,0
37,0
37,0
37,0
37,0
37,0
37,0
37,0
37,0
37,0
37,0
37,0
37,0
37,0
37,0
37,0
37,0
37,0
37,0
37,0
37,0
37,0
37,0
37,0
37,0
37,0
37,0
37,0
37,0
37,0
37,0
37,0
37,0
37,0
37,0
37,0
37,0
37,0
37,0
37,0
37,0
37,0
37,0
37,0
37,0
37,0
37,0
37,0
37,0
37,0
37,0
37,0
37,0
37,0
37,0
37,0
37,0
37,0
37,0
37,0
37,0
37,0
37,0
37,0
37,0
37,0
37,0
37,0
37,0
37,0
37,0
37,0
37,0
37,0
37,0
37,0
37,0
37,0
37,0
37,0
37,0
37,0
37,0
37,0
37,0
37,0
37,0
37,0
37,0
37,0
37,0
37,0
37,0
37,0
37,0
37,0
37,0
37,0
37,0
37,0
37,0
37,0
37,0
37,0
37,0
37,0
37,0
37,0
37,0
37,0
37,0
37,0
37,0
37,0
37,0
37,0
37,0
37,0
37,0
37,0
37,0
37,0
37,0
37,0
37,0
37,0
37,0
37,0
37,0
37,0
37,0
37,0
37,0
37,0
37,0
37,0
37,0
37,0
37,0
37,0
37,0
37,0
37,0
37,0
37,0
37,0
37,0
37,0
37,0
37,0
37,0
37,0
37,0
37,0
37,0
37,0
37,0
37,0
37,0
37,0
37,0
37,0
37,0
37,0
37,0
37,0
37,0
37,0
37,0
37,0
37,0
37,0
37,0
37,0
37,0
37,0
37,0
37,0
37,0
37,0
37,0
37,0
37,0
37,0
37,0
37,0
37,0
37,0
37,0
37,0
37,0
37,0
37,0
37,0
37,0
37,0
37,0
37,0
37,0
37,0
37,0
37,0
37,0
37,0
37,0
37,0
37,0
37,0
37,0
37,0
37,0
37,0
37,0
37,0
37,0
37,0
37,0
37,0
37,0
37,0
37,0
37,0
37,0
37,0
37,0
37,0
37,0
37,0
37,0
37,0
37,0
37,0
37,0
37,0
37,0
37,0
37,0
37,0
37,0
37,0
37,0
37,0
37,0
37,0
37,0
37,0
37,0
37,0
37,0
37,0
37,0
37,0
37,0
37,0
37,0
37,0
37,0
37,0
37,0
37,0
37,0
37,0
37,0
37,0
37,0
37,0
37,0
37,0
37,0
37,0
37,0
37,0
37,0
37,0
37,0
37,0
37,0
37,0
37,0
37,0
37,0
37,0
37,0
37,0
37,0
37,0
37,0
37,0
37,0
37,0
37,0
37,0
37,0
37,0
37,0
37,0
37,0
37,0
37,0
37,0
37,0
37,0
37,0
37,0
37,0
37,0
37,0
37,0
37,0
37,0
37,0
37,0
37,0
37,0
37,0
37,0
37,0
37,0
37,0
37,0
37,0
37,0
37,0
37,0
37,0
37,0
37,0
37,0
37,0
37,0
37,0
37,0
37,0
37,0
37,0
37,0
37,0
37,0
37,0
37,0
37,0
37,0
37,0
37,0
37,0
37,0
37,0
37,0
37,0
37,0
37,0
37,0
37,0
37,0
37,0
37,0
37,0
37,0
37,0
37,0
37,0
37,0
37,0
37,0
37,0
37,0
37,0
37,0
37,0
37,0
37,0
37,0
37,0
37,0
37,0
37,0
37,0
37,0
37,0
37,0
37,0
37,0
37,0
37,0
37,0
37,0
37,0
37,0
37,0
37,0
37,0
37,0
37,0
37,0
37,0
37,0
37,0
37,0
37,0
37,0
37,0
37,0
37,0
37,0
37,0
37,0
37,0
37,0
37,0
37,0
37,0
37,0
37,0
37,0
37,0
37,0
37,0
37,0
37,0
37,0
37,0
37,0
37,0
37,0
37,0
37,0
37,0
37,0
37,0
37,0
37,0
37,0
37,0
37,0
37,0
37,0
37,0
37,0
37,0
37,0
37,0
37,0
37,0
37,0
37,0
37,0
37,0
37,0
37,0
37,0
37,0
37,0
37,0
37,0
37,0
37,0
37,0
37,0
37,0
37,0
37,0
37,0
37,0
37,0
37,0
37,0
37,0
37,0
37,0
37,0
37,0
37,0
37,0
37,0
37,0
37,0
37,0
37,0
37,0
37,0
37,0
37,0
37,0
37,0
37,0
37,0
37,0
37,0
37,0
37,0
37,0
37,0
37,0
37,0
37,0
37,0
37,0
37,0
37,0
37,0
37,0
37,0
37,0
37,0
37,0
37,0
37,0
37,0
37,0
37,0
37,0
37,0
37,0
37,0
37,0
37,0
37,0
37,0
37,0
37,0
37,0
37,0
37,0
37,0
37,0
37,0
37,0
37,0
37,0
37,0
37,0
37,0
37,0
37,0
37,0
37,0
37,0
37,0
37,0
37,0
37,0
37,0
37,0
37,0
37,0
37,0
37,0
37,0
37,0
37,0
37,0
37,0
37,0
37,0
37,0
37,0
37,0
37,0
37,0
37,0
37,0
37,0
37,0
37,0
37,0
37,0
37,0
37,0
37,0
37,0
37,0
37,0
37,0
37,0
37,0
37,0
37,0
37,0
37,0
37,0
37,0
37,0
37,0
37,0
37,0
37,0
37,0
37,0
37,0
37,0
37,0
37,0
37,0
37,0
37,0
37,0
37,0
37,0
37,0
37,0
37,0
37,0
37,0
37,0
37,0
37,0
37,0
37,0
37,0
37,0
37,0
37,0
37,0
37,0
37,0
37,0
37,0
37,0
37,0
37,0
37,0
37,0
37,0
37,0
37,0
37,0
37,0
37,0
37,0
37,0
37,0
37,0
37,0
37,0
37,0
37,0
37,0
37,0
37,0
37,0
37,0
37,0
37,0
37,0
37,0
37,0
37,0
37,0
37,0
37,0
37,0
37,0
37,0
37,0
37,0
37,0
37,0
37,0
37,0
37,0
37,0
37,0
37,0
37,0
37,0
37,0
37,0
37,0
37,0
37,0
37,0
37,0
37,0
37,0
37,0
37,0
37,0
37,0
103,33
103,16.5
103,8.25
103,4.125
103,2.0625
103,1.03125
103,0.515625
103,0.2578125
103,0.1289063
103,0.06445313
103,0.03222656
103,0.01611328
103,0.008056641
103,0.00402832
103,0.00201416
103,0.00100708
103,0.00050354
103,0.00025177
103,0.000125885
103,6.29425E-05
103,3.147125E-05
103,1.573563E-05
103,7.867813E-06
103,3.933907E-06
103,1.966953E-06
103,9.834766E-07
103,4.917383E-07
103,2.458692E-07
103,1.229346E-07
103,6.146729E-08
103,3.073364E-08
103,1.536682E-08
103,7.683411E-09
103,3.841706E-09
103,1.920853E-09
103,9.604264E-10
103,4.802132E-10
103,2.401066E-10
103,1.200533E-10
103,6.002665E-11
103,3.001333E-11
103,1.500666E-11
103,7.503331E-12
103,3.751666E-12
103,1.875833E-12
103,9.379164E-13
103,4.689582E-13
103,2.344791E-13
103,1.172396E-13
103,5.861978E-14
103,2.930989E-14
103,1.465494E-14
103,7.327472E-15
103,3.663736E-15
103,1.831868E-15
103,9.15934E-16
103,4.57967E-16
103,2.289835E-16
103,1.144917E-16
103,5.724587E-17
103,2.862294E-17
103,1.431147E-17
103,7.155734E-18
103,3.577867E-18
103,1.788934E-18
103,8.944668E-19
103,4.472334E-19
103,2.236167E-19
103,1.118083E-19
103,5.590417E-20
103,2.795209E-20
103,1.397604E-20
103,6.988022E-21
103,3.494011E-21
103,1.747005E-21
103,8.735027E-22
103,4.367514E-22
103,2.183757E-22
103,1.091878E-22
103,5.459392E-23
103,2.729696E-23
103,1.364848E-23
103,6.82424E-24
103,3.41212E-24
103,1.70606E-24
103,8.5303E-25
103,4.26515E-25
103,2.132575E-25
103,1.066288E-25
103,5.331438E-26
103,2.665719E-26
103,1.332859E-26
103,6.664297E-27
103,3.332148E-27
103,1.666074E-27
103,8.330371E-28
103,4.165186E-28
103,2.082593E-28
103,1.041296E-28
103,5.206482E-29
103,2.603241E-29
103,1.30162E-29
103,6.508102E-30
103,3.254051E-30
103,1.627026E-30
103,8.135128E-31
103,4.067564E-31
103,2.033782E-31
103,1.016891E-31
103,5.084455E-32
103,2.542228E-32
103,1.271114E-32
103,6.355569E-33
103,3.177784E-33
103,1.588892E-33
103,7.944461E-34
103,3.972231E-34
103,1.986115E-34
103,9.930576E-35
103,4.965288E-35
103,2.482644E-35
103,1.241322E-35
103,6.20661E-36
103,3.103305E-36
103,1.551653E-36
103,7.758263E-37
103,3.879131E-37
103,1.939566E-37
103,9.697828E-38
103,4.848914E-38
103,2.424457E-38
103,1.212229E-38
103,6.061143E-39
103,3.030571E-39
103,1.515286E-39
103,7.576428E-40
103,3.788214E-40
103,1.894107E-40
103,9.470536E-41
103,4.735268E-41
103,2.367634E-41
103,1.183817E-41
103,5.919085E-42
103,2.959542E-42
103,1.479771E-42
103,7.398856E-43
103,3.699428E-43
103,1.849714E-43
103,9.24857E-44
103,4.624285E-44
103,2.242078E-44
103,1.121039E-44
103,5.605194E-45
103,2.802597E-45
103,1.401298E-45
103,0
103,0
103,0
103,0
103,0
103,0
103,0
103,0
103,0
103,0
103,0
103,0
103,0
103,0
103,0
103,0
103,0
103,0
103,0
103,0
103,0
103,0
103,0
103,0
103,0
103,0
103,0
103,0
103,0
103,0
103,0
103,0
103,0
103,0
103,0
103,0
103,0
103,0
103,0
103,0
103,0
103,0
103,0
103,0
103,0
103,0
103,0
103,0
103,0
103,0
103,0
103,0
103,0
103,0
103,0
103,0
103,0
103,0
103,0
103,0
103,0
103,0
103,0
103,0
103,0
103,0
103,0
103,0
103,0
103,0
103,0
103,0
103,0
103,0
103,0
103,0
103,0
103,0
103,0
103,0
103,0
103,0
103,0
103,0
103,0
103,0
103,0
103,0
103,0
103,0
103,0
103,0
103,0
103,0
103,0
103,0
103,0
103,0
103,0
103,0
103,0
103,0
103,0
103,0
103,0
103,0
103,0
103,0
103,0
103,0
103,0
103,0
103,0
103,0
103,0
103,0
103,0
103,0
103,0
103,0
103,0
103,0
103,0
77,13
77,6.5
77,3.25
77,1.625
77,0.8125
77,0.40625
77,0.203125
77,0.1015625
77,0.05078125
77,0.02539063
77,0.01269531
77,0.006347656
77,0.003173828
77,0.001586914
77,0.000793457
77,0.0003967285
77,0.0001983643
77,9.918213E-05
77,4.959106E-05
77,2.479553E-05
77,1.239777E-05
77,6.198883E-06
77,3.099442E-06
77,1.549721E-06
77,7.748604E-07
77,3.874302E-07
77,1.937151E-07
77,9.685755E-08
77,4.842877E-08
77,2.421439E-08
77,1.210719E-08
77,6.053597E-09
77,3.026798E-09
77,1.513399E-09
77,7.566996E-10
77,3.783498E-10
77,1.891749E-10
77,9.458745E-11
77,4.729372E-11
77,2.364686E-11
77,1.182343E-11
77,5.911716E-12
77,2.955858E-12
77,1.477929E-12
77,7.389644E-13
77,3.694822E-13
77,1.847411E-13
77,9.237056E-14
77,4.618528E-14
77,2.309264E-14
77,1.154632E-14
77,5.77316E-15
77,2.88658E-15
77,1.44329E-15
77,7.21645E-16
77,3.608225E-16
77,1.804112E-16
77,9.020562E-17
77,4.510281E-17
77,2.255141E-17
77,1.12757E-17
77,5.637851E-18
77,2.818926E-18
77,1.409463E-18
77,7.047314E-19
77,3.523657E-19
77,1.761829E-19
77,8.809143E-20
77,4.404571E-20
77,2.202286E-20
77,1.101143E-20
77,5.505714E-21
77,2.752857E-21
77,1.376429E-21
77,6.882143E-22
77,3.441071E-22
77,1.720536E-22
77,8.602678E-23
77,4.301339E-23
77,2.15067E-23
77,1.075335E-23
77,5.376674E-24
77,2.688337E-24
77,1.344168E-24
77,6.720842E-25
77,3.360421E-25
77,1.680211E-25
77,8.401053E-26
77,4.200527E-26
77,2.100263E-26
77,1.050132E-26
77,5.250658E-27
77,2.625329E-27
77,1.312665E-27
77,6.563323E-28
77,3.281661E-28
77,1.640831E-28
77,8.204153E-29
77,4.102077E-29
77,2.051038E-29
77,1.025519E-29
77,5.127596E-30
77,2.563798E-30
77,1.281899E-30
77,6.409495E-31
77,3.204747E-31
77,1.602374E-31
77,8.011869E-32
77,4.005934E-32
77,2.002967E-32
77,1.001484E-32
77,5.007418E-33
77,2.503709E-33
77,1.251854E-33
77,6.259272E-34
77,3.129636E-34
77,1.564818E-34
77,7.82409E-35
77,3.912045E-35
77,1.956023E-35
77,9.780113E-36
77,4.890056E-36
77,2.445028E-36
77,1.222514E-36
77,6.112571E-37
77,3.056285E-37
77,1.528143E-37
77,7.640713E-38
77,3.820357E-38
77,1.910178E-38
77,9.550892E-39
77,4.775446E-39
77,2.387723E-39
77,1.193861E-39
77,5.969307E-40
77,2.984654E-40
77,1.492327E-40
77,7.461634E-41
77,3.730817E-41
77,1.865409E-41
77,9.327043E-42
77,4.663521E-42
77,2.331761E-42
77,1.16588E-42
77,5.829402E-43
77,2.914701E-43
77,1.45735E-43
77,7.286752E-44
77,3.643376E-44
77,1.821688E-44
77,8.407791E-45
77,4.203895E-45
77,2.802597E-45
77,1.401298E-45
77,0
77,0
77,0
77,0
77,0
77,0
77,0
77,0
77,0
77,0
77,0
77,0
77,0
77,0
77,0
77,0
77,0
77,0
77,0
77,0
77,0
77,0
77,0
77,0
77,0
77,0
77,0
77,0
77,0
77,0
77,0
77,0
77,0
77,0
77,0
77,0
77,0
77,0
77,0
77,0
77,0
77,0
77,0
77,0
77,0
77,0
77,0
77,0
77,0
77,0
77,0
77,0
77,0
77,0
77,0
77,0
77,0
77,0
77,0
77,0
77,0
77,0
77,0
77,0
77,0
77,0
77,0
77,0
77,0
77,0
77,0
77,0
77,0
77,0
77,0
77,0
77,0
77,0
77,0
77,0
77,0
77,0
77,0
77,0
77,0
77,0
77,0
77,0
77,0
77,0
77,0
77,0
77,0
77,0
77,0
77,0
77,0
77,0
77,0
77,0
77,0
77,0
77,0
77,0
77,0
77,0
77,0
77,0
77,0
77,0
77,0
77,0
77,0
77,0
77,0
77,0
77,0
77,0
77,0
77,0
77,0
77,0
77,0
77,0
77,0
77,0
77,0
77,0
77,0
77,0
77,0
77,0
77,0
77,0
77,0
77,0
77,0
77,0
77,0
77,0
77,0
77,0
77,0
77,0
77,0
77,0
77,0
77,0
77,0
77,0
77,0
77,0
77,0
77,0
77,0
77,0
77,0
77,0
77,0
77,0
77,0
77,0
77,0
77,0
77,0
77,0
77,0
77,0
77,0
77,0
77,0
77,0
77,0
77,0
77,0
77,0
77,0
77,0
77,0
77,0
77,0
77,0
77,0
77,0
77,0
77,0
77,0
77,0
77,0
77,0
77,0
77,0
77,0
77,0
77,0
77,0
77,0
77,0
77,0
77,0
77,0
77,0
77,0
77,0
77,0
77,0
77,0
77,0
77,0
77,0
77,0
77,0
77,0
77,0
77,0
77,0
77,0
77,0
77,0
77,0
77,0
65,6
65,3
65,1.5
65,0.75
65,0.375
65,0.1875
65,0.09375
65,0.046875
65,0.0234375
65,0.01171875
65,0.005859375
65,0.002929688
65,0.001464844
65,0.0007324219
65,0.0003662109
65,0.0001831055
65,9.155273E-05
65,4.577637E-05
65,2.288818E-05
65,1.144409E-05
65,5.722046E-06
65,2.861023E-06
65,1.430511E-06
65,7.152557E-07
65,3.576279E-07
65,1.788139E-07
65,8.940697E-08
65,4.470348E-08
65,2.235174E-08
65,1.117587E-08
65,5.587935E-09
65,2.793968E-09
65,1.396984E-09
65,6.984919E-10
65,3.49246E-10
65,1.74623E-10
65,8.731149E-11
65,4.365575E-11
65,2.182787E-11
65,1.091394E-11
65,5.456968E-12
65,2.728484E-12
65,1.364242E-12
65,6.82121E-13
65,3.410605E-13
65,1.705303E-13
65,8.526513E-14
65,4.263256E-14
65,2.131628E-14
65,1.065814E-14
65,5.329071E-15
65,2.664535E-15
65,1.332268E-15
65,6.661338E-16
65,3.330669E-16
65,1.665335E-16
65,8.326673E-17
65,4.163336E-17
65,2.081668E-17
65,1.040834E-17
65,5.20417E-18
65,2.602085E-18
65,1.301043E-18
65,6.505213E-19
65,3.252607E-19
65,1.626303E-19
65,8.131516E-20
65,4.065758E-20
65,2.032879E-20
65,1.01644E-20
65,5.082198E-21
65,2.541099E-21
65,1.270549E-21
65,6.352747E-22
65,3.176374E-22
65,1.588187E-22
65,7.940934E-23
65,3.970467E-23
65,1.985233E-23
65,9.926167E-24
65,4.963084E-24
65,2.481542E-24
65,1.240771E-24
65,6.203855E-25
65,3.101927E-25
65,1.550964E-25
65,7.754818E-26
65,3.877409E-26
65,1.938705E-26
65,9.693523E-27
65,4.846761E-27
65,2.423381E-27
65,1.21169E-27
65,6.058452E-28
65,3.029226E-28
65,1.514613E-28
65,7.573065E-29
65,3.786532E-29
65,1.893266E-29
65,9.466331E-30
65,4.733165E-30
65,2.366583E-30
65,1.183291E-30
65,5.916457E-31
65,2.958228E-31
65,1.479114E-31
65,7.395571E-32
65,3.697785E-32
65,1.848893E-32
65,9.244464E-33
65,4.622232E-33
65,2.311116E-33
65,1.155558E-33
65,5.77779E-34
65,2.888895E-34
65,1.444447E-34
65,7.222237E-35
65,3.611119E-35
65,1.805559E-35
65,9.027797E-36
65,4.513898E-36
65,2.256949E-36
65,1.128475E-36
65,5.642373E-37
65,2.821186E-37
65,1.410593E-37
65,7.052966E-38
65,3.526483E-38
65,1.763242E-38
65,8.816208E-39
65,4.408104E-39
65,2.204052E-39
65,1.102026E-39
65,5.51013E-40
65,2.755065E-40
65,1.377532E-40
65,6.887662E-41
65,3.443831E-41
65,1.721916E-41
65,8.609578E-42
65,4.304789E-42
65,2.152394E-42
65,1.076197E-42
65,5.380986E-43
65,2.690493E-43
65,1.345247E-43
65,6.726233E-44
65,3.363116E-44
65,1.681558E-44
65,8.407791E-45
65,4.203895E-45
65,2.802597E-45
65,1.401298E-45
65,0
65,0
65,0
65,0
65,0
65,0
65,0
65,0
65,0
65,0
65,0
65,0
65,0
65,0
65,0
65,0
65,0
65,0
65,0
65,0
65,0
65,0
65,0
65,0
65,0
65,0
65,0
65,0
65,0
65,0
65,0
65,0
65,0
65,0
65,0
65,0
65,0
65,0
65,0
65,0
65,0
65,0
65,0
65,0
65,0
65,0
65,0
65,0
65,0
65,0
65,0
65,0
65,0
65,0
65,0
65,0
65,0
65,0
65,0
65,0
65,0
65,0
65,0
65,0
65,0
65,0
65,0
65,0
65,0
65,0
65,0
65,0
65,0
65,0
65,0
65,0
65,0
65,0
65,0
65,0
65,0
65,0
65,0
65,0
65,0
65,0
65,0
65,0
65,0
65,0
65,0
65,0
65,0
65,0
65,0
65,0
65,0
65,0
65,0
65,0
65,0
65,0
65,0
65,0
65,0
65,0
65,0
65,0
65,0
65,0
65,0
65,0
65,0
65,0
65,0
65,0
65,0
65,0
65,0
65,0
65,0
65,0
65,0
65,0
65,0
65,0
65,0
65,0
65,0
65,0
65,0
65,0
65,0
65,0
65,0
65,0
65,0
65,0
65,0
65,0
65,0
65,0
65,0
65,0
65,0
65,0
65,0
65,0
65,0
65,0
65,0
65,0
65,0
65,0
65,0
65,0
65,0
65,0
65,0
65,0
65,0
65,0
65,0
65,0
65,0
65,0
65,0
65,0
65,0
65,0
65,0
65,0
65,0
65,0
65,0
65,0
65,0
65,0
65,0
65,0
65,0
65,0
65,0
65,0
65,0
65,0
65,0
65,0
65,0
65,0
65,0
65,0
65,0
65,0
65,0
65,0
65,0
65,0
65,0
65,0
65,0
65,0
65,0
65,0
65,0
65,0
51,7
51,3.5
51,1.75
51,0.875
51,0.4375
51,0.21875
51,0.109375
51,0.0546875
51,0.02734375
51,0.01367188
51,0.006835938
51,0.003417969
51,0.001708984
51,0.0008544922
51,0.0004272461
51,0.000213623
51,0.0001068115
51,5.340576E-05
51,2.670288E-05
51,1.335144E-05
51,6.67572E-06
51,3.33786E-06
51,1.66893E-06
51,8.34465E-07
51,4.172325E-07
51,2.086163E-07
51,1.043081E-07
51,5.215406E-08
51,2.607703E-08
51,1.303852E-08
51,6.519258E-09
51,3.259629E-09
51,1.629815E-09
51,8.149073E-10
51,4.074536E-10
51,2.037268E-10
51,1.018634E-10
51,5.09317E-11
51,2.546585E-11
51,1.273293E-11
51,6.366463E-12
51,3.183231E-12
51,1.591616E-12
51,7.958079E-13
51,3.979039E-13
51,1.98952E-13
51,9.947598E-14
51,4.973799E-14
51,2.4869E-14
51,1.24345E-14
51,6.217249E-15
51,3.108624E-15
51,1.554312E-15
51,7.771561E-16
51,3.885781E-16
51,1.94289E-16
51,9.714451E-17
51,4.857226E-17
51,2.428613E-17
51,1.214306E-17
51,6.071532E-18
51,3.035766E-18
51,1.517883E-18
51,7.589415E-19
51,3.794708E-19
51,1.897354E-19
51,9.486769E-20
51,4.743385E-20
51,2.371692E-20
51,1.185846E-20
51,5.929231E-21
51,2.964615E-21
51,1.482308E-21
51,7.411538E-22
51,3.705769E-22
51,1.852885E-22
51,9.264423E-23
51,4.632211E-23
51,2.316106E-23
51,1.158053E-23
51,5.790264E-24
51,2.895132E-24
51,1.447566E-24
51,7.23783E-25
51,3.618915E-25
51,1.809458E-25
51,9.047288E-26
51,4.523644E-26
51,2.261822E-26
51,1.130911E-26
51,5.654555E-27
51,2.827277E-27
51,1.413639E-27
51,7.068194E-28
51,3.534097E-28
51,1.767048E-28
51,8.835242E-29
51,4.417621E-29
51,2.208811E-29
51,1.104405E-29
51,5.522026E-30
51,2.761013E-30
51,1.380507E-30
51,6.902533E-31
51,3.451266E-31
51,1.725633E-31
51,8.628166E-32
51,4.314083E-32
51,2.157042E-32
51,1.078521E-32
51,5.392604E-33
51,2.696302E-33
51,1.348151E-33
51,6.740755E-34
51,3.370377E-34
51,1.685189E-34
51,8.425944E-35
51,4.212972E-35
51,2.106486E-35
51,1.053243E-35
51,5.266215E-36
51,2.633107E-36
51,1.316554E-36
51,6.582768E-37
51,3.291384E-37
51,1.645692E-37
51,8.22846E-38
51,4.11423E-38
51,2.057115E-38
51,1.028558E-38
51,5.142788E-39
51,2.571394E-39
51,1.285697E-39
51,6.428485E-40
51,3.214242E-40
51,1.607121E-40
51,8.035606E-41
51,4.017803E-41
51,2.008901E-41
51,1.004451E-41
51,5.022254E-42
51,2.511127E-42
51,1.255563E-42
51,6.277817E-43
51,3.138909E-43
51,1.569454E-43
51,7.847271E-44
51,3.923636E-44
51,1.961818E-44
51,9.809089E-45
51,5.605194E-45
51,2.802597E-45
51,1.401298E-45
51,0
51,0
51,0
51,0
51,0
51,0
51,0
51,0
51,0
51,0
51,0
51,0
51,0
51,0
51,0
51,0
51,0
51,0
51,0
51,0
51,0
51,0
51,0
51,0
51,0
51,0
51,0
51,0
51,0
51,0
51,0
51,0
51,0
51,0
51,0
51,0
51,0
51,0
51,0
51,0
51,0
51,0
51,0
51,0
51,0
51,0
51,0
51,0
51,0
51,0
51,0
51,0
51,0
51,0
51,0
51,0
51,0
51,0
51,0
51,0
51,0
51,0
51,0
51,0
51,0
51,0
51,0
51,0
51,0
51,0
51,0
51,0
51,0
51,0
51,0
51,0
51,0
51,0
51,0
51,0
51,0
51,0
51,0
51,0
51,0
51,0
51,0
51,0
51,0
51,0
51,0
51,0
51,0
51,0
51,0
51,0
51,0
51,0
51,0
51,0
51,0
51,0
51,0
51,0
51,0
51,0
51,0
51,0
51,0
51,0
51,0
51,0
51,0
51,0
51,0
51,0
51,0
51,0
51,0
51,0
51,0
51,0
51,0
51,0
51,0
51,0
51,0
51,0
51,0
51,0
51,0
51,0
51,0
51,0
51,0
51,0
51,0
51,0
51,0
51,0
51,0
51,0
51,0
51,0
51,0
51,0
51,0
51,0
51,0
51,0
51,0
51,0
51,0
51,0
51,0
51,0
51,0
51,0
51,0
51,0
51,0
51,0
51,0
51,0
51,0
51,0
51,0
51,0
51,0
51,0
51,0
51,0
51,0
51,0
51,0
51,0
51,0
51,0
51,0
51,0
51,0
51,0
51,0
41,5
41,2.5
41,1.25
41,0.625
41,0.3125
41,0.15625
41,0.078125
41,0.0390625
41,0.01953125
41,0.009765625
41,0.004882813
41,0.002441406
41,0.001220703
41,0.0006103516
41,0.0003051758
41,0.0001525879
41,7.629395E-05
41,3.814697E-05
41,1.907349E-05
41,9.536743E-06
41,4.768372E-06
41,2.384186E-06
41,1.192093E-06
41,5.960464E-07
41,2.980232E-07
41,1.490116E-07
41,7.450581E-08
41,3.72529E-08
41,1.862645E-08
41,9.313226E-09
41,4.656613E-09
41,2.328306E-09
41,1.164153E-09
41,5.820766E-10
41,2.910383E-10
41,1.455192E-10
41,7.275958E-11
41,3.637979E-11
41,1.818989E-11
41,9.094947E-12
41,4.547474E-12
41,2.273737E-12
41,1.136868E-12
41,5.684342E-13
41,2.842171E-13
41,1.421085E-13
41,7.105427E-14
41,3.552714E-14
41,1.776357E-14
41,8.881784E-15
41,4.440892E-15
41,2.220446E-15
41,1.110223E-15
41,5.551115E-16
41,2.775558E-16
41,1.387779E-16
41,6.938894E-17
41,3.469447E-17
41,1.734723E-17
41,8.673617E-18
41,4.336809E-18
41,2.168404E-18
41,1.084202E-18
41,5.421011E-19
41,2.710505E-19
41,1.355253E-19
41,6.776264E-20
41,3.388132E-20
41,1.694066E-20
41,8.470329E-21
41,4.235165E-21
41,2.117582E-21
41,1.058791E-21
41,5.293956E-22
41,2.646978E-22
41,1.323489E-22
41,6.617445E-23
41,3.308722E-23
41,1.654361E-23
41,8.271806E-24
41,4.135903E-24
41,2.067952E-24
41,1.033976E-24
41,5.169879E-25
41,2.584939E-25
41,1.29247E-25
41,6.462349E-26
41,3.231174E-26
41,1.615587E-26
41,8.077936E-27
41,4.038968E-27
41,2.019484E-27
41,1.009742E-27
41,5.04871E-28
41,2.524355E-28
41,1.262177E-28
41,6.310887E-29
41,3.155444E-29
41,1.577722E-29
41,7.888609E-30
41,3.944305E-30
41,1.972152E-30
41,9.860761E-31
41,4.930381E-31
41,2.46519E-31
41,1.232595E-31
41,6.162976E-32
41,3.081488E-32
41,1.540744E-32
41,7.70372E-33
41,3.85186E-33
41,1.92593E-33
41,9.62965E-34
41,4.814825E-34
41,2.407412E-34
41,1.203706E-34
41,6.018531E-35
41,3.009266E-35
41,1.504633E-35
41,7.523164E-36
41,3.761582E-36
41,1.880791E-36
41,9.403955E-37
41,4.701977E-37
41,2.350989E-37
41,1.175494E-37
41,5.877472E-38
41,2.938736E-38
41,1.469368E-38
41,7.34684E-39
41,3.67342E-39
41,1.83671E-39
41,9.18355E-40
41,4.591775E-40
41,2.295887E-40
41,1.147944E-40
41,5.739719E-41
41,2.869859E-41
41,1.43493E-41
41,7.174648E-42
41,3.587324E-42
41,1.793662E-42
41,8.96831E-43
41,4.484155E-43
41,2.242078E-43
41,1.121039E-43
41,5.605194E-44
41,2.802597E-44
41,1.401298E-44
41,7.006492E-45
41,2.802597E-45
41,1.401298E-45
41,0
41,0
41,0
41,0
41,0
41,0
41,0
41,0
41,0
41,0
41,0
41,0
41,0
41,0
41,0
41,0
41,0
41,0
41,0
41,0
41,0
41,0
41,0
41,0
41,0
41,0
41,0
41,0
41,0
41,0
41,0
41,0
41,0
41,0
41,0
41,0
41,0
41,0
41,0
41,0
41,0
41,0
41,0
41,0
41,0
41,0
41,0
41,0
41,0
41,0
41,0
41,0
41,0
41,0
41,0
41,0
41,0
41,0
41,0
41,0
41,0
41,0
41,0
41,0
41,0
41,0
41,0
41,0
41,0
41,0
41,0
41,0
41,0
41,0
41,0
41,0
41,0
41,0
41,0
41,0
41,0
41,0
41,0
41,0
41,0
41,0
41,0
41,0
41,0
41,0
41,0
41,0
41,0
41,0
41,0
41,0
41,0
41,0
41,0
41,0
41,0
41,0
41,0
41,0
41,0
41,0
41,0
41,0
41,0
41,0
41,0
41,0
41,0
41,0
41,0
41,0
41,0
41,0
41,0
41,0
41,0
41,0
41,0
41,0
41,0
41,0
41,0
41,0
41,0
41,0
41,0
41,0
41,0
41,0
41,0
41,0
41,0
41,0
41,0
41,0
41,0
41,0
41,0
41,0
41,0
41,0
41,0
41,0
41,0
41,0
41,0
41,0
41,0
41,0
41,0
41,0
41,0
41,0
41,0
41,0
41,0
41,0
41,0
41,0
41,0
41,0
41,0
41,0
41,0
41,0
41,0
41,0
41,0
41,0
41,0
41,0
41,0
41,0
41,0
41,0
41,0
41,0
41,0
41,0
41,0
41,0
41,0
41,0
41,0
41,0
41,0
41,0
41,0
41,0
34,3.5
34,1.75
34,0.875
34,0.4375
34,0.21875
34,0.109375
34,0.0546875
34,0.02734375
34,0.01367188
34,0.006835938
34,0.003417969
34,0.001708984
34,0.0008544922
34,0.0004272461
34,0.000213623
34,0.0001068115
34,5.340576E-05
34,2.670288E-05
34,1.335144E-05
34,6.67572E-06
34,3.33786E-06
34,1.66893E-06
34,8.34465E-07
34,4.172325E-07
34,2.086163E-07
34,1.043081E-07
34,5.215406E-08
34,2.607703E-08
34,1.303852E-08
34,6.519258E-09
34,3.259629E-09
34,1.629815E-09
34,8.149073E-10
34,4.074536E-10
34,2.037268E-10
34,1.018634E-10
34,5.09317E-11
34,2.546585E-11
34,1.273293E-11
34,6.366463E-12
34,3.183231E-12
34,1.591616E-12
34,7.958079E-13
34,3.979039E-13
34,1.98952E-13
34,9.947598E-14
34,4.973799E-14
34,2.4869E-14
34,1.24345E-14
34,6.217249E-15
34,3.108624E-15
34,1.554312E-15
34,7.771561E-16
34,3.885781E-16
34,1.94289E-16
34,9.714451E-17
34,4.857226E-17
34,2.428613E-17
34,1.214306E-17
34,6.071532E-18
34,3.035766E-18
34,1.517883E-18
34,7.589415E-19
34,3.794708E-19
34,1.897354E-19
34,9.486769E-20
34,4.743385E-20
34,2.371692E-20
34,1.185846E-20
34,5.929231E-21
34,2.964615E-21
34,1.482308E-21
34,7.411538E-22
34,3.705769E-22
34,1.852885E-22
34,9.264423E-23
34,4.632211E-23
34,2.316106E-23
34,1.158053E-23
34,5.790264E-24
34,2.895132E-24
34,1.447566E-24
34,7.23783E-25
34,3.618915E-25
34,1.809458E-25
34,9.047288E-26
34,4.523644E-26
34,2.261822E-26
34,1.130911E-26
34,5.654555E-27
34,2.827277E-27
34,1.413639E-27
34,7.068194E-28
34,3.534097E-28
34,1.767048E-28
34,8.835242E-29
34,4.417621E-29
34,2.208811E-29
34,1.104405E-29
34,5.522026E-30
34,2.761013E-30
34,1.380507E-30
34,6.902533E-31
34,3.451266E-31
34,1.725633E-31
34,8.628166E-32
34,4.314083E-32
34,2.157042E-32
34,1.078521E-32
34,5.392604E-33
34,2.696302E-33
34,1.348151E-33
34,6.740755E-34
34,3.370377E-34
34,1.685189E-34
34,8.425944E-35
34,4.212972E-35
34,2.106486E-35
34,1.053243E-35
34,5.266215E-36
34,2.633107E-36
34,1.316554E-36
34,6.582768E-37
34,3.291384E-37
34,1.645692E-37
34,8.22846E-38
34,4.11423E-38
34,2.057115E-38
34,1.028558E-38
34,5.142788E-39
34,2.571394E-39
34,1.285697E-39
34,6.428485E-40
34,3.214242E-40
34,1.607121E-40
34,8.035606E-41
34,4.017803E-41
34,2.008901E-41
34,1.004451E-41
34,5.022254E-42
34,2.511127E-42
34,1.255563E-42
34,6.277817E-43
34,3.138909E-43
34,1.569454E-43
34,7.847271E-44
34,3.923636E-44
34,1.961818E-44
34,9.809089E-45
34,5.605194E-45
34,2.802597E-45
34,1.401298E-45
34,0
34,0
34,0
34,0
34,0
34,0
34,0
34,0
34,0
34,0
34,0
34,0
34,0
34,0
34,0
34,0
34,0
34,0
34,0
34,0
34,0
34,0
34,0
34,0
34,0
34,0
34,0
34,0
34,0
34,0
34,0
34,0
34,0
34,0
34,0
34,0
34,0
34,0
34,0
34,0
34,0
34,0
34,0
34,0
34,0
34,0
34,0
34,0
34,0
34,0
34,0
34,0
34,0
34,0
34,0
34,0
34,0
34,0
34,0
34,0
34,0
34,0
34,0
34,0
34,0
34,0
34,0
34,0
34,0
34,0
34,0
34,0
34,0
34,0
34,0
34,0
34,0
34,0
34,0
34,0
34,0
34,0
34,0
34,0
34,0
34,0
34,0
34,0
34,0
34,0
34,0
34,0
34,0
34,0
34,0
34,0
34,0
34,0
34,0
34,0
34,0
34,0
34,0
34,0
34,0
34,0
34,0
34,0
34,0
34,0
34,0
34,0
34,0
34,0
34,0
34,0
34,0
34,0
34,0
34,0
34,0
34,0
34,0
34,0
34,0
34,0
34,0
34,0
34,0
34,0
34,0
34,0
34,0
34,0
34,0
34,0
34,0
34,0
34,0
34,0
34,0
34,0
34,0
34,0
34,0
34,0
34,0
34,0
34,0
34,0
34,0
34,0
34,0
34,0
34,0
34,0
34,0
34,0
34,0
34,0
34,0
34,0
34,0
29,2.5
29,1.25
29,0.625
29,0.3125
29,0.15625
29,0.078125
29,0.0390625
29,0.01953125
29,0.009765625
29,0.004882813
29,0.002441406
29,0.001220703
29,0.0006103516
29,0.0003051758
29,0.0001525879
29,7.629395E-05
29,3.814697E-05
29,1.907349E-05
29,9.536743E-06
29,4.768372E-06
29,2.384186E-06
29,1.192093E-06
29,5.960464E-07
29,2.980232E-07
29,1.490116E-07
29,7.450581E-08
29,3.72529E-08
29,1.862645E-08
29,9.313226E-09
29,4.656613E-09
29,2.328306E-09
29,1.164153E-09
29,5.820766E-10
29,2.910383E-10
29,1.455192E-10
29,7.275958E-11
29,3.637979E-11
29,1.818989E-11
29,9.094947E-12
29,4.547474E-12
29,2.273737E-12
29,1.136868E-12
29,5.684342E-13
29,2.842171E-13
29,1.421085E-13
29,7.105427E-14
29,3.552714E-14
29,1.776357E-14
29,8.881784E-15
29,4.440892E-15
29,2.220446E-15
29,1.110223E-15
29,5.551115E-16
29,2.775558E-16
29,1.387779E-16
29,6.938894E-17
29,3.469447E-17
29,1.734723E-17
29,8.673617E-18
29,4.336809E-18
29,2.168404E-18
29,1.084202E-18
29,5.421011E-19
29,2.710505E-19
29,1.355253E-19
29,6.776264E-20
29,3.388132E-20
29,1.694066E-20
29,8.470329E-21
29,4.235165E-21
29,2.117582E-21
29,1.058791E-21
29,5.293956E-22
29,2.646978E-22
29,1.323489E-22
29,6.617445E-23
29,3.308722E-23
29,1.654361E-23
29,8.271806E-24
29,4.135903E-24
29,2.067952E-24
29,1.033976E-24
29,5.169879E-25
29,2.584939E-25
29,1.29247E-25
29,6.462349E-26
29,3.231174E-26
29,1.615587E-26
29,8.077936E-27
29,4.038968E-27
29,2.019484E-27
29,1.009742E-27
29,5.04871E-28
29,2.524355E-28
29,1.262177E-28
29,6.310887E-29
29,3.155444E-29
29,1.577722E-29
29,7.888609E-30
29,3.944305E-30
29,1.972152E-30
29,9.860761E-31
29,4.930381E-31
29,2.46519E-31
29,1.232595E-31
29,6.162976E-32
29,3.081488E-32
29,1.540744E-32
29,7.70372E-33
29,3.85186E-33
29,1.92593E-33
29,9.62965E-34
29,4.814825E-34
29,2.407412E-34
29,1.203706E-34
29,6.018531E-35
29,3.009266E-35
29,1.504633E-35
29,7.523164E-36
29,3.761582E-36
29,1.880791E-36
29,9.403955E-37
29,4.701977E-37
29,2.350989E-37
29,1.175494E-37
29,5.877472E-38
29,2.938736E-38
29,1.469368E-38
29,7.34684E-39
29,3.67342E-39
29,1.83671E-39
29,9.18355E-40
29,4.591775E-40
29,2.295887E-40
29,1.147944E-40
29,5.739719E-41
29,2.869859E-41
29,1.43493E-41
29,7.174648E-42
29,3.587324E-42
29,1.793662E-42
29,8.96831E-43
29,4.484155E-43
29,2.242078E-43
29,1.121039E-43
29,5.605194E-44
29,2.802597E-44
29,1.401298E-44
29,7.006492E-45
29,2.802597E-45
29,1.401298E-45
29,0
29,0
29,0
29,0
29,0
29,0
29,0
29,0
29,0
29,0
29,0
29,0
29,0
29,0
29,0
29,0
29,0
29,0
29,0
29,0
29,0
29,0
29,0
29,0
29,0
29,0
29,0
29,0
29,0
29,0
29,0
29,0
29,0
29,0
29,0
29,0
29,0
29,0
29,0
29,0
29,0
29,0
29,0
29,0
29,0
29,0
29,0
29,0
29,0
29,0
29,0
29,0
29,0
29,0
29,0
29,0
29,0
29,0
29,0
29,0
29,0
29,0
29,0
29,0
29,0
29,0
29,0
29,0
29,0
29,0
29,0
29,0
29,0
29,0
29,0
29,0
29,0
29,0
29,0
29,0
29,0
29,0
29,0
29,0
29,0
29,0
29,0
29,0
29,0
29,0
29,0
29,0
29,0
29,0
29,0
29,0
29,0
29,0
29,0
29,0
29,0
29,0
29,0
29,0
29,0
29,0
29,0
29,0
29,0
29,0
29,0
29,0
29,0
29,0
29,0
29,0
29,0
29,0
29,0
29,0
29,0
29,0
29,0
29,0
29,0
29,0
29,0
29,0
29,0
29,0
29,0
29,0
29,0
29,0
29,0
29,0
29,0
29,0
29,0
29,0
29,0
29,0
29,0
29,0
29,0
29,0
29,0
29,0
29,0
29,0
29,0
29,0
29,0
29,0
29,0
29,0
29,0
29,0
29,0
29,0
29,0
29,0
29,0
29,0
29,0
29,0
29,0
29,0
29,0
29,0
29,0
29,0
29,0
29,0
29,0
29,0
29,0
29,0
29,0
29,0
29,0
29,0
29,0
29,0
29,0
29,0
29,0
29,0
29,0
29,0
29,0
29,0
29,0
29,0
29,0
29,0
29,0
29,0
29,0
29,0
29,0
29,0
29,0
29,0
29,0
32,1.5
32,0.75
32,0.375
32,0.1875
32,0.09375
32,0.046875
32,0.0234375
32,0.01171875
32,0.005859375
32,0.002929688
32,0.001464844
32,0.0007324219
32,0.0003662109
32,0.0001831055
32,9.155273E-05
32,4.577637E-05
32,2.288818E-05
32,1.144409E-05
32,5.722046E-06
32,2.861023E-06
32,1.430511E-06
32,7.152557E-07
32,3.576279E-07
32,1.788139E-07
32,8.940697E-08
32,4.470348E-08
32,2.235174E-08
32,1.117587E-08
32,5.587935E-09
32,2.793968E-09
32,1.396984E-09
32,6.984919E-10
32,3.49246E-10
32,1.74623E-10
32,8.731149E-11
32,4.365575E-11
32,2.182787E-11
32,1.091394E-11
32,5.456968E-12
32,2.728484E-12
32,1.364242E-12
32,6.82121E-13
32,3.410605E-13
32,1.705303E-13
32,8.526513E-14
32,4.263256E-14
32,2.131628E-14
32,1.065814E-14
32,5.329071E-15
32,2.664535E-15
32,1.332268E-15
32,6.661338E-16
32,3.330669E-16
32,1.665335E-16
32,8.326673E-17
32,4.163336E-17
32,2.081668E-17
32,1.040834E-17
32,5.20417E-18
32,2.602085E-18
32,1.301043E-18
32,6.505213E-19
32,3.252607E-19
32,1.626303E-19
32,8.131516E-20
32,4.065758E-20
32,2.032879E-20
32,1.01644E-20
32,5.082198E-21
32,2.541099E-21
32,1.270549E-21
32,6.352747E-22
32,3.176374E-22
32,1.588187E-22
32,7.940934E-23
32,3.970467E-23
32,1.985233E-23
32,9.926167E-24
32,4.963084E-24
32,2.481542E-24
32,1.240771E-24
32,6.203855E-25
32,3.101927E-25
32,1.550964E-25
32,7.754818E-26
32,3.877409E-26
32,1.938705E-26
32,9.693523E-27
32,4.846761E-27
32,2.423381E-27
32,1.21169E-27
32,6.058452E-28
32,3.029226E-28
32,1.514613E-28
32,7.573065E-29
32,3.786532E-29
32,1.893266E-29
32,9.466331E-30
32,4.733165E-30
32,2.366583E-30
32,1.183291E-30
32,5.916457E-31
32,2.958228E-31
32,1.479114E-31
32,7.395571E-32
32,3.697785E-32
32,1.848893E-32
32,9.244464E-33
32,4.622232E-33
32,2.311116E-33
32,1.155558E-33
32,5.77779E-34
32,2.888895E-34
32,1.444447E-34
32,7.222237E-35
32,3.611119E-35
32,1.805559E-35
32,9.027797E-36
32,4.513898E-36
32,2.256949E-36
32,1.128475E-36
32,5.642373E-37
32,2.821186E-37
32,1.410593E-37
32,7.052966E-38
32,3.526483E-38
32,1.763242E-38
32,8.816208E-39
32,4.408104E-39
32,2.204052E-39
32,1.102026E-39
32,5.51013E-40
32,2.755065E-40
32,1.377532E-40
32,6.887662E-41
32,3.443831E-41
32,1.721916E-41
32,8.609578E-42
32,4.304789E-42
32,2.152394E-42
32,1.076197E-42
32,5.380986E-43
32,2.690493E-43
32,1.345247E-43
32,6.726233E-44
32,3.363116E-44
32,1.681558E-44
32,8.407791E-45
32,4.203895E-45
32,2.802597E-45
32,1.401298E-45
32,0
32,0
32,0
32,0
32,0
32,0
32,0
32,0
32,0
32,0
32,0
32,0
32,0
32,0
32,0
32,0
32,0
32,0
32,0
32,0
32,0
32,0
32,0
32,0
32,0
32,0
32,0
32,0
32,0
32,0
32,0
32,0
32,0
32,0
32,0
32,0
32,0
32,0
32,0
32,0
32,0
32,0
32,0
32,0
32,0
32,0
32,0
32,0
32,0
32,0
32,0
32,0
32,0
32,0
32,0
32,0
32,0
32,0
32,0
32,0
32,0
32,0
32,0
32,0
32,0
32,0
32,0
32,0
32,0
32,0
32,0
32,0
32,0
32,0
32,0
32,0
32,0
32,0
32,0
32,0
32,0
32,0
32,0
32,0
32,0
32,0
32,0
32,0
32,0
32,0
32,0
32,0
32,0
32,0
32,0
32,0
32,0
32,0
32,0
32,0
32,0
32,0
32,0
32,0
32,0
32,0
32,0
32,0
32,0
32,0
32,0
32,0
32,0
32,0
32,0
32,0
32,0
32,0
32,0
32,0
32,0
32,0
32,0
32,0
32,0
32,0
32,0
32,0
32,0
32,0
32,0
32,0
32,0
32,0
32,0
32,0
32,0
32,0
32,0
32,0
32,0
32,0
32,0
32,0
32,0
32,0
32,0
32,0
32,0
32,0
32,0
32,0
32,0
32,0
32,0
32,0
32,0
32,0
32,0
32,0
32,0
32,0
32,0
32,0
32,0
32,0
32,0
32,0
32,0
32,0
32,0
32,0
32,0
32,0
32,0
32,0
32,0
32,0
32,0
32,0
33,0.5
33,0.25
33,0.125
33,0.0625
33,0.03125
33,0.015625
33,0.0078125
33,0.00390625
33,0.001953125
33,0.0009765625
33,0.0004882813
33,0.0002441406
33,0.0001220703
33,6.103516E-05
33,3.051758E-05
33,1.525879E-05
33,7.629395E-06
33,3.814697E-06
33,1.907349E-06
33,9.536743E-07
33,4.768372E-07
33,2.384186E-07
33,1.192093E-07
33,5.960464E-08
33,2.980232E-08
33,1.490116E-08
33,7.450581E-09
33,3.72529E-09
33,1.862645E-09
33,9.313226E-10
33,4.656613E-10
33,2.328306E-10
33,1.164153E-10
33,5.820766E-11
33,2.910383E-11
33,1.455192E-11
33,7.275958E-12
33,3.637979E-12
33,1.818989E-12
33,9.094947E-13
33,4.547474E-13
33,2.273737E-13
33,1.136868E-13
33,5.684342E-14
33,2.842171E-14
33,1.421085E-14
33,7.105427E-15
33,3.552714E-15
33,1.776357E-15
33,8.881784E-16
33,4.440892E-16
33,2.220446E-16
33,1.110223E-16
33,5.551115E-17
33,2.775558E-17
33,1.387779E-17
33,6.938894E-18
33,3.469447E-18
33,1.734723E-18
33,8.673617E-19
33,4.336809E-19
33,2.168404E-19
33,1.084202E-19
33,5.421011E-20
33,2.710505E-20
33,1.355253E-20
33,6.776264E-21
33,3.388132E-21
33,1.694066E-21
33,8.470329E-22
33,4.235165E-22
33,2.117582E-22
33,1.058791E-22
33,5.293956E-23
33,2.646978E-23
33,1.323489E-23
33,6.617445E-24
33,3.308722E-24
33,1.654361E-24
33,8.271806E-25
33,4.135903E-25
33,2.067952E-25
33,1.033976E-25
33,5.169879E-26
33,2.584939E-26
33,1.29247E-26
33,6.462349E-27
33,3.231174E-27
33,1.615587E-27
33,8.077936E-28
33,4.038968E-28
33,2.019484E-28
33,1.009742E-28
33,5.04871E-29
33,2.524355E-29
33,1.262177E-29
33,6.310887E-30
33,3.155444E-30
33,1.577722E-30
33,7.888609E-31
33,3.944305E-31
33,1.972152E-31
33,9.860761E-32
33,4.930381E-32
33,2.46519E-32
33,1.232595E-32
33,6.162976E-33
33,3.081488E-33
33,1.540744E-33
33,7.70372E-34
33,3.85186E-34
33,1.92593E-34
33,9.62965E-35
33,4.814825E-35
33,2.407412E-35
33,1.203706E-35
33,6.018531E-36
33,3.009266E-36
33,1.504633E-36
33,7.523164E-37
33,3.761582E-37
33,1.880791E-37
33,9.403955E-38
33,4.701977E-38
33,2.350989E-38
33,1.175494E-38
33,5.877472E-39
33,2.938736E-39
33,1.469368E-39
33,7.34684E-40
33,3.67342E-40
33,1.83671E-40
33,9.18355E-41
33,4.591775E-41
33,2.295887E-41
33,1.147944E-41
33,5.739719E-42
33,2.869859E-42
33,1.43493E-42
33,7.174648E-43
33,3.587324E-43
33,1.793662E-43
33,8.96831E-44
33,4.484155E-44
33,2.242078E-44
33,1.121039E-44
33,5.605194E-45
33,2.802597E-45
33,1.401298E-45
33,0
33,0
33,0
33,0
33,0
33,0
33,0
33,0
33,0
33,0
33,0
33,0
33,0
33,0
33,0
33,0
33,0
33,0
33,0
33,0
33,0
33,0
33,0
33,0
33,0
33,0
33,0
33,0
33,0
33,0
33,0
33,0
33,0
33,0
33,0
33,0
33,0
33,0
33,0
33,0
33,0
33,0
33,0
33,0
33,0
33,0
33,0
33,0
33,0
33,0
33,0
33,0
33,0
33,0
33,0
33,0
33,0
33,0
33,0
33,0
33,0
33,0
33,0
33,0
33,0
33,0
33,0
33,0
33,0
33,0
33,0
33,0
33,0
33,0
33,0
33,0
33,0
33,0
33,0
33,0
33,0
33,0
33,0
33,0
33,0
33,0
33,0
33,0
33,0
33,0
33,0
33,0
33,0
33,0
33,0
33,0
33,0
33,0
33,0
33,0
33,0
33,0
33,0
33,0
33,0
33,0
33,0
33,0
33,0
33,0
33,0
33,0
33,0
33,0
33,0
33,0
33,0
33,0
33,0
33,0
33,0
33,0
33,0
33,0
33,0
33,0
33,0
33,0
33,0
33,0
33,0
33,0
33,0
33,0
33,0
33,0
33,0
33,0
33,0
33,0
33,0
33,0
33,0
33,0
33,0
33,0
33,0
33,0
33,0
33,0
33,0
33,0
33,0
33,0
33,0
33,0
33,0
33,0
33,0
33,0
33,0
33,0
33,0
33,0
33,0
33,0
33,0
33,0
33,0
33,0
33,0
33,0
33,0
33,0
33,0
33,0
33,0
33,0
33,0
33,0
33,0
33,0
33,0
33,0
33,0
33,0
33,0
33,0
33,0
33,0
33,0
33,0
33,0
33,0
33,0
33,0
33,0
33,0
33,0
33,0
28,2.5
28,1.25
28,0.625
28,0.3125
28,0.15625
28,0.078125
28,0.0390625
28,0.01953125
28,0.009765625
28,0.004882813
28,0.002441406
28,0.001220703
28,0.0006103516
28,0.0003051758
28,0.0001525879
28,7.629395E-05
28,3.814697E-05
28,1.907349E-05
28,9.536743E-06
28,4.768372E-06
28,2.384186E-06
28,1.192093E-06
28,5.960464E-07
28,2.980232E-07
28,1.490116E-07
28,7.450581E-08
28,3.72529E-08
28,1.862645E-08
28,9.313226E-09
28,4.656613E-09
28,2.328306E-09
28,1.164153E-09
28,5.820766E-10
28,2.910383E-10
28,1.455192E-10
28,7.275958E-11
28,3.637979E-11
28,1.818989E-11
28,9.094947E-12
28,4.547474E-12
28,2.273737E-12
28,1.136868E-12
28,5.684342E-13
28,2.842171E-13
28,1.421085E-13
28,7.105427E-14
28,3.552714E-14
28,1.776357E-14
28,8.881784E-15
28,4.440892E-15
28,2.220446E-15
28,1.110223E-15
28,5.551115E-16
28,2.775558E-16
28,1.387779E-16
28,6.938894E-17
28,3.469447E-17
28,1.734723E-17
28,8.673617E-18
28,4.336809E-18
28,2.168404E-18
28,1.084202E-18
28,5.421011E-19
28,2.710505E-19
28,1.355253E-19
28,6.776264E-20
28,3.388132E-20
28,1.694066E-20
28,8.470329E-21
28,4.235165E-21
28,2.117582E-21
28,1.058791E-21
28,5.293956E-22
28,2.646978E-22
28,1.323489E-22
28,6.617445E-23
28,3.308722E-23
28,1.654361E-23
28,8.271806E-24
28,4.135903E-24
28,2.067952E-24
28,1.033976E-24
28,5.169879E-25
28,2.584939E-25
28,1.29247E-25
28,6.462349E-26
28,3.231174E-26
28,1.615587E-26
28,8.077936E-27
28,4.038968E-27
28,2.019484E-27
28,1.009742E-27
28,5.04871E-28
28,2.524355E-28
28,1.262177E-28
28,6.310887E-29
28,3.155444E-29
28,1.577722E-29
28,7.888609E-30
28,3.944305E-30
28,1.972152E-30
28,9.860761E-31
28,4.930381E-31
28,2.46519E-31
28,1.232595E-31
28,6.162976E-32
28,3.081488E-32
28,1.540744E-32
28,7.70372E-33
28,3.85186E-33
28,1.92593E-33
28,9.62965E-34
28,4.814825E-34
28,2.407412E-34
28,1.203706E-34
28,6.018531E-35
28,3.009266E-35
28,1.504633E-35
28,7.523164E-36
28,3.761582E-36
28,1.880791E-36
28,9.403955E-37
28,4.701977E-37
28,2.350989E-37
28,1.175494E-37
28,5.877472E-38
28,2.938736E-38
28,1.469368E-38
28,7.34684E-39
28,3.67342E-39
28,1.83671E-39
28,9.18355E-40
28,4.591775E-40
28,2.295887E-40
28,1.147944E-40
28,5.739719E-41
28,2.869859E-41
28,1.43493E-41
28,7.174648E-42
28,3.587324E-42
28,1.793662E-42
28,8.96831E-43
28,4.484155E-43
28,2.242078E-43
28,1.121039E-43
28,5.605194E-44
28,2.802597E-44
28,1.401298E-44
28,7.006492E-45
28,2.802597E-45
28,1.401298E-45
28,0
28,0
28,0
28,0
28,0
28,0
28,0
28,0
28,0
28,0
28,0
28,0
28,0
28,0
28,0
28,0
28,0
28,0
28,0
28,0
28,0
28,0
28,0
28,0
28,0
28,0
28,0
28,0
28,0
28,0
28,0
28,0
28,0
28,0
28,0
28,0
28,0
28,0
28,0
28,0
28,0
28,0
28,0
28,0
28,0
28,0
28,0
28,0
28,0
28,0
28,0
28,0
28,0
28,0
28,0
28,0
28,0
28,0
28,0
28,0
28,0
28,0
28,0
28,0
28,0
28,0
28,0
28,0
28,0
28,0
28,0
28,0
28,0
28,0
28,0
28,0
28,0
28,0
28,0
28,0
28,0
28,0
28,0
28,0
28,0
28,0
28,0
28,0
28,0
28,0
28,0
28,0
28,0
28,0
28,0
28,0
28,0
28,0
28,0
28,0
28,0
28,0
28,0
28,0
28,0
28,0
28,0
28,0
28,0
28,0
28,0
28,0
28,0
28,0
28,0
28,0
28,0
28,0
28,0
28,0
28,0
28,0
28,0
28,0
28,0
28,0
28,0
28,0
28,0
28,0
28,0
28,0
28,0
28,0
28,0
28,0
28,0
28,0
28,0
28,0
28,0
28,0
28,0
28,0
28,0
28,0
28,0
28,0
28,0
28,0
28,0
28,0
28,0
28,0
28,0
28,0
28,0
28,0
28,0
28,0
28,0
28,0
28,0
28,0
28,0
28,0
28,0
28,0
28,0
28,0
28,0
28,0
28,0
28,0
28,0
28,0
28,0
28,0
28,0
28,0
28,0
28,0
28,0
28,0
28,0
28,0
28,0
28,0
28,0
28,0
28,0
28,0
28,0
28,0
28,0
28,0
28,0
28,0
28,0
28,0
28,0
28,0
28,0
28,0
28,0
28,0
28,0
28,0
28,0
28,0
28,0
28,0
28,0
28,0
28,0
28,0
28,0
28,0
28,0
28,0
28,0
28,0
28,0
28,0
28,0
28,0
28,0
28,0
28,0
28,0
28,0
28,0
28,0
28,0
28,0
28,0
28,0
28,0
28,0
28,0
28,0
28,0
28,0
28,0
28,0
28,0
28,0
28,0
28,0
28,0
28,0
28,0
28,0
28,0
28,0
28,0
28,0
28,0
28,0
28,0
28,0
28,0
28,0
28,0
28,0
28,0
28,0
28,0
28,0
28,0
28,0
28,0
28,0
28,0
28,0
28,0
28,0
28,0
28,0
28,0
28,0
28,0
28,0
28,0
28,0
28,0
28,0
28,0
28,0
28,0
28,0
28,0
28,0
28,0
28,0
28,0
28,0
28,0
28,0
28,0
28,0
28,0
28,0
79,25.5
79,12.75
79,6.375
79,3.1875
79,1.59375
79,0.796875
79,0.3984375
79,0.1992188
79,0.09960938
79,0.04980469
79,0.02490234
79,0.01245117
79,0.006225586
79,0.003112793
79,0.001556396
79,0.0007781982
79,0.0003890991
79,0.0001945496
79,9.727478E-05
79,4.863739E-05
79,2.43187E-05
79,1.215935E-05
79,6.079674E-06
79,3.039837E-06
79,1.519918E-06
79,7.599592E-07
79,3.799796E-07
79,1.899898E-07
79,9.49949E-08
79,4.749745E-08
79,2.374873E-08
79,1.187436E-08
79,5.937181E-09
79,2.968591E-09
79,1.484295E-09
79,7.421477E-10
79,3.710738E-10
79,1.855369E-10
79,9.276846E-11
79,4.638423E-11
79,2.319211E-11
79,1.159606E-11
79,5.798029E-12
79,2.899014E-12
79,1.449507E-12
79,7.247536E-13
79,3.623768E-13
79,1.811884E-13
79,9.05942E-14
79,4.52971E-14
79,2.264855E-14
79,1.132427E-14
79,5.662137E-15
79,2.831069E-15
79,1.415534E-15
79,7.077672E-16
79,3.538836E-16
79,1.769418E-16
79,8.84709E-17
79,4.423545E-17
79,2.211772E-17
79,1.105886E-17
79,5.529431E-18
79,2.764716E-18
79,1.382358E-18
79,6.911789E-19
79,3.455894E-19
79,1.727947E-19
79,8.639736E-20
79,4.319868E-20
79,2.159934E-20
79,1.079967E-20
79,5.399835E-21
79,2.699918E-21
79,1.349959E-21
79,6.749794E-22
79,3.374897E-22
79,1.687448E-22
79,8.437242E-23
79,4.218621E-23
79,2.109311E-23
79,1.054655E-23
79,5.273276E-24
79,2.636638E-24
79,1.318319E-24
79,6.591596E-25
79,3.295798E-25
79,1.647899E-25
79,8.239494E-26
79,4.119747E-26
79,2.059874E-26
79,1.029937E-26
79,5.149684E-27
79,2.574842E-27
79,1.287421E-27
79,6.437105E-28
79,3.218552E-28
79,1.609276E-28
79,8.046381E-29
79,4.023191E-29
79,2.011595E-29
79,1.005798E-29
79,5.028988E-30
79,2.514494E-30
79,1.257247E-30
79,6.286235E-31
79,3.143118E-31
79,1.571559E-31
79,7.857794E-32
79,3.928897E-32
79,1.964449E-32
79,9.822243E-33
79,4.911121E-33
79,2.455561E-33
79,1.22778E-33
79,6.138902E-34
79,3.069451E-34
79,1.534725E-34
79,7.673627E-35
79,3.836814E-35
79,1.918407E-35
79,9.592034E-36
79,4.796017E-36
79,2.398008E-36
79,1.199004E-36
79,5.995021E-37
79,2.997511E-37
79,1.498755E-37
79,7.493776E-38
79,3.746888E-38
79,1.873444E-38
79,9.367221E-39
79,4.68361E-39
79,2.341805E-39
79,1.170903E-39
79,5.854513E-40
79,2.927256E-40
79,1.463628E-40
79,7.318141E-41
79,3.659071E-41
79,1.829535E-41
79,9.147676E-42
79,4.573838E-42
79,2.286919E-42
79,1.14346E-42
79,5.717298E-43
79,2.858649E-43
79,1.429324E-43
79,7.146622E-44
79,3.643376E-44
79,1.821688E-44
79,8.407791E-45
79,4.203895E-45
79,2.802597E-45
79,1.401298E-45
79,0
79,0
79,0
79,0
79,0
79,0
79,0
79,0
79,0
79,0
79,0
79,0
79,0
79,0
79,0
79,0
79,0
79,0
79,0
79,0
79,0
79,0
79,0
79,0
79,0
79,0
79,0
79,0
79,0
79,0
79,0
79,0
79,0
79,0
79,0
79,0
79,0
79,0
79,0
79,0
79,0
79,0
79,0
79,0
79,0
79,0
79,0
79,0
79,0
79,0
79,0
79,0
79,0
79,0
79,0
79,0
79,0
79,0
79,0
79,0
79,0
79,0
79,0
79,0
79,0
79,0
79,0
79,0
79,0
79,0
79,0
79,0
79,0
79,0
79,0
79,0
79,0
79,0
79,0
79,0
79,0
79,0
79,0
79,0
79,0
79,0
79,0
79,0
79,0
79,0
79,0
79,0
79,0
79,0
79,0
79,0
79,0
79,0
79,0
79,0
79,0
79,0
79,0
79,0
79,0
79,0
79,0
79,0
79,0
79,0
79,0
79,0
79,0
79,0
79,0
79,0
79,0
79,0
79,0
79,0
79,0
79,0
79,0
67,6
67,3
67,1.5
67,0.75
67,0.375
67,0.1875
67,0.09375
67,0.046875
67,0.0234375
67,0.01171875
67,0.005859375
67,0.002929688
67,0.001464844
67,0.0007324219
67,0.0003662109
67,0.0001831055
67,9.155273E-05
67,4.577637E-05
67,2.288818E-05
67,1.144409E-05
67,5.722046E-06
67,2.861023E-06
67,1.430511E-06
67,7.152557E-07
67,3.576279E-07
67,1.788139E-07
67,8.940697E-08
67,4.470348E-08
67,2.235174E-08
67,1.117587E-08
67,5.587935E-09
67,2.793968E-09
67,1.396984E-09
67,6.984919E-10
67,3.49246E-10
67,1.74623E-10
67,8.731149E-11
67,4.365575E-11
67,2.182787E-11
67,1.091394E-11
67,5.456968E-12
67,2.728484E-12
67,1.364242E-12
67,6.82121E-13
67,3.410605E-13
67,1.705303E-13
67,8.526513E-14
67,4.263256E-14
67,2.131628E-14
67,1.065814E-14
67,5.329071E-15
67,2.664535E-15
67,1.332268E-15
67,6.661338E-16
67,3.330669E-16
67,1.665335E-16
67,8.326673E-17
67,4.163336E-17
67,2.081668E-17
67,1.040834E-17
67,5.20417E-18
67,2.602085E-18
67,1.301043E-18
67,6.505213E-19
67,3.252607E-19
67,1.626303E-19
67,8.131516E-20
67,4.065758E-20
67,2.032879E-20
67,1.01644E-20
67,5.082198E-21
67,2.541099E-21
67,1.270549E-21
67,6.352747E-22
67,3.176374E-22
67,1.588187E-22
67,7.940934E-23
67,3.970467E-23
67,1.985233E-23
67,9.926167E-24
67,4.963084E-24
67,2.481542E-24
67,1.240771E-24
67,6.203855E-25
67,3.101927E-25
67,1.550964E-25
67,7.754818E-26
67,3.877409E-26
67,1.938705E-26
67,9.693523E-27
67,4.846761E-27
67,2.423381E-27
67,1.21169E-27
67,6.058452E-28
67,3.029226E-28
67,1.514613E-28
67,7.573065E-29
67,3.786532E-29
67,1.893266E-29
67,9.466331E-30
67,4.733165E-30
67,2.366583E-30
67,1.183291E-30
67,5.916457E-31
67,2.958228E-31
67,1.479114E-31
67,7.395571E-32
67,3.697785E-32
67,1.848893E-32
67,9.244464E-33
67,4.622232E-33
67,2.311116E-33
67,1.155558E-33
67,5.77779E-34
67,2.888895E-34
67,1.444447E-34
67,7.222237E-35
67,3.611119E-35
67,1.805559E-35
67,9.027797E-36
67,4.513898E-36
67,2.256949E-36
67,1.128475E-36
67,5.642373E-37
67,2.821186E-37
67,1.410593E-37
67,7.052966E-38
67,3.526483E-38
67,1.763242E-38
67,8.816208E-39
67,4.408104E-39
67,2.204052E-39
67,1.102026E-39
67,5.51013E-40
67,2.755065E-40
67,1.377532E-40
67,6.887662E-41
67,3.443831E-41
67,1.721916E-41
67,8.609578E-42
67,4.304789E-42
67,2.152394E-42
67,1.076197E-42
67,5.380986E-43
67,2.690493E-43
67,1.345247E-43
67,6.726233E-44
67,3.363116E-44
67,1.681558E-44
67,8.407791E-45
67,4.203895E-45
67,2.802597E-45
67,1.401298E-45
67,0
67,0
67,0
67,0
67,0
67,0
67,0
67,0
67,0
67,0
67,0
67,0
67,0
67,0
67,0
67,0
67,0
67,0
67,0
67,0
67,0
67,0
67,0
67,0
67,0
67,0
67,0
67,0
67,0
67,0
67,0
67,0
67,0
67,0
67,0
67,0
67,0
67,0
67,0
67,0
67,0
67,0
67,0
67,0
67,0
67,0
67,0
67,0
67,0
67,0
67,0
67,0
67,0
67,0
67,0
67,0
67,0
67,0
67,0
67,0
67,0
67,0
67,0
67,0
67,0
67,0
67,0
67,0
67,0
67,0
67,0
67,0
67,0
67,0
67,0
67,0
67,0
67,0
67,0
67,0
67,0
67,0
67,0
67,0
67,0
67,0
67,0
67,0
67,0
67,0
67,0
67,0
67,0
67,0
67,0
67,0
67,0
67,0
67,0
67,0
67,0
67,0
67,0
67,0
67,0
67,0
67,0
67,0
67,0
67,0
67,0
67,0
67,0
67,0
67,0
67,0
67,0
67,0
67,0
67,0
67,0
67,0
67,0
67,0
67,0
67,0
67,0
67,0
67,0
67,0
67,0
67,0
67,0
67,0
67,0
67,0
67,0
67,0
67,0
67,0
67,0
67,0
67,0
67,0
67,0
67,0
67,0
67,0
67,0
67,0
67,0
67,0
67,0
67,0
67,0
67,0
67,0
67,0
67,0
67,0
67,0
67,0
67,0
67,0
67,0
67,0
67,0
67,0
67,0
67,0
67,0
67,0
67,0
67,0
67,0
67,0
67,0
67,0
67,0
67,0
67,0
67,0
67,0
67,0
67,0
67,0
67,0
67,0
67,0
67,0
67,0
67,0
67,0
67,0
67,0
67,0
67,0
67,0
67,0
67,0
67,0
67,0
67,0
67,0
67,0
67,0
67,0
67,0
67,0
67,0
67,0
67,0
67,0
67,0
67,0
67,0
67,0
67,0
67,0
67,0
67,0
67,0
67,0
67,0
67,0
52,7.5
52,3.75
52,1.875
52,0.9375
52,0.46875
52,0.234375
52,0.1171875
52,0.05859375
52,0.02929688
52,0.01464844
52,0.007324219
52,0.003662109
52,0.001831055
52,0.0009155273
52,0.0004577637
52,0.0002288818
52,0.0001144409
52,5.722046E-05
52,2.861023E-05
52,1.430511E-05
52,7.152557E-06
52,3.576279E-06
52,1.788139E-06
52,8.940697E-07
52,4.470348E-07
52,2.235174E-07
52,1.117587E-07
52,5.587935E-08
52,2.793968E-08
52,1.396984E-08
52,6.984919E-09
52,3.49246E-09
52,1.74623E-09
52,8.731149E-10
52,4.365575E-10
52,2.182787E-10
52,1.091394E-10
52,5.456968E-11
52,2.728484E-11
52,1.364242E-11
52,6.82121E-12
52,3.410605E-12
52,1.705303E-12
52,8.526513E-13
52,4.263256E-13
52,2.131628E-13
52,1.065814E-13
52,5.329071E-14
52,2.664535E-14
52,1.332268E-14
52,6.661338E-15
52,3.330669E-15
52,1.665335E-15
52,8.326673E-16
52,4.163336E-16
52,2.081668E-16
52,1.040834E-16
52,5.20417E-17
52,2.602085E-17
52,1.301043E-17
52,6.505213E-18
52,3.252607E-18
52,1.626303E-18
52,8.131516E-19
52,4.065758E-19
52,2.032879E-19
52,1.01644E-19
52,5.082198E-20
52,2.541099E-20
52,1.270549E-20
52,6.352747E-21
52,3.176374E-21
52,1.588187E-21
52,7.940934E-22
52,3.970467E-22
52,1.985233E-22
52,9.926167E-23
52,4.963084E-23
52,2.481542E-23
52,1.240771E-23
52,6.203855E-24
52,3.101927E-24
52,1.550964E-24
52,7.754818E-25
52,3.877409E-25
52,1.938705E-25
52,9.693523E-26
52,4.846761E-26
52,2.423381E-26
52,1.21169E-26
52,6.058452E-27
52,3.029226E-27
52,1.514613E-27
52,7.573065E-28
52,3.786532E-28
52,1.893266E-28
52,9.466331E-29
52,4.733165E-29
52,2.366583E-29
52,1.183291E-29
52,5.916457E-30
52,2.958228E-30
52,1.479114E-30
52,7.395571E-31
52,3.697785E-31
52,1.848893E-31
52,9.244464E-32
52,4.622232E-32
52,2.311116E-32
52,1.155558E-32
52,5.77779E-33
52,2.888895E-33
52,1.444447E-33
52,7.222237E-34
52,3.611119E-34
52,1.805559E-34
52,9.027797E-35
52,4.513898E-35
52,2.256949E-35
52,1.128475E-35
52,5.642373E-36
52,2.821186E-36
52,1.410593E-36
52,7.052966E-37
52,3.526483E-37
52,1.763242E-37
52,8.816208E-38
52,4.408104E-38
52,2.204052E-38
52,1.102026E-38
52,5.51013E-39
52,2.755065E-39
52,1.377532E-39
52,6.887662E-40
52,3.443831E-40
52,1.721916E-40
52,8.609578E-41
52,4.304789E-41
52,2.152394E-41
52,1.076197E-41
52,5.380986E-42
52,2.690493E-42
52,1.345247E-42
52,6.726233E-43
52,3.363116E-43
52,1.681558E-43
52,8.407791E-44
52,4.203895E-44
52,2.101948E-44
52,1.121039E-44
52,5.605194E-45
52,2.802597E-45
52,1.401298E-45
52,0
52,0
52,0
52,0
52,0
52,0
52,0
52,0
52,0
52,0
52,0
52,0
52,0
52,0
52,0
52,0
52,0
52,0
52,0
52,0
52,0
52,0
52,0
52,0
52,0
52,0
52,0
52,0
52,0
52,0
52,0
52,0
52,0
52,0
52,0
52,0
52,0
52,0
52,0
52,0
52,0
52,0
52,0
52,0
52,0
52,0
52,0
52,0
52,0
52,0
52,0
52,0
52,0
52,0
52,0
52,0
52,0
52,0
52,0
52,0
52,0
52,0
52,0
52,0
52,0
52,0
52,0
52,0
52,0
52,0
52,0
52,0
52,0
52,0
52,0
52,0
52,0
52,0
52,0
52,0
52,0
52,0
52,0
52,0
52,0
52,0
52,0
52,0
52,0
52,0
52,0
52,0
52,0
52,0
52,0
52,0
52,0
52,0
52,0
52,0
52,0
52,0
52,0
52,0
52,0
52,0
52,0
52,0
52,0
52,0
52,0
52,0
52,0
52,0
52,0
52,0
52,0
52,0
52,0
52,0
52,0
52,0
52,0
52,0
52,0
52,0
52,0
52,0
52,0
52,0
52,0
52,0
52,0
52,0
52,0
52,0
52,0
52,0
52,0
52,0
52,0
52,0
52,0
52,0
52,0
52,0
52,0
52,0
52,0
52,0
52,0
52,0
52,0
52,0
52,0
52,0
52,0
52,0
52,0
52,0
52,0
52,0
52,0
52,0
52,0
52,0
52,0
52,0
52,0
52,0
52,0
52,0
52,0
52,0
52,0
52,0
52,0
52,0
52,0
52,0
52,0
52,0
52,0
52,0
52,0
52,0
52,0
52,0
52,0
52,0
52,0
52,0
52,0
52,0
52,0
52,0
52,0
52,0
52,0
52,0
52,0
52,0
52,0
52,0
52,0
52,0
52,0
52,0
52,0
52,0
52,0
52,0
52,0
52,0
52,0
52,0
52,0
52,0
52,0
52,0
52,0
52,0
52,0
52,0
52,0
52,0
52,0
52,0
48,2
48,1
48,0.5
48,0.25
48,0.125
48,0.0625
48,0.03125
48,0.015625
48,0.0078125
48,0.00390625
48,0.001953125
48,0.0009765625
48,0.0004882813
48,0.0002441406
48,0.0001220703
48,6.103516E-05
48,3.051758E-05
48,1.525879E-05
48,7.629395E-06
48,3.814697E-06
48,1.907349E-06
48,9.536743E-07
48,4.768372E-07
48,2.384186E-07
48,1.192093E-07
48,5.960464E-08
48,2.980232E-08
48,1.490116E-08
48,7.450581E-09
48,3.72529E-09
48,1.862645E-09
48,9.313226E-10
48,4.656613E-10
48,2.328306E-10
48,1.164153E-10
48,5.820766E-11
48,2.910383E-11
48,1.455192E-11
48,7.275958E-12
48,3.637979E-12
48,1.818989E-12
48,9.094947E-13
48,4.547474E-13
48,2.273737E-13
48,1.136868E-13
48,5.684342E-14
48,2.842171E-14
48,1.421085E-14
48,7.105427E-15
48,3.552714E-15
48,1.776357E-15
48,8.881784E-16
48,4.440892E-16
48,2.220446E-16
48,1.110223E-16
48,5.551115E-17
48,2.775558E-17
48,1.387779E-17
48,6.938894E-18
48,3.469447E-18
48,1.734723E-18
48,8.673617E-19
48,4.336809E-19
48,2.168404E-19
48,1.084202E-19
48,5.421011E-20
48,2.710505E-20
48,1.355253E-20
48,6.776264E-21
48,3.388132E-21
48,1.694066E-21
48,8.470329E-22
48,4.235165E-22
48,2.117582E-22
48,1.058791E-22
48,5.293956E-23
48,2.646978E-23
48,1.323489E-23
48,6.617445E-24
48,3.308722E-24
48,1.654361E-24
48,8.271806E-25
48,4.135903E-25
48,2.067952E-25
48,1.033976E-25
48,5.169879E-26
48,2.584939E-26
48,1.29247E-26
48,6.462349E-27
48,3.231174E-27
48,1.615587E-27
48,8.077936E-28
48,4.038968E-28
48,2.019484E-28
48,1.009742E-28
48,5.04871E-29
48,2.524355E-29
48,1.262177E-29
48,6.310887E-30
48,3.155444E-30
48,1.577722E-30
48,7.888609E-31
48,3.944305E-31
48,1.972152E-31
48,9.860761E-32
48,4.930381E-32
48,2.46519E-32
48,1.232595E-32
48,6.162976E-33
48,3.081488E-33
48,1.540744E-33
48,7.70372E-34
48,3.85186E-34
48,1.92593E-34
48,9.62965E-35
48,4.814825E-35
48,2.407412E-35
48,1.203706E-35
48,6.018531E-36
48,3.009266E-36
48,1.504633E-36
48,7.523164E-37
48,3.761582E-37
48,1.880791E-37
48,9.403955E-38
48,4.701977E-38
48,2.350989E-38
48,1.175494E-38
48,5.877472E-39
48,2.938736E-39
48,1.469368E-39
48,7.34684E-40
48,3.67342E-40
48,1.83671E-40
48,9.18355E-41
48,4.591775E-41
48,2.295887E-41
48,1.147944E-41
48,5.739719E-42
48,2.869859E-42
48,1.43493E-42
48,7.174648E-43
48,3.587324E-43
48,1.793662E-43
48,8.96831E-44
48,4.484155E-44
48,2.242078E-44
48,1.121039E-44
48,5.605194E-45
48,2.802597E-45
48,1.401298E-45
48,0
48,0
48,0
48,0
48,0
48,0
48,0
48,0
48,0
48,0
48,0
48,0
48,0
48,0
48,0
48,0
48,0
48,0
48,0
48,0
48,0
48,0
48,0
48,0
48,0
48,0
48,0
48,0
48,0
48,0
48,0
48,0
48,0
48,0
48,0
48,0
48,0
48,0
48,0
48,0
48,0
48,0
48,0
48,0
48,0
48,0
48,0
48,0
48,0
48,0
48,0
48,0
48,0
48,0
48,0
48,0
48,0
48,0
48,0
48,0
48,0
48,0
48,0
48,0
48,0
48,0
48,0
48,0
48,0
48,0
48,0
48,0
48,0
48,0
48,0
48,0
48,0
48,0
48,0
48,0
48,0
48,0
48,0
48,0
48,0
48,0
48,0
48,0
48,0
48,0
48,0
48,0
48,0
48,0
48,0
48,0
48,0
48,0
48,0
48,0
48,0
48,0
48,0
48,0
48,0
48,0
48,0
48,0
48,0
48,0
48,0
48,0
48,0
48,0
48,0
48,0
48,0
48,0
48,0
48,0
48,0
48,0
48,0
48,0
48,0
48,0
48,0
48,0
48,0
48,0
48,0
48,0
48,0
48,0
48,0
48,0
48,0
48,0
48,0
48,0
48,0
48,0
48,0
48,0
48,0
48,0
48,0
48,0
48,0
48,0
48,0
48,0
48,0
48,0
48,0
48,0
48,0
48,0
48,0
48,0
48,0
48,0
48,0
48,0
48,0
48,0
48,0
48,0
48,0
48,0
48,0
48,0
48,0
48,0
48,0
48,0
48,0
48,0
48,0
48,0
48,0
48,0
48,0
48,0
48,0
48,0
48,0
48,0
48,0
48,0
48,0
48,0
48,0
48,0
48,0
48,0
48,0
48,0
48,0
48,0
48,0
48,0
48,0
48,0
48,0
48,0
48,0
48,0
48,0
48,0
48,0
48,0
48,0
48,0
48,0
45,1.5
45,0.75
45,0.375
45,0.1875
45,0.09375
45,0.046875
45,0.0234375
45,0.01171875
45,0.005859375
45,0.002929688
45,0.001464844
45,0.0007324219
45,0.0003662109
45,0.0001831055
45,9.155273E-05
45,4.577637E-05
45,2.288818E-05
45,1.144409E-05
45,5.722046E-06
45,2.861023E-06
45,1.430511E-06
45,7.152557E-07
45,3.576279E-07
45,1.788139E-07
45,8.940697E-08
45,4.470348E-08
45,2.235174E-08
45,1.117587E-08
45,5.587935E-09
45,2.793968E-09
45,1.396984E-09
45,6.984919E-10
45,3.49246E-10
45,1.74623E-10
45,8.731149E-11
45,4.365575E-11
45,2.182787E-11
45,1.091394E-11
45,5.456968E-12
45,2.728484E-12
45,1.364242E-12
45,6.82121E-13
45,3.410605E-13
45,1.705303E-13
45,8.526513E-14
45,4.263256E-14
45,2.131628E-14
45,1.065814E-14
45,5.329071E-15
45,2.664535E-15
45,1.332268E-15
45,6.661338E-16
45,3.330669E-16
45,1.665335E-16
45,8.326673E-17
45,4.163336E-17
45,2.081668E-17
45,1.040834E-17
45,5.20417E-18
45,2.602085E-18
45,1.301043E-18
45,6.505213E-19
45,3.252607E-19
45,1.626303E-19
45,8.131516E-20
45,4.065758E-20
45,2.032879E-20
45,1.01644E-20
45,5.082198E-21
45,2.541099E-21
45,1.270549E-21
45,6.352747E-22
45,3.176374E-22
45,1.588187E-22
45,7.940934E-23
45,3.970467E-23
45,1.985233E-23
45,9.926167E-24
45,4.963084E-24
45,2.481542E-24
45,1.240771E-24
45,6.203855E-25
45,3.101927E-25
45,1.550964E-25
45,7.754818E-26
45,3.877409E-26
45,1.938705E-26
45,9.693523E-27
45,4.846761E-27
45,2.423381E-27
45,1.21169E-27
45,6.058452E-28
45,3.029226E-28
45,1.514613E-28
45,7.573065E-29
45,3.786532E-29
45,1.893266E-29
45,9.466331E-30
45,4.733165E-30
45,2.366583E-30
45,1.183291E-30
45,5.916457E-31
45,2.958228E-31
45,1.479114E-31
45,7.395571E-32
45,3.697785E-32
45,1.848893E-32
45,9.244464E-33
45,4.622232E-33
45,2.311116E-33
45,1.155558E-33
45,5.77779E-34
45,2.888895E-34
45,1.444447E-34
45,7.222237E-35
45,3.611119E-35
45,1.805559E-35
45,9.027797E-36
45,4.513898E-36
45,2.256949E-36
45,1.128475E-36
45,5.642373E-37
45,2.821186E-37
45,1.410593E-37
45,7.052966E-38
45,3.526483E-38
45,1.763242E-38
45,8.816208E-39
45,4.408104E-39
45,2.204052E-39
45,1.102026E-39
45,5.51013E-40
45,2.755065E-40
45,1.377532E-40
45,6.887662E-41
45,3.443831E-41
45,1.721916E-41
45,8.609578E-42
45,4.304789E-42
45,2.152394E-42
45,1.076197E-42
45,5.380986E-43
45,2.690493E-43
45,1.345247E-43
45,6.726233E-44
45,3.363116E-44
45,1.681558E-44
45,8.407791E-45
45,4.203895E-45
45,2.802597E-45
45,1.401298E-45
45,0
45,0
45,0
45,0
45,0
45,0
45,0
45,0
45,0
45,0
45,0
45,0
45,0
45,0
45,0
45,0
45,0
45,0
45,0
45,0
45,0
45,0
45,0
45,0
45,0
45,0
45,0
45,0
45,0
45,0
45,0
45,0
45,0
45,0
45,0
45,0
45,0
45,0
45,0
45,0
45,0
45,0
45,0
45,0
45,0
45,0
45,0
45,0
45,0
45,0
45,0
45,0
45,0
45,0
45,0
45,0
45,0
45,0
45,0
45,0
45,0
45,0
45,0
45,0
45,0
45,0
45,0
45,0
45,0
45,0
45,0
45,0
45,0
45,0
45,0
45,0
45,0
45,0
45,0
45,0
45,0
45,0
45,0
45,0
45,0
45,0
45,0
45,0
45,0
45,0
45,0
45,0
45,0
45,0
45,0
45,0
45,0
45,0
45,0
45,0
45,0
45,0
45,0
45,0
45,0
45,0
45,0
45,0
45,0
45,0
45,0
45,0
45,0
45,0
45,0
45,0
45,0
45,0
45,0
45,0
45,0
45,0
45,0
45,0
45,0
45,0
45,0
45,0
45,0
45,0
45,0
45,0
45,0
45,0
45,0
45,0
45,0
45,0
45,0
45,0
45,0
45,0
45,0
45,0
45,0
45,0
45,0
45,0
45,0
45,0
45,0
45,0
45,0
45,0
45,0
45,0
45,0
45,0
45,0
45,0
45,0
45,0
45,0
45,0
45,0
45,0
45,0
45,0
45,0
45,0
45,0
45,0
45,0
45,0
45,0
45,0
45,0
45,0
45,0
45,0
45,0
45,0
45,0
45,0
45,0
37,4
37,2
37,1
37,0.5
37,0.25
37,0.125
37,0.0625
37,0.03125
37,0.015625
37,0.0078125
37,0.00390625
37,0.001953125
37,0.0009765625
37,0.0004882813
37,0.0002441406
37,0.0001220703
37,6.103516E-05
37,3.051758E-05
37,1.525879E-05
37,7.629395E-06
37,3.814697E-06
37,1.907349E-06
37,9.536743E-07
37,4.768372E-07
37,2.384186E-07
37,1.192093E-07
37,5.960464E-08
37,2.980232E-08
37,1.490116E-08
37,7.450581E-09
37,3.72529E-09
37,1.862645E-09
37,9.313226E-10
37,4.656613E-10
37,2.328306E-10
37,1.164153E-10
37,5.820766E-11
37,2.910383E-11
37,1.455192E-11
37,7.275958E-12
37,3.637979E-12
37,1.818989E-12
37,9.094947E-13
37,4.547474E-13
37,2.273737E-13
37,1.136868E-13
37,5.684342E-14
37,2.842171E-14
37,1.421085E-14
37,7.105427E-15
37,3.552714E-15
37,1.776357E-15
37,8.881784E-16
37,4.440892E-16
37,2.220446E-16
37,1.110223E-16
37,5.551115E-17
37,2.775558E-17
37,1.387779E-17
37,6.938894E-18
37,3.469447E-18
37,1.734723E-18
37,8.673617E-19
37,4.336809E-19
37,2.168404E-19
37,1.084202E-19
37,5.421011E-20
37,2.710505E-20
37,1.355253E-20
37,6.776264E-21
37,3.388132E-21
37,1.694066E-21
37,8.470329E-22
37,4.235165E-22
37,2.117582E-22
37,1.058791E-22
37,5.293956E-23
37,2.646978E-23
37,1.323489E-23
37,6.617445E-24
37,3.308722E-24
37,1.654361E-24
37,8.271806E-25
37,4.135903E-25
37,2.067952E-25
37,1.033976E-25
37,5.169879E-26
37,2.584939E-26
37,1.29247E-26
37,6.462349E-27
37,3.231174E-27
37,1.615587E-27
37,8.077936E-28
37,4.038968E-28
37,2.019484E-28
37,1.009742E-28
37,5.04871E-29
37,2.524355E-29
37,1.262177E-29
37,6.310887E-30
37,3.155444E-30
37,1.577722E-30
37,7.888609E-31
37,3.944305E-31
37,1.972152E-31
37,9.860761E-32
37,4.930381E-32
37,2.46519E-32
37,1.232595E-32
37,6.162976E-33
37,3.081488E-33
37,1.540744E-33
37,7.70372E-34
37,3.85186E-34
37,1.92593E-34
37,9.62965E-35
37,4.814825E-35
37,2.407412E-35
37,1.203706E-35
37,6.018531E-36
37,3.009266E-36
37,1.504633E-36
37,7.523164E-37
37,3.761582E-37
37,1.880791E-37
37,9.403955E-38
37,4.701977E-38
37,2.350989E-38
37,1.175494E-38
37,5.877472E-39
37,2.938736E-39
37,1.469368E-39
37,7.34684E-40
37,3.67342E-40
37,1.83671E-40
37,9.18355E-41
37,4.591775E-41
37,2.295887E-41
37,1.147944E-41
37,5.739719E-42
37,2.869859E-42
37,1.43493E-42
37,7.174648E-43
37,3.587324E-43
37,1.793662E-43
37,8.96831E-44
37,4.484155E-44
37,2.242078E-44
37,1.121039E-44
37,5.605194E-45
37,2.802597E-45
37,1.401298E-45
37,0
37,0
37,0
37,0
37,0
37,0
37,0
37,0
37,0
37,0
37,0
37,0
37,0
37,0
37,0
37,0
37,0
37,0
37,0
37,0
37,0
37,0
37,0
37,0
37,0
37,0
37,0
37,0
37,0
37,0
37,0
37,0
37,0
37,0
37,0
37,0
37,0
37,0
37,0
37,0
37,0
37,0
37,0
37,0
37,0
37,0
37,0
37,0
37,0
37,0
37,0
37,0
37,0
37,0
37,0
37,0
37,0
37,0
37,0
37,0
37,0
37,0
37,0
37,0
37,0
37,0
37,0
37,0
37,0
37,0
37,0
37,0
37,0
37,0
37,0
37,0
37,0
37,0
37,0
37,0
37,0
37,0
37,0
37,0
37,0
37,0
37,0
37,0
37,0
37,0
37,0
37,0
37,0
37,0
37,0
37,0
37,0
37,0
37,0
37,0
37,0
37,0
37,0
37,0
37,0
37,0
37,0
37,0
37,0
37,0
37,0
37,0
37,0
37,0
37,0
37,0
37,0
37,0
37,0
37,0
37,0
37,0
37,0
37,0
37,0
37,0
37,0
37,0
37,0
37,0
37,0
37,0
37,0
37,0
37,0
37,0
37,0
37,0
37,0
37,0
37,0
37,0
37,0
37,0
37,0
37,0
37,0
37,0
37,0
37,0
37,0
37,0
37,0
37,0
37,0
37,0
37,0
37,0
37,0
37,0
37,0
37,0
37,0
37,0
37,0
37,0
37,0
37,0
37,0
37,0
37,0
37,0
37,0
37,0
37,0
37,0
37,0
37,0
37,0
37,0
37,0
37,0
37,0
37,0
37,0
37,0
37,0
37,0
37,0
37,0
37,0
37,0
37,0
37,0
37,0
37,0
37,0
37,0
37,0
37,0
37,0
37,0
37,0
37,0
37,0
37,0
37,0
37,0
37,0
37,0
37,0
37,0
37,0
37,0
31,3
31,1.5
31,0.75
31,0.375
31,0.1875
31,0.09375
31,0.046875
31,0.0234375
31,0.01171875
31,0.005859375
31,0.002929688
31,0.001464844
31,0.0007324219
31,0.0003662109
31,0.0001831055
31,9.155273E-05
31,4.577637E-05
31,2.288818E-05
31,1.144409E-05
31,5.722046E-06
31,2.861023E-06
31,1.430511E-06
31,7.152557E-07
31,3.576279E-07
31,1.788139E-07
31,8.940697E-08
31,4.470348E-08
31,2.235174E-08
31,1.117587E-08
31,5.587935E-09
31,2.793968E-09
31,1.396984E-09
31,6.984919E-10
31,3.49246E-10
31,1.74623E-10
31,8.731149E-11
31,4.365575E-11
31,2.182787E-11
31,1.091394E-11
31,5.456968E-12
31,2.728484E-12
31,1.364242E-12
31,6.82121E-13
31,3.410605E-13
31,1.705303E-13
31,8.526513E-14
31,4.263256E-14
31,2.131628E-14
31,1.065814E-14
31,5.329071E-15
31,2.664535E-15
31,1.332268E-15
31,6.661338E-16
31,3.330669E-16
31,1.665335E-16
31,8.326673E-17
31,4.163336E-17
31,2.081668E-17
31,1.040834E-17
31,5.20417E-18
31,2.602085E-18
31,1.301043E-18
31,6.505213E-19
31,3.252607E-19
31,1.626303E-19
31,8.131516E-20
31,4.065758E-20
31,2.032879E-20
31,1.01644E-20
31,5.082198E-21
31,2.541099E-21
31,1.270549E-21
31,6.352747E-22
31,3.176374E-22
31,1.588187E-22
31,7.940934E-23
31,3.970467E-23
31,1.985233E-23
31,9.926167E-24
31,4.963084E-24
31,2.481542E-24
31,1.240771E-24
31,6.203855E-25
31,3.101927E-25
31,1.550964E-25
31,7.754818E-26
31,3.877409E-26
31,1.938705E-26
31,9.693523E-27
31,4.846761E-27
31,2.423381E-27
31,1.21169E-27
31,6.058452E-28
31,3.029226E-28
31,1.514613E-28
31,7.573065E-29
31,3.786532E-29
31,1.893266E-29
31,9.466331E-30
31,4.733165E-30
31,2.366583E-30
31,1.183291E-30
31,5.916457E-31
31,2.958228E-31
31,1.479114E-31
31,7.395571E-32
31,3.697785E-32
31,1.848893E-32
31,9.244464E-33
31,4.622232E-33
31,2.311116E-33
31,1.155558E-33
31,5.77779E-34
31,2.888895E-34
31,1.444447E-34
31,7.222237E-35
31,3.611119E-35
31,1.805559E-35
31,9.027797E-36
31,4.513898E-36
31,2.256949E-36
31,1.128475E-36
31,5.642373E-37
31,2.821186E-37
31,1.410593E-37
31,7.052966E-38
31,3.526483E-38
31,1.763242E-38
31,8.816208E-39
31,4.408104E-39
31,2.204052E-39
31,1.102026E-39
31,5.51013E-40
31,2.755065E-40
31,1.377532E-40
31,6.887662E-41
31,3.443831E-41
31,1.721916E-41
31,8.609578E-42
31,4.304789E-42
31,2.152394E-42
31,1.076197E-42
31,5.380986E-43
31,2.690493E-43
31,1.345247E-43
31,6.726233E-44
31,3.363116E-44
31,1.681558E-44
31,8.407791E-45
31,4.203895E-45
31,2.802597E-45
31,1.401298E-45
31,0
31,0
31,0
31,0
31,0
31,0
31,0
31,0
31,0
31,0
31,0
31,0
31,0
31,0
31,0
31,0
31,0
31,0
31,0
31,0
31,0
31,0
31,0
31,0
31,0
31,0
31,0
31,0
31,0
31,0
31,0
31,0
31,0
31,0
31,0
31,0
31,0
31,0
31,0
31,0
31,0
31,0
31,0
31,0
31,0
31,0
31,0
31,0
31,0
31,0
31,0
31,0
31,0
31,0
31,0
31,0
31,0
31,0
31,0
31,0
31,0
31,0
31,0
31,0
31,0
31,0
31,0
31,0
31,0
31,0
31,0
31,0
31,0
31,0
31,0
31,0
31,0
31,0
31,0
31,0
31,0
31,0
31,0
31,0
31,0
31,0
31,0
31,0
31,0
31,0
31,0
31,0
31,0
31,0
31,0
31,0
31,0
31,0
31,0
31,0
31,0
31,0
31,0
31,0
31,0
31,0
31,0
31,0
31,0
31,0
31,0
31,0
31,0
31,0
31,0
31,0
31,0
31,0
31,0
31,0
31,0
31,0
31,0
31,0
31,0
31,0
31,0
31,0
31,0
31,0
31,0
31,0
31,0
31,0
31,0
31,0
31,0
31,0
31,0
31,0
31,0
31,0
31,0
31,0
31,0
31,0
31,0
31,0
31,0
31,0
31,0
31,0
31,0
31,0
31,0
31,0
31,0
31,0
31,0
31,0
31,0
31,0
31,0
31,0
31,0
31,0
31,0
31,0
31,0
31,0
31,0
31,0
31,0
31,0
31,0
31,0
31,0
31,0
31,0
31,0
31,0
31,0
31,0
31,0
31,0
31,0
31,0
31,0
31,0
31,0
31,0
31,0
31,0
31,0
31,0
31,0
31,0
31,0
31,0
31,0
31,0
31,0
31,0
31,0
31,0
31,0
31,0
31,0
31,0
31,0
31,0
31,0
31,0
34,1.5
34,0.75
34,0.375
34,0.1875
34,0.09375
34,0.046875
34,0.0234375
34,0.01171875
34,0.005859375
34,0.002929688
34,0.001464844
34,0.0007324219
34,0.0003662109
34,0.0001831055
34,9.155273E-05
34,4.577637E-05
34,2.288818E-05
34,1.144409E-05
34,5.722046E-06
34,2.861023E-06
34,1.430511E-06
34,7.152557E-07
34,3.576279E-07
34,1.788139E-07
34,8.940697E-08
34,4.470348E-08
34,2.235174E-08
34,1.117587E-08
34,5.587935E-09
34,2.793968E-09
34,1.396984E-09
34,6.984919E-10
34,3.49246E-10
34,1.74623E-10
34,8.731149E-11
34,4.365575E-11
34,2.182787E-11
34,1.091394E-11
34,5.456968E-12
34,2.728484E-12
34,1.364242E-12
34,6.82121E-13
34,3.410605E-13
34,1.705303E-13
34,8.526513E-14
34,4.263256E-14
34,2.131628E-14
34,1.065814E-14
34,5.329071E-15
34,2.664535E-15
34,1.332268E-15
34,6.661338E-16
34,3.330669E-16
34,1.665335E-16
34,8.326673E-17
34,4.163336E-17
34,2.081668E-17
34,1.040834E-17
34,5.20417E-18
34,2.602085E-18
34,1.301043E-18
34,6.505213E-19
34,3.252607E-19
34,1.626303E-19
34,8.131516E-20
34,4.065758E-20
34,2.032879E-20
34,1.01644E-20
34,5.082198E-21
34,2.541099E-21
34,1.270549E-21
34,6.352747E-22
34,3.176374E-22
34,1.588187E-22
34,7.940934E-23
34,3.970467E-23
34,1.985233E-23
34,9.926167E-24
34,4.963084E-24
34,2.481542E-24
34,1.240771E-24
34,6.203855E-25
34,3.101927E-25
34,1.550964E-25
34,7.754818E-26
34,3.877409E-26
34,1.938705E-26
34,9.693523E-27
34,4.846761E-27
34,2.423381E-27
34,1.21169E-27
34,6.058452E-28
34,3.029226E-28
34,1.514613E-28
34,7.573065E-29
34,3.786532E-29
34,1.893266E-29
34,9.466331E-30
34,4.733165E-30
34,2.366583E-30
34,1.183291E-30
34,5.916457E-31
34,2.958228E-31
34,1.479114E-31
34,7.395571E-32
34,3.697785E-32
34,1.848893E-32
34,9.244464E-33
34,4.622232E-33
34,2.311116E-33
34,1.155558E-33
34,5.77779E-34
34,2.888895E-34
34,1.444447E-34
34,7.222237E-35
34,3.611119E-35
34,1.805559E-35
34,9.027797E-36
34,4.513898E-36
34,2.256949E-36
34,1.128475E-36
34,5.642373E-37
34,2.821186E-37
34,1.410593E-37
34,7.052966E-38
34,3.526483E-38
34,1.763242E-38
34,8.816208E-39
34,4.408104E-39
34,2.204052E-39
34,1.102026E-39
34,5.51013E-40
34,2.755065E-40
34,1.377532E-40
34,6.887662E-41
34,3.443831E-41
34,1.721916E-41
34,8.609578E-42
34,4.304789E-42
34,2.152394E-42
34,1.076197E-42
34,5.380986E-43
34,2.690493E-43
34,1.345247E-43
34,6.726233E-44
34,3.363116E-44
34,1.681558E-44
34,8.407791E-45
34,4.203895E-45
34,2.802597E-45
34,1.401298E-45
34,0
34,0
34,0
34,0
34,0
34,0
34,0
34,0
34,0
34,0
34,0
34,0
34,0
34,0
34,0
34,0
34,0
34,0
34,0
34,0
34,0
34,0
34,0
34,0
34,0
34,0
34,0
34,0
34,0
34,0
34,0
34,0
34,0
34,0
34,0
34,0
34,0
34,0
34,0
34,0
34,0
34,0
34,0
34,0
34,0
34,0
34,0
34,0
34,0
34,0
34,0
34,0
34,0
34,0
34,0
34,0
34,0
34,0
34,0
34,0
34,0
34,0
34,0
34,0
34,0
34,0
34,0
34,0
34,0
34,0
34,0
34,0
34,0
34,0
34,0
34,0
34,0
34,0
34,0
34,0
34,0
34,0
34,0
34,0
34,0
34,0
34,0
34,0
34,0
34,0
34,0
34,0
34,0
34,0
34,0
34,0
34,0
34,0
34,0
34,0
34,0
34,0
34,0
34,0
34,0
34,0
34,0
34,0
34,0
34,0
34,0
34,0
34,0
34,0
34,0
34,0
34,0
34,0
34,0
34,0
34,0
34,0
34,0
34,0
34,0
34,0
34,0
34,0
34,0
34,0
34,0
36,1
36,0.5
36,0.25
36,0.125
36,0.0625
36,0.03125
36,0.015625
36,0.0078125
36,0.00390625
36,0.001953125
36,0.0009765625
36,0.0004882813
36,0.0002441406
36,0.0001220703
36,6.103516E-05
36,3.051758E-05
36,1.525879E-05
36,7.629395E-06
36,3.814697E-06
36,1.907349E-06
36,9.536743E-07
36,4.768372E-07
36,2.384186E-07
36,1.192093E-07
36,5.960464E-08
36,2.980232E-08
36,1.490116E-08
36,7.450581E-09
36,3.72529E-09
36,1.862645E-09
36,9.313226E-10
36,4.656613E-10
36,2.328306E-10
36,1.164153E-10
36,5.820766E-11
36,2.910383E-11
36,1.455192E-11
36,7.275958E-12
36,3.637979E-12
36,1.818989E-12
36,9.094947E-13
36,4.547474E-13
36,2.273737E-13
36,1.136868E-13
36,5.684342E-14
36,2.842171E-14
36,1.421085E-14
36,7.105427E-15
36,3.552714E-15
36,1.776357E-15
36,8.881784E-16
36,4.440892E-16
36,2.220446E-16
36,1.110223E-16
36,5.551115E-17
36,2.775558E-17
36,1.387779E-17
36,6.938894E-18
36,3.469447E-18
36,1.734723E-18
36,8.673617E-19
36,4.336809E-19
36,2.168404E-19
36,1.084202E-19
36,5.421011E-20
36,2.710505E-20
36,1.355253E-20
36,6.776264E-21
36,3.388132E-21
36,1.694066E-21
36,8.470329E-22
36,4.235165E-22
36,2.117582E-22
36,1.058791E-22
36,5.293956E-23
36,2.646978E-23
36,1.323489E-23
36,6.617445E-24
36,3.308722E-24
36,1.654361E-24
36,8.271806E-25
36,4.135903E-25
36,2.067952E-25
36,1.033976E-25
36,5.169879E-26
36,2.584939E-26
36,1.29247E-26
36,6.462349E-27
36,3.231174E-27
36,1.615587E-27
36,8.077936E-28
36,4.038968E-28
36,2.019484E-28
36,1.009742E-28
36,5.04871E-29
36,2.524355E-29
36,1.262177E-29
36,6.310887E-30
36,3.155444E-30
36,1.577722E-30
36,7.888609E-31
36,3.944305E-31
36,1.972152E-31
36,9.860761E-32
36,4.930381E-32
36,2.46519E-32
36,1.232595E-32
36,6.162976E-33
36,3.081488E-33
36,1.540744E-33
36,7.70372E-34
36,3.85186E-34
36,1.92593E-34
36,9.62965E-35
36,4.814825E-35
36,2.407412E-35
36,1.203706E-35
36,6.018531E-36
36,3.009266E-36
36,1.504633E-36
36,7.523164E-37
36,3.761582E-37
36,1.880791E-37
36,9.403955E-38
36,4.701977E-38
36,2.350989E-38
36,1.175494E-38
36,5.877472E-39
36,2.938736E-39
36,1.469368E-39
36,7.34684E-40
36,3.67342E-40
36,1.83671E-40
36,9.18355E-41
36,4.591775E-41
36,2.295887E-41
36,1.147944E-41
36,5.739719E-42
36,2.869859E-42
36,1.43493E-42
36,7.174648E-43
36,3.587324E-43
36,1.793662E-43
36,8.96831E-44
36,4.484155E-44
36,2.242078E-44
36,1.121039E-44
36,5.605194E-45
36,2.802597E-45
36,1.401298E-45
36,0
36,0
36,0
36,0
36,0
36,0
36,0
36,0
36,0
36,0
36,0
36,0
36,0
36,0
36,0
36,0
36,0
36,0
36,0
36,0
36,0
36,0
36,0
36,0
36,0
36,0
36,0
36,0
36,0
36,0
36,0
36,0
36,0
36,0
36,0
36,0
36,0
36,0
36,0
36,0
36,0
36,0
36,0
36,0
36,0
36,0
36,0
36,0
36,0
36,0
36,0
36,0
36,0
36,0
36,0
36,0
36,0
36,0
36,0
36,0
36,0
36,0
36,0
36,0
36,0
36,0
36,0
36,0
36,0
36,0
36,0
36,0
36,0
36,0
36,0
36,0
36,0
36,0
36,0
36,0
36,0
36,0
36,0
36,0
36,0
36,0
36,0
36,0
36,0
36,0
36,0
36,0
36,0
36,0
36,0
36,0
36,0
36,0
36,0
36,0
36,0
36,0
36,0
36,0
36,0
36,0
36,0
36,0
36,0
36,0
36,0
36,0
36,0
36,0
36,0
36,0
36,0
36,0
36,0
36,0
36,0
36,0
36,0
36,0
36,0
36,0
36,0
36,0
36,0
36,0
36,0
36,0
36,0
36,0
36,0
36,0
36,0
36,0
36,0
36,0
36,0
36,0
36,0
36,0
36,0
36,0
36,0
36,0
36,0
36,0
36,0
36,0
36,0
36,0
36,0
36,0
36,0
36,0
36,0
36,0
36,0
36,0
36,0
36,0
36,0
36,0
36,0
36,0
36,0
36,0
36,0
36,0
36,0
36,0
36,0
36,0
36,0
36,0
36,0
36,0
36,0
36,0
36,0
36,0
36,0
36,0
36,0
36,0
36,0
36,0
36,0
36,0
36,0
36,0
36,0
36,0
36,0
36,0
36,0
36,0
36,0
36,0
36,0
36,0
36,0
36,0
36,0
36,0
36,0
36,0
36,0
36,0
36,0
36,0
36,0
36,0
36,0
36,0
36,0
36,0
36,0
36,0
36,0
36,0
36,0
36,0
36,0
36,0
36,0
36,0
36,0
36,0
36,0
36,0
36,0
36,0
36,0
36,0
36,0
36,0
36,0
36,0
36,0
36,0
36,0
36,0
36,0
36,0
36,0
36,0
36,0
36,0
36,0
36,0
36,0
36,0
36,0
36,0
36,0
36,0
36,0
36,0
36,0
36,0
36,0
36,0
36,0
36,0
36,0
36,0
36,0
36,0
36,0
36,0
36,0
36,0
36,0
36,0
36,0
36,0
36,0
36,0
36,0
36,0
36,0
36,0
36,0
36,0
36,0
36,0
36,0
36,0
36,0
36,0
36,0
36,0
36,0
36,0
36,0
36,0
36,0
36,0
36,0
36,0
36,0
36,0
36,0
36,0
36,0
36,0
36,0
36,0
36,0
36,0
36,0
36,0
36,0
36,0
36,0
36,0
36,0
36,0
36,0
36,0
36,0
36,0
36,0
36,0
36,0
36,0
36,0
36,0
36,0
36,0
36,0
36,0
36,0
36,0
36,0
36,0
36,0
36,0
36,0
36,0
36,0
36,0
36,0
36,0
36,0
36,0
36,0
36,0
36,0
36,0
36,0
36,0
36,0
36,0
36,0
36,0
36,0
36,0
36,0
36,0
36,0
36,0
36,0
36,0
36,0
36,0
36,0
36,0
36,0
36,0
36,0
36,0
36,0
36,0
36,0
36,0
36,0
36,0
36,0
36,0
36,0
36,0
36,0
36,0
36,0
36,0
36,0
36,0
36,0
36,0
36,0
36,0
36,0
36,0
36,0
36,0
36,0
36,0
36,0
36,0
36,0
36,0
36,0
36,0
36,0
36,0
36,0
36,0
36,0
36,0
36,0
36,0
36,0
36,0
36,0
36,0
36,0
36,0
36,0
36,0
36,0
36,0
36,0
36,0
36,0
36,0
36,0
36,0
36,0
36,0
36,0
36,0
36,0
36,0
36,0
36,0
36,0
36,0
36,0
36,0
36,0
36,0
36,0
36,0
36,0
36,0
36,0
36,0
36,0
36,0
36,0
36,0
36,0
36,0
36,0
36,0
36,0
36,0
36,0
36,0
36,0
36,0
36,0
36,0
36,0
36,0
36,0
36,0
36,0
36,0
36,0
36,0
36,0
36,0
36,0
36,0
36,0
36,0
36,0
36,0
36,0
36,0
36,0
36,0
36,0
36,0
36,0
36,0
36,0
36,0
36,0
36,0
36,0
36,0
36,0
36,0
36,0
36,0
36,0
36,0
36,0
36,0
36,0
36,0
36,0
36,0
36,0
36,0
36,0
36,0
36,0
36,0
36,0
36,0
36,0
36,0
36,0
36,0
36,0
36,0
36,0
36,0
36,0
36,0
36,0
36,0
36,0
36,0
36,0
36,0
36,0
36,0
36,0
36,0
36,0
36,0
36,0
36,0
36,0
36,0
36,0
36,0
36,0
36,0
36,0
36,0
36,0
36,0
36,0
36,0
36,0
36,0
36,0
36,0
36,0
36,0
36,0
36,0
36,0
36,0
36,0
36,0
36,0
36,0
36,0
36,0
36,0
36,0
36,0
36,0
36,0
36,0
36,0
36,0
36,0
36,0
36,0
36,0
36,0
36,0
36,0
36,0
36,0
36,0
36,0
36,0
36,0
36,0
36,0
36,0
36,0
36,0
36,0
36,0
36,0
36,0
36,0
36,0
36,0
36,0
36,0
36,0
36,0
36,0
36,0
36,0
36,0
36,0
36,0
36,0
36,0
36,0
36,0
36,0
36,0
36,0
36,0
36,0
36,0
36,0
36,0
36,0
36,0
36,0
36,0
36,0
36,0
36,0
36,0
36,0
36,0
36,0
36,0
36,0
36,0
36,0
36,0
36,0
36,0
36,0
36,0
36,0
36,0
36,0
36,0
36,0
36,0
36,0
36,0
36,0
36,0
36,0
36,0
36,0
36,0
36,0
36,0
36,0
36,0
36,0
36,0
36,0
36,0
36,0
36,0
36,0
36,0
36,0
36,0
36,0
36,0
36,0
36,0
36,0
36,0
36,0
36,0
36,0
36,0
36,0
36,0
36,0
36,0
36,0
36,0
36,0
36,0
36,0
36,0
36,0
36,0
36,0
36,0
36,0
36,0
36,0
36,0
36,0
36,0
36,0
36,0
36,0
36,0
36,0
36,0
36,0
36,0
36,0
36,0
36,0
36,0
36,0
36,0
36,0
36,0
36,0
36,0
36,0
36,0
36,0
36,0
36,0
36,0
36,0
36,0
36,0
36,0
36,0
36,0
36,0
36,0
36,0
36,0
36,0
36,0
36,0
36,0
36,0
36,0
36,0
36,0
36,0
36,0
36,0
36,0
36,0
36,0
36,0
36,0
36,0
36,0
36,0
36,0
36,0
36,0
36,0
36,0
36,0
36,0
36,0
36,0
36,0
36,0
36,0
36,0
36,0
36,0
36,0
36,0
36,0
36,0
36,0
36,0
36,0
36,0
36,0
36,0
36,0
36,0
36,0
36,0
36,0
36,0
36,0
36,0
36,0
36,0
36,0
36,0
36,0
36,0
36,0
36,0
36,0
36,0
36,0
36,0
36,0
36,0
36,0
36,0
36,0
36,0
36,0
36,0
36,0
36,0
36,0
36,0
36,0
36,0
36,0
36,0
36,0
36,0
36,0
36,0
36,0
36,0
36,0
36,0
36,0
36,0
36,0
36,0
36,0
36,0
36,0
36,0
36,0
36,0
36,0
36,0
36,0
36,0
36,0
36,0
30,3
30,1.5
30,0.75
30,0.375
30,0.1875
30,0.09375
30,0.046875
30,0.0234375
30,0.01171875
30,0.005859375
30,0.002929688
30,0.001464844
30,0.0007324219
30,0.0003662109
30,0.0001831055
30,9.155273E-05
30,4.577637E-05
30,2.288818E-05
30,1.144409E-05
30,5.722046E-06
30,2.861023E-06
30,1.430511E-06
30,7.152557E-07
30,3.576279E-07
30,1.788139E-07
30,8.940697E-08
30,4.470348E-08
30,2.235174E-08
30,1.117587E-08
30,5.587935E-09
30,2.793968E-09
30,1.396984E-09
30,6.984919E-10
30,3.49246E-10
30,1.74623E-10
30,8.731149E-11
30,4.365575E-11
30,2.182787E-11
30,1.091394E-11
30,5.456968E-12
30,2.728484E-12
30,1.364242E-12
30,6.82121E-13
30,3.410605E-13
30,1.705303E-13
30,8.526513E-14
30,4.263256E-14
30,2.131628E-14
30,1.065814E-14
30,5.329071E-15
30,2.664535E-15
30,1.332268E-15
30,6.661338E-16
30,3.330669E-16
30,1.665335E-16
30,8.326673E-17
30,4.163336E-17
30,2.081668E-17
30,1.040834E-17
30,5.20417E-18
30,2.602085E-18
30,1.301043E-18
30,6.505213E-19
30,3.252607E-19
30,1.626303E-19
30,8.131516E-20
30,4.065758E-20
30,2.032879E-20
30,1.01644E-20
30,5.082198E-21
30,2.541099E-21
30,1.270549E-21
30,6.352747E-22
30,3.176374E-22
30,1.588187E-22
30,7.940934E-23
30,3.970467E-23
30,1.985233E-23
30,9.926167E-24
30,4.963084E-24
30,2.481542E-24
30,1.240771E-24
30,6.203855E-25
30,3.101927E-25
30,1.550964E-25
30,7.754818E-26
30,3.877409E-26
30,1.938705E-26
30,9.693523E-27
30,4.846761E-27
30,2.423381E-27
30,1.21169E-27
30,6.058452E-28
30,3.029226E-28
30,1.514613E-28
30,7.573065E-29
30,3.786532E-29
30,1.893266E-29
30,9.466331E-30
30,4.733165E-30
30,2.366583E-30
30,1.183291E-30
30,5.916457E-31
30,2.958228E-31
30,1.479114E-31
30,7.395571E-32
30,3.697785E-32
30,1.848893E-32
30,9.244464E-33
30,4.622232E-33
30,2.311116E-33
30,1.155558E-33
30,5.77779E-34
30,2.888895E-34
30,1.444447E-34
30,7.222237E-35
30,3.611119E-35
30,1.805559E-35
30,9.027797E-36
30,4.513898E-36
30,2.256949E-36
30,1.128475E-36
30,5.642373E-37
30,2.821186E-37
30,1.410593E-37
30,7.052966E-38
30,3.526483E-38
30,1.763242E-38
30,8.816208E-39
30,4.408104E-39
30,2.204052E-39
30,1.102026E-39
30,5.51013E-40
30,2.755065E-40
30,1.377532E-40
30,6.887662E-41
30,3.443831E-41
30,1.721916E-41
30,8.609578E-42
30,4.304789E-42
30,2.152394E-42
30,1.076197E-42
30,5.380986E-43
30,2.690493E-43
30,1.345247E-43
30,6.726233E-44
30,3.363116E-44
30,1.681558E-44
30,8.407791E-45
30,4.203895E-45
30,2.802597E-45
30,1.401298E-45
30,0
30,0
30,0
30,0
30,0
30,0
30,0
30,0
30,0
30,0
30,0
30,0
30,0
30,0
30,0
30,0
30,0
30,0
30,0
30,0
30,0
30,0
30,0
30,0
30,0
30,0
30,0
30,0
30,0
30,0
30,0
30,0
30,0
30,0
30,0
30,0
30,0
30,0
30,0
30,0
30,0
30,0
30,0
30,0
30,0
30,0
30,0
30,0
30,0
30,0
30,0
30,0
30,0
30,0
30,0
30,0
30,0
30,0
30,0
30,0
30,0
30,0
30,0
30,0
30,0
30,0
30,0
30,0
30,0
30,0
30,0
30,0
30,0
30,0
30,0
30,0
30,0
30,0
30,0
30,0
30,0
30,0
30,0
30,0
30,0
30,0
30,0
30,0
30,0
30,0
30,0
30,0
30,0
30,0
30,0
30,0
30,0
30,0
30,0
30,0
30,0
30,0
30,0
30,0
30,0
30,0
30,0
30,0
30,0
30,0
30,0
30,0
30,0
30,0
30,0
30,0
30,0
30,0
30,0
30,0
30,0
30,0
30,0
30,0
30,0
30,0
30,0
30,0
30,0
30,0
30,0
30,0
30,0
30,0
30,0
30,0
30,0
30,0
30,0
30,0
30,0
30,0
30,0
30,0
30,0
30,0
30,0
30,0
30,0
30,0
30,0
30,0
30,0
30,0
30,0
30,0
30,0
30,0
30,0
30,0
30,0
30,0
30,0
30,0
30,0
30,0
30,0
30,0
30,0
30,0
30,0
30,0
30,0
30,0
30,0
30,0
30,0
30,0
30,0
30,0
30,0
30,0
30,0
30,0
30,0
30,0
30,0
30,0
30,0
30,0
30,0
30,0
30,0
30,0
30,0
30,0
30,0
30,0
30,0
30,0
30,0
30,0
30,0
30,0
30,0
30,0
30,0
30,0
30,0
30,0
30,0
30,0
30,0
30,0
30,0
30,0
30,0
30,0
30,0
30,0
30,0
30,0
30,0
33,1.5
33,0.75
33,0.375
33,0.1875
33,0.09375
33,0.046875
33,0.0234375
33,0.01171875
33,0.005859375
33,0.002929688
33,0.001464844
33,0.0007324219
33,0.0003662109
33,0.0001831055
33,9.155273E-05
33,4.577637E-05
33,2.288818E-05
33,1.144409E-05
33,5.722046E-06
33,2.861023E-06
33,1.430511E-06
33,7.152557E-07
33,3.576279E-07
33,1.788139E-07
33,8.940697E-08
33,4.470348E-08
33,2.235174E-08
33,1.117587E-08
33,5.587935E-09
33,2.793968E-09
33,1.396984E-09
33,6.984919E-10
33,3.49246E-10
33,1.74623E-10
33,8.731149E-11
33,4.365575E-11
33,2.182787E-11
33,1.091394E-11
33,5.456968E-12
33,2.728484E-12
33,1.364242E-12
33,6.82121E-13
33,3.410605E-13
33,1.705303E-13
33,8.526513E-14
33,4.263256E-14
33,2.131628E-14
33,1.065814E-14
33,5.329071E-15
33,2.664535E-15
33,1.332268E-15
33,6.661338E-16
33,3.330669E-16
33,1.665335E-16
33,8.326673E-17
33,4.163336E-17
33,2.081668E-17
33,1.040834E-17
33,5.20417E-18
33,2.602085E-18
33,1.301043E-18
33,6.505213E-19
33,3.252607E-19
33,1.626303E-19
33,8.131516E-20
33,4.065758E-20
33,2.032879E-20
33,1.01644E-20
33,5.082198E-21
33,2.541099E-21
33,1.270549E-21
33,6.352747E-22
33,3.176374E-22
33,1.588187E-22
33,7.940934E-23
33,3.970467E-23
33,1.985233E-23
33,9.926167E-24
33,4.963084E-24
33,2.481542E-24
33,1.240771E-24
33,6.203855E-25
33,3.101927E-25
33,1.550964E-25
33,7.754818E-26
33,3.877409E-26
33,1.938705E-26
33,9.693523E-27
33,4.846761E-27
33,2.423381E-27
33,1.21169E-27
33,6.058452E-28
33,3.029226E-28
33,1.514613E-28
33,7.573065E-29
33,3.786532E-29
33,1.893266E-29
33,9.466331E-30
33,4.733165E-30
33,2.366583E-30
33,1.183291E-30
33,5.916457E-31
33,2.958228E-31
33,1.479114E-31
33,7.395571E-32
33,3.697785E-32
33,1.848893E-32
33,9.244464E-33
33,4.622232E-33
33,2.311116E-33
33,1.155558E-33
33,5.77779E-34
33,2.888895E-34
33,1.444447E-34
33,7.222237E-35
33,3.611119E-35
33,1.805559E-35
33,9.027797E-36
33,4.513898E-36
33,2.256949E-36
33,1.128475E-36
33,5.642373E-37
33,2.821186E-37
33,1.410593E-37
33,7.052966E-38
33,3.526483E-38
33,1.763242E-38
33,8.816208E-39
33,4.408104E-39
33,2.204052E-39
33,1.102026E-39
33,5.51013E-40
33,2.755065E-40
33,1.377532E-40
33,6.887662E-41
33,3.443831E-41
33,1.721916E-41
33,8.609578E-42
33,4.304789E-42
33,2.152394E-42
33,1.076197E-42
33,5.380986E-43
33,2.690493E-43
33,1.345247E-43
33,6.726233E-44
33,3.363116E-44
33,1.681558E-44
33,8.407791E-45
33,4.203895E-45
33,2.802597E-45
33,1.401298E-45
33,0
33,0
33,0
33,0
33,0
33,0
33,0
33,0
33,0
33,0
33,0
33,0
33,0
33,0
33,0
33,0
33,0
33,0
33,0
33,0
33,0
33,0
33,0
33,0
33,0
33,0
33,0
33,0
33,0
33,0
33,0
33,0
33,0
33,0
33,0
33,0
33,0
33,0
33,0
33,0
33,0
33,0
33,0
33,0
33,0
33,0
33,0
33,0
33,0
33,0
33,0
33,0
33,0
33,0
33,0
33,0
33,0
33,0
33,0
33,0
33,0
33,0
33,0
33,0
33,0
33,0
33,0
33,0
33,0
33,0
33,0
33,0
33,0
33,0
33,0
33,0
33,0
33,0
33,0
33,0
33,0
33,0
33,0
33,0
33,0
33,0
33,0
33,0
33,0
33,0
33,0
33,0
33,0
33,0
33,0
33,0
33,0
33,0
33,0
33,0
33,0
33,0
33,0
33,0
33,0
33,0
33,0
33,0
33,0
33,0
33,0
33,0
33,0
33,0
33,0
33,0
33,0
33,0
33,0
33,0
33,0
33,0
33,0
33,0
33,0
33,0
33,0
33,0
33,0
33,0
33,0
33,0
33,0
33,0
33,0
33,0
33,0
33,0
33,0
33,0
33,0
33,0
33,0
33,0
33,0
33,0
33,0
33,0
33,0
33,0
33,0
33,0
33,0
33,0
33,0
33,0
33,0
33,0
33,0
33,0
33,0
33,0
33,0
33,0
33,0
33,0
33,0
33,0
33,0
33,0
33,0
33,0
33,0
33,0
33,0
33,0
33,0
33,0
33,0
33,0
33,0
33,0
33,0
33,0
33,0
33,0
33,0
33,0
33,0
33,0
33,0
33,0
33,0
33,0
33,0
33,0
33,0
33,0
33,0
33,0
33,0
33,0
33,0
33,0
33,0
33,0
33,0
33,0
33,0
33,0
33,0
33,0
33,0
33,0
33,0
33,0
33,0
33,0
33,0
33,0
33,0
33,0
33,0
33,0
33,0
33,0
33,0
33,0
33,0
33,0
33,0
33,0
33,0
33,0
33,0
33,0
33,0
33,0
33,0
33,0
33,0
33,0
33,0
33,0
33,0
33,0
34,0.5
34,0.25
34,0.125
34,0.0625
34,0.03125
34,0.015625
34,0.0078125
34,0.00390625
34,0.001953125
34,0.0009765625
34,0.0004882813
34,0.0002441406
34,0.0001220703
34,6.103516E-05
34,3.051758E-05
34,1.525879E-05
34,7.629395E-06
34,3.814697E-06
34,1.907349E-06
34,9.536743E-07
34,4.768372E-07
34,2.384186E-07
34,1.192093E-07
34,5.960464E-08
34,2.980232E-08
34,1.490116E-08
34,7.450581E-09
34,3.72529E-09
34,1.862645E-09
34,9.313226E-10
34,4.656613E-10
34,2.328306E-10
34,1.164153E-10
34,5.820766E-11
34,2.910383E-11
34,1.455192E-11
34,7.275958E-12
34,3.637979E-12
34,1.818989E-12
34,9.094947E-13
34,4.547474E-13
34,2.273737E-13
34,1.136868E-13
34,5.684342E-14
34,2.842171E-14
34,1.421085E-14
34,7.105427E-15
34,3.552714E-15
34,1.776357E-15
34,8.881784E-16
34,4.440892E-16
34,2.220446E-16
34,1.110223E-16
34,5.551115E-17
34,2.775558E-17
34,1.387779E-17
34,6.938894E-18
34,3.469447E-18
34,1.734723E-18
34,8.673617E-19
34,4.336809E-19
34,2.168404E-19
34,1.084202E-19
34,5.421011E-20
34,2.710505E-20
34,1.355253E-20
34,6.776264E-21
34,3.388132E-21
34,1.694066E-21
34,8.470329E-22
34,4.235165E-22
34,2.117582E-22
34,1.058791E-22
34,5.293956E-23
34,2.646978E-23
34,1.323489E-23
34,6.617445E-24
34,3.308722E-24
34,1.654361E-24
34,8.271806E-25
34,4.135903E-25
34,2.067952E-25
34,1.033976E-25
34,5.169879E-26
34,2.584939E-26
34,1.29247E-26
34,6.462349E-27
34,3.231174E-27
34,1.615587E-27
34,8.077936E-28
34,4.038968E-28
34,2.019484E-28
34,1.009742E-28
34,5.04871E-29
