-1,0
-1,0
-1,0
-1,0
-1,0
-1,0
-1,0
-1,0
-1,0
-1,0
-1,0
-1,0
-1,0
-1,0
-1,0
-1,0
-1,0
-1,0
-1,0
-1,0
-1,0
-1,0
-1,0
-1,0
-1,0
-1,0
-1,0
-1,0
-1,0
-1,0
-1,0
-1,0
-1,0
-1,0
-1,0
-1,0
-1,0
-1,0
-1,0
-1,0
-1,0
-1,0
-1,0
-1,0
-1,0
-1,0
-1,0
-1,0
-1,0
-1,0
-1,0
-1,0
-1,0
-1,0
-1,0
-1,0
-1,0
-1,0
-1,0
-1,0
-1,0
-1,0
-1,0
-1,0
-1,0
-1,0
-1,0
-1,0
-1,0
-1,0
-1,0
-1,0
-1,0
-1,0
-1,0
-1,0
-1,0
-1,0
-1,0
-1,0
-1,0
-1,0
-1,0
-1,0
-1,0
-1,0
-1,0
-1,0
-1,0
-1,0
-1,0
-1,0
-1,0
-1,0
-1,0
-1,0
-1,0
-1,0
-1,0
-1,0
-1,0
-1,0
-1,0
-1,0
-1,0
-1,0
-1,0
-1,0
-1,0
-1,0
-1,0
-1,0
-1,0
-1,0
-1,0
-1,0
-1,0
-1,0
-1,0
-1,0
-1,0
-1,0
-1,0
-1,0
-1,0
-1,0
-1,0
-1,0
-1,0
-1,0
-1,0
-1,0
-1,0
-1,0
-1,0
-1,0
-1,0
-1,0
-1,0
-1,0
-1,0
-1,0
-1,0
-1,0
-1,0
-1,0
-1,0
-1,0
-1,0
-1,0
-1,0
-1,0
-1,0
-1,0
-1,0
-1,0
-1,0
-1,0
-1,0
-1,0
-1,0
-1,0
-1,0
-1,0
-1,0
-1,0
-1,0
-1,0
-1,0
-1,0
-1,0
-1,0
-1,0
-1,0
-1,0
-1,0
-1,0
-1,0
-1,0
-1,0
-1,0
-1,0
-1,0
-1,0
-1,0
-1,0
-1,0
-1,0
-1,0
-1,0
-1,0
-1,0
-1,0
-1,0
-1,0
-1,0
-1,0
-1,0
-1,0
-1,0
-1,0
-1,0
-1,0
-1,0
-1,0
-1,0
-1,0
-1,0
-1,0
-1,0
-1,0
-1,0
-1,0
-1,0
-1,0
-1,0
-1,0
-1,0
-1,0
-1,0
-1,0
-1,0
-1,0
-1,0
-1,0
-1,0
-1,0
-1,0
-1,0
-1,0
-1,0
-1,0
-1,0
-1,0
-1,0
-1,0
-1,0
-1,0
-1,0
-1,0
-1,0
-1,0
-1,0
-1,0
-1,0
-1,0
-1,0
-1,0
-1,0
-1,0
-1,0
-1,0
-1,0
-1,0
-1,0
-1,0
-1,0
-1,0
-1,0
-1,0
-1,0
-1,0
-1,0
-1,0
-1,0
-1,0
-1,0
-1,0
-1,0
-1,0
-1,0
-1,0
-1,0
-1,0
-1,0
-1,0
-1,0
-1,0
-1,0
-1,0
-1,0
-1,0
-1,0
-1,0
-1,0
-1,0
-1,0
-1,0
-1,0
-1,0
-1,0
-1,0
-1,0
-1,0
-1,0
-1,0
-1,0
-1,0
-1,0
-1,0
-1,0
-1,0
-1,0
-1,0
-1,0
-1,0
-1,0
-1,0
-1,0
-1,0
-1,0
-1,0
-1,0
-1,0
-1,0
-1,0
-1,0
-1,0
-1,0
39,0
39,0
39,0
39,0
39,0
39,0
39,0
39,0
39,0
39,0
39,0
39,0
39,0
39,0
39,0
39,0
39,0
39,0
39,0
39,0
39,0
39,0
39,0
39,0
39,0
39,0
39,0
39,0
39,0
39,0
39,0
39,0
39,0
39,0
39,0
39,0
39,0
39,0
39,0
39,0
39,0
39,0
39,0
39,0
39,0
39,0
39,0
39,0
39,0
39,0
39,0
39,0
39,0
39,0
39,0
39,0
39,0
39,0
39,0
39,0
39,0
39,0
39,0
39,0
39,0
39,0
39,0
39,0
39,0
39,0
39,0
39,0
39,0
39,0
39,0
39,0
39,0
39,0
39,0
39,0
39,0
39,0
39,0
39,0
39,0
39,0
39,0
39,0
39,0
39,0
39,0
39,0
39,0
39,0
39,0
39,0
39,0
39,0
39,0
39,0
39,0
39,0
39,0
39,0
39,0
39,0
39,0
39,0
39,0
39,0
39,0
39,0
39,0
39,0
39,0
39,0
39,0
39,0
39,0
39,0
39,0
39,0
39,0
39,0
39,0
39,0
39,0
39,0
39,0
39,0
39,0
39,0
39,0
39,0
39,0
39,0
39,0
39,0
39,0
39,0
39,0
39,0
39,0
39,0
39,0
39,0
39,0
39,0
39,0
39,0
39,0
39,0
39,0
39,0
39,0
39,0
39,0
39,0
39,0
39,0
39,0
39,0
39,0
39,0
39,0
39,0
39,0
39,0
39,0
39,0
39,0
39,0
39,0
39,0
39,0
39,0
39,0
39,0
39,0
39,0
39,0
39,0
39,0
39,0
39,0
39,0
39,0
39,0
39,0
39,0
39,0
39,0
39,0
39,0
39,0
39,0
39,0
39,0
39,0
39,0
39,0
39,0
39,0
39,0
39,0
39,0
39,0
39,0
39,0
39,0
39,0
39,0
39,0
39,0
39,0
39,0
39,0
39,0
39,0
39,0
39,0
39,0
39,0
39,0
39,0
39,0
39,0
39,0
39,0
39,0
39,0
39,0
39,0
39,0
39,0
39,0
39,0
39,0
39,0
39,0
39,0
39,0
39,0
39,0
39,0
39,0
39,0
39,0
39,0
39,0
39,0
39,0
39,0
39,0
39,0
39,0
39,0
39,0
39,0
39,0
39,0
39,0
39,0
39,0
39,0
39,0
39,0
39,0
39,0
39,0
39,0
39,0
39,0
39,0
39,0
39,0
39,0
39,0
39,0
39,0
39,0
39,0
39,0
39,0
39,0
39,0
39,0
39,0
39,0
39,0
39,0
39,0
39,0
39,0
38,0.5
38,0.25
38,0.125
38,0.0625
38,0.03125
38,0.015625
38,0.0078125
38,0.00390625
38,0.001953125
38,0.0009765625
38,0.0004882813
38,0.0002441406
38,0.0001220703
38,6.103516E-05
38,3.051758E-05
38,1.525879E-05
38,7.629395E-06
38,3.814697E-06
38,1.907349E-06
38,9.536743E-07
38,4.768372E-07
38,2.384186E-07
38,1.192093E-07
38,5.960464E-08
38,2.980232E-08
38,1.490116E-08
38,7.450581E-09
38,3.72529E-09
38,1.862645E-09
38,9.313226E-10
38,4.656613E-10
38,2.328306E-10
38,1.164153E-10
38,5.820766E-11
38,2.910383E-11
38,1.455192E-11
38,7.275958E-12
38,3.637979E-12
38,1.818989E-12
38,9.094947E-13
38,4.547474E-13
38,2.273737E-13
38,1.136868E-13
38,5.684342E-14
38,2.842171E-14
38,1.421085E-14
38,7.105427E-15
38,3.552714E-15
38,1.776357E-15
38,8.881784E-16
38,4.440892E-16
38,2.220446E-16
38,1.110223E-16
38,5.551115E-17
38,2.775558E-17
38,1.387779E-17
38,6.938894E-18
38,3.469447E-18
38,1.734723E-18
38,8.673617E-19
38,4.336809E-19
38,2.168404E-19
38,1.084202E-19
38,5.421011E-20
38,2.710505E-20
38,1.355253E-20
38,6.776264E-21
38,3.388132E-21
38,1.694066E-21
38,8.470329E-22
38,4.235165E-22
38,2.117582E-22
38,1.058791E-22
38,5.293956E-23
38,2.646978E-23
38,1.323489E-23
38,6.617445E-24
38,3.308722E-24
38,1.654361E-24
38,8.271806E-25
38,4.135903E-25
38,2.067952E-25
38,1.033976E-25
38,5.169879E-26
38,2.584939E-26
38,1.29247E-26
38,6.462349E-27
38,3.231174E-27
38,1.615587E-27
38,8.077936E-28
38,4.038968E-28
38,2.019484E-28
38,1.009742E-28
38,5.04871E-29
38,2.524355E-29
38,1.262177E-29
38,6.310887E-30
38,3.155444E-30
38,1.577722E-30
38,7.888609E-31
38,3.944305E-31
38,1.972152E-31
38,9.860761E-32
38,4.930381E-32
38,2.46519E-32
38,1.232595E-32
38,6.162976E-33
38,3.081488E-33
38,1.540744E-33
38,7.70372E-34
38,3.85186E-34
38,1.92593E-34
38,9.62965E-35
38,4.814825E-35
38,2.407412E-35
38,1.203706E-35
38,6.018531E-36
38,3.009266E-36
38,1.504633E-36
38,7.523164E-37
38,3.761582E-37
38,1.880791E-37
38,9.403955E-38
38,4.701977E-38
38,2.350989E-38
38,1.175494E-38
38,5.877472E-39
38,2.938736E-39
38,1.469368E-39
38,7.34684E-40
38,3.67342E-40
38,1.83671E-40
38,9.18355E-41
38,4.591775E-41
38,2.295887E-41
38,1.147944E-41
38,5.739719E-42
38,2.869859E-42
38,1.43493E-42
38,7.174648E-43
38,3.587324E-43
38,1.793662E-43
38,8.96831E-44
38,4.484155E-44
38,2.242078E-44
38,1.121039E-44
38,5.605194E-45
38,2.802597E-45
38,1.401298E-45
38,0
38,0
38,0
38,0
38,0
38,0
38,0
38,0
38,0
38,0
38,0
38,0
38,0
38,0
38,0
38,0
38,0
38,0
38,0
38,0
38,0
38,0
38,0
38,0
38,0
38,0
38,0
38,0
38,0
38,0
38,0
38,0
38,0
38,0
38,0
38,0
38,0
38,0
38,0
38,0
38,0
38,0
38,0
38,0
38,0
38,0
38,0
38,0
38,0
38,0
38,0
38,0
38,0
38,0
38,0
38,0
38,0
38,0
38,0
38,0
38,0
38,0
38,0
38,0
38,0
38,0
38,0
38,0
38,0
38,0
38,0
38,0
38,0
38,0
38,0
38,0
38,0
38,0
38,0
38,0
38,0
38,0
38,0
38,0
38,0
38,0
38,0
38,0
38,0
38,0
38,0
38,0
38,0
38,0
38,0
38,0
38,0
38,0
38,0
38,0
38,0
38,0
38,0
38,0
38,0
38,0
38,0
38,0
38,0
38,0
38,0
38,0
38,0
38,0
38,0
38,0
38,0
38,0
38,0
38,0
38,0
38,0
38,0
38,0
38,0
38,0
38,0
38,0
38,0
38,0
38,0
38,0
38,0
38,0
38,0
38,0
38,0
38,0
38,0
38,0
38,0
38,0
38,0
38,0
38,0
38,0
38,0
38,0
38,0
38,0
38,0
38,0
38,0
38,0
38,0
38,0
38,0
38,0
38,0
38,0
38,0
38,0
38,0
38,0
38,0
38,0
38,0
38,0
38,0
38,0
38,0
38,0
38,0
38,0
38,0
38,0
38,0
38,0
38,0
38,0
38,0
38,0
38,0
38,0
38,0
38,0
38,0
38,0
38,0
38,0
38,0
38,0
38,0
38,0
38,0
38,0
38,0
38,0
38,0
38,0
38,0
38,0
38,0
38,0
38,0
38,0
38,0
38,0
38,0
38,0
38,0
38,0
38,0
38,0
38,0
38,0
38,0
38,0
38,0
38,0
38,0
38,0
38,0
38,0
38,0
38,0
38,0
38,0
38,0
38,0
38,0
38,0
38,0
38,0
38,0
38,0
38,0
38,0
38,0
38,0
38,0
38,0
38,0
38,0
38,0
38,0
38,0
38,0
38,0
38,0
38,0
38,0
38,0
38,0
38,0
38,0
38,0
38,0
38,0
38,0
38,0
38,0
38,0
38,0
38,0
38,0
38,0
38,0
38,0
38,0
38,0
38,0
38,0
38,0
38,0
38,0
38,0
38,0
38,0
38,0
38,0
38,0
38,0
38,0
38,0
38,0
38,0
38,0
38,0
38,0
38,0
38,0
38,0
38,0
38,0
38,0
38,0
38,0
38,0
38,0
38,0
38,0
38,0
38,0
38,0
38,0
38,0
38,0
38,0
38,0
38,0
38,0
38,0
38,0
38,0
38,0
38,0
38,0
38,0
38,0
38,0
38,0
38,0
38,0
38,0
38,0
38,0
38,0
38,0
38,0
38,0
38,0
38,0
38,0
38,0
38,0
38,0
38,0
38,0
38,0
38,0
38,0
38,0
38,0
38,0
38,0
38,0
38,0
38,0
38,0
38,0
38,0
38,0
38,0
38,0
38,0
38,0
38,0
38,0
38,0
38,0
38,0
38,0
38,0
38,0
38,0
38,0
38,0
38,0
38,0
38,0
38,0
38,0
38,0
38,0
38,0
38,0
38,0
38,0
38,0
38,0
38,0
38,0
38,0
33,2.5
33,1.25
33,0.625
33,0.3125
33,0.15625
33,0.078125
33,0.0390625
33,0.01953125
33,0.009765625
33,0.004882813
33,0.002441406
33,0.001220703
33,0.0006103516
33,0.0003051758
33,0.0001525879
33,7.629395E-05
33,3.814697E-05
33,1.907349E-05
33,9.536743E-06
33,4.768372E-06
33,2.384186E-06
33,1.192093E-06
33,5.960464E-07
33,2.980232E-07
33,1.490116E-07
33,7.450581E-08
33,3.72529E-08
33,1.862645E-08
33,9.313226E-09
33,4.656613E-09
33,2.328306E-09
33,1.164153E-09
33,5.820766E-10
33,2.910383E-10
33,1.455192E-10
33,7.275958E-11
33,3.637979E-11
33,1.818989E-11
33,9.094947E-12
33,4.547474E-12
33,2.273737E-12
33,1.136868E-12
33,5.684342E-13
33,2.842171E-13
33,1.421085E-13
33,7.105427E-14
33,3.552714E-14
33,1.776357E-14
33,8.881784E-15
33,4.440892E-15
33,2.220446E-15
33,1.110223E-15
33,5.551115E-16
33,2.775558E-16
33,1.387779E-16
33,6.938894E-17
33,3.469447E-17
33,1.734723E-17
33,8.673617E-18
33,4.336809E-18
33,2.168404E-18
33,1.084202E-18
33,5.421011E-19
33,2.710505E-19
33,1.355253E-19
33,6.776264E-20
33,3.388132E-20
33,1.694066E-20
33,8.470329E-21
33,4.235165E-21
33,2.117582E-21
33,1.058791E-21
33,5.293956E-22
33,2.646978E-22
33,1.323489E-22
33,6.617445E-23
33,3.308722E-23
33,1.654361E-23
33,8.271806E-24
33,4.135903E-24
33,2.067952E-24
33,1.033976E-24
33,5.169879E-25
33,2.584939E-25
33,1.29247E-25
33,6.462349E-26
33,3.231174E-26
33,1.615587E-26
33,8.077936E-27
33,4.038968E-27
33,2.019484E-27
33,1.009742E-27
33,5.04871E-28
33,2.524355E-28
33,1.262177E-28
33,6.310887E-29
33,3.155444E-29
33,1.577722E-29
33,7.888609E-30
33,3.944305E-30
33,1.972152E-30
33,9.860761E-31
33,4.930381E-31
33,2.46519E-31
33,1.232595E-31
33,6.162976E-32
33,3.081488E-32
33,1.540744E-32
33,7.70372E-33
33,3.85186E-33
33,1.92593E-33
33,9.62965E-34
33,4.814825E-34
33,2.407412E-34
33,1.203706E-34
33,6.018531E-35
33,3.009266E-35
33,1.504633E-35
33,7.523164E-36
33,3.761582E-36
33,1.880791E-36
33,9.403955E-37
33,4.701977E-37
33,2.350989E-37
33,1.175494E-37
33,5.877472E-38
33,2.938736E-38
33,1.469368E-38
33,7.34684E-39
33,3.67342E-39
33,1.83671E-39
33,9.18355E-40
33,4.591775E-40
33,2.295887E-40
33,1.147944E-40
33,5.739719E-41
33,2.869859E-41
33,1.43493E-41
33,7.174648E-42
33,3.587324E-42
33,1.793662E-42
33,8.96831E-43
33,4.484155E-43
33,2.242078E-43
33,1.121039E-43
33,5.605194E-44
33,2.802597E-44
33,1.401298E-44
33,7.006492E-45
33,2.802597E-45
33,1.401298E-45
33,0
33,0
33,0
33,0
33,0
33,0
33,0
33,0
33,0
33,0
33,0
33,0
33,0
33,0
33,0
33,0
33,0
33,0
33,0
33,0
33,0
33,0
33,0
33,0
33,0
33,0
33,0
33,0
33,0
33,0
33,0
33,0
33,0
33,0
33,0
33,0
33,0
33,0
33,0
33,0
33,0
33,0
33,0
33,0
33,0
33,0
33,0
33,0
33,0
33,0
33,0
33,0
33,0
33,0
33,0
33,0
33,0
33,0
33,0
33,0
33,0
33,0
33,0
33,0
33,0
33,0
33,0
33,0
33,0
33,0
33,0
33,0
33,0
33,0
33,0
33,0
33,0
33,0
33,0
33,0
33,0
33,0
33,0
33,0
33,0
33,0
33,0
33,0
33,0
33,0
33,0
33,0
33,0
33,0
33,0
33,0
33,0
33,0
33,0
33,0
33,0
33,0
33,0
33,0
33,0
33,0
33,0
33,0
33,0
33,0
33,0
33,0
33,0
33,0
33,0
33,0
33,0
33,0
33,0
33,0
33,0
33,0
33,0
33,0
28,2.5
28,1.25
28,0.625
28,0.3125
28,0.15625
28,0.078125
28,0.0390625
28,0.01953125
28,0.009765625
28,0.004882813
28,0.002441406
28,0.001220703
28,0.0006103516
28,0.0003051758
28,0.0001525879
28,7.629395E-05
28,3.814697E-05
28,1.907349E-05
28,9.536743E-06
28,4.768372E-06
28,2.384186E-06
28,1.192093E-06
28,5.960464E-07
28,2.980232E-07
28,1.490116E-07
28,7.450581E-08
28,3.72529E-08
28,1.862645E-08
28,9.313226E-09
28,4.656613E-09
28,2.328306E-09
28,1.164153E-09
28,5.820766E-10
28,2.910383E-10
28,1.455192E-10
28,7.275958E-11
28,3.637979E-11
28,1.818989E-11
28,9.094947E-12
28,4.547474E-12
28,2.273737E-12
28,1.136868E-12
28,5.684342E-13
28,2.842171E-13
28,1.421085E-13
28,7.105427E-14
28,3.552714E-14
28,1.776357E-14
28,8.881784E-15
28,4.440892E-15
28,2.220446E-15
28,1.110223E-15
28,5.551115E-16
28,2.775558E-16
28,1.387779E-16
28,6.938894E-17
28,3.469447E-17
28,1.734723E-17
28,8.673617E-18
28,4.336809E-18
28,2.168404E-18
28,1.084202E-18
28,5.421011E-19
28,2.710505E-19
28,1.355253E-19
28,6.776264E-20
28,3.388132E-20
28,1.694066E-20
28,8.470329E-21
28,4.235165E-21
28,2.117582E-21
28,1.058791E-21
28,5.293956E-22
28,2.646978E-22
28,1.323489E-22
28,6.617445E-23
28,3.308722E-23
28,1.654361E-23
28,8.271806E-24
28,4.135903E-24
28,2.067952E-24
28,1.033976E-24
28,5.169879E-25
28,2.584939E-25
28,1.29247E-25
28,6.462349E-26
28,3.231174E-26
28,1.615587E-26
28,8.077936E-27
28,4.038968E-27
28,2.019484E-27
28,1.009742E-27
28,5.04871E-28
28,2.524355E-28
28,1.262177E-28
28,6.310887E-29
28,3.155444E-29
28,1.577722E-29
28,7.888609E-30
28,3.944305E-30
28,1.972152E-30
28,9.860761E-31
28,4.930381E-31
28,2.46519E-31
28,1.232595E-31
28,6.162976E-32
28,3.081488E-32
28,1.540744E-32
28,7.70372E-33
28,3.85186E-33
28,1.92593E-33
28,9.62965E-34
28,4.814825E-34
28,2.407412E-34
28,1.203706E-34
28,6.018531E-35
28,3.009266E-35
28,1.504633E-35
28,7.523164E-36
28,3.761582E-36
28,1.880791E-36
28,9.403955E-37
28,4.701977E-37
28,2.350989E-37
28,1.175494E-37
28,5.877472E-38
28,2.938736E-38
28,1.469368E-38
28,7.34684E-39
28,3.67342E-39
28,1.83671E-39
28,9.18355E-40
28,4.591775E-40
28,2.295887E-40
28,1.147944E-40
28,5.739719E-41
28,2.869859E-41
28,1.43493E-41
28,7.174648E-42
28,3.587324E-42
28,1.793662E-42
28,8.96831E-43
28,4.484155E-43
28,2.242078E-43
28,1.121039E-43
28,5.605194E-44
28,2.802597E-44
28,1.401298E-44
28,7.006492E-45
28,2.802597E-45
28,1.401298E-45
28,0
28,0
28,0
28,0
28,0
28,0
28,0
28,0
28,0
28,0
28,0
28,0
28,0
28,0
28,0
28,0
28,0
28,0
28,0
28,0
28,0
28,0
28,0
28,0
28,0
28,0
28,0
28,0
28,0
28,0
28,0
28,0
28,0
28,0
28,0
28,0
28,0
28,0
28,0
28,0
28,0
28,0
28,0
28,0
28,0
28,0
28,0
28,0
28,0
28,0
28,0
28,0
28,0
28,0
28,0
28,0
28,0
28,0
28,0
28,0
28,0
28,0
28,0
28,0
28,0
28,0
28,0
28,0
28,0
28,0
28,0
28,0
28,0
28,0
28,0
28,0
28,0
28,0
28,0
28,0
28,0
28,0
28,0
28,0
28,0
28,0
28,0
28,0
28,0
28,0
28,0
28,0
28,0
28,0
28,0
28,0
28,0
28,0
28,0
28,0
28,0
28,0
28,0
28,0
28,0
28,0
28,0
28,0
28,0
28,0
28,0
28,0
28,0
28,0
26,1
26,0.5
26,0.25
26,0.125
26,0.0625
26,0.03125
26,0.015625
26,0.0078125
26,0.00390625
26,0.001953125
26,0.0009765625
26,0.0004882813
26,0.0002441406
26,0.0001220703
26,6.103516E-05
26,3.051758E-05
26,1.525879E-05
26,7.629395E-06
26,3.814697E-06
26,1.907349E-06
26,9.536743E-07
26,4.768372E-07
26,2.384186E-07
26,1.192093E-07
26,5.960464E-08
26,2.980232E-08
26,1.490116E-08
26,7.450581E-09
26,3.72529E-09
26,1.862645E-09
26,9.313226E-10
26,4.656613E-10
26,2.328306E-10
26,1.164153E-10
26,5.820766E-11
26,2.910383E-11
26,1.455192E-11
26,7.275958E-12
26,3.637979E-12
26,1.818989E-12
26,9.094947E-13
26,4.547474E-13
26,2.273737E-13
26,1.136868E-13
26,5.684342E-14
26,2.842171E-14
26,1.421085E-14
26,7.105427E-15
26,3.552714E-15
26,1.776357E-15
26,8.881784E-16
26,4.440892E-16
26,2.220446E-16
26,1.110223E-16
26,5.551115E-17
26,2.775558E-17
26,1.387779E-17
26,6.938894E-18
26,3.469447E-18
26,1.734723E-18
26,8.673617E-19
26,4.336809E-19
26,2.168404E-19
26,1.084202E-19
26,5.421011E-20
26,2.710505E-20
26,1.355253E-20
26,6.776264E-21
26,3.388132E-21
26,1.694066E-21
26,8.470329E-22
26,4.235165E-22
26,2.117582E-22
26,1.058791E-22
26,5.293956E-23
26,2.646978E-23
26,1.323489E-23
26,6.617445E-24
26,3.308722E-24
26,1.654361E-24
26,8.271806E-25
26,4.135903E-25
26,2.067952E-25
26,1.033976E-25
26,5.169879E-26
26,2.584939E-26
26,1.29247E-26
26,6.462349E-27
26,3.231174E-27
26,1.615587E-27
26,8.077936E-28
26,4.038968E-28
26,2.019484E-28
26,1.009742E-28
26,5.04871E-29
26,2.524355E-29
26,1.262177E-29
26,6.310887E-30
26,3.155444E-30
26,1.577722E-30
26,7.888609E-31
26,3.944305E-31
26,1.972152E-31
26,9.860761E-32
26,4.930381E-32
26,2.46519E-32
26,1.232595E-32
26,6.162976E-33
26,3.081488E-33
26,1.540744E-33
26,7.70372E-34
26,3.85186E-34
26,1.92593E-34
26,9.62965E-35
26,4.814825E-35
26,2.407412E-35
26,1.203706E-35
26,6.018531E-36
26,3.009266E-36
26,1.504633E-36
26,7.523164E-37
26,3.761582E-37
26,1.880791E-37
26,9.403955E-38
26,4.701977E-38
26,2.350989E-38
26,1.175494E-38
26,5.877472E-39
26,2.938736E-39
26,1.469368E-39
26,7.34684E-40
26,3.67342E-40
26,1.83671E-40
26,9.18355E-41
26,4.591775E-41
26,2.295887E-41
26,1.147944E-41
26,5.739719E-42
26,2.869859E-42
26,1.43493E-42
26,7.174648E-43
26,3.587324E-43
26,1.793662E-43
26,8.96831E-44
26,4.484155E-44
26,2.242078E-44
26,1.121039E-44
26,5.605194E-45
26,2.802597E-45
26,1.401298E-45
26,0
26,0
26,0
26,0
26,0
26,0
26,0
26,0
26,0
26,0
26,0
26,0
26,0
26,0
26,0
26,0
26,0
26,0
26,0
26,0
26,0
26,0
26,0
26,0
26,0
26,0
26,0
26,0
26,0
26,0
26,0
26,0
26,0
26,0
26,0
26,0
26,0
26,0
26,0
26,0
26,0
26,0
26,0
26,0
26,0
26,0
26,0
26,0
26,0
26,0
26,0
26,0
26,0
26,0
26,0
26,0
26,0
26,0
26,0
26,0
26,0
26,0
26,0
26,0
26,0
26,0
26,0
26,0
26,0
26,0
26,0
26,0
26,0
26,0
26,0
26,0
26,0
26,0
26,0
26,0
26,0
26,0
26,0
26,0
26,0
26,0
26,0
26,0
26,0
26,0
26,0
26,0
26,0
26,0
26,0
26,0
26,0
26,0
26,0
26,0
26,0
26,0
26,0
26,0
26,0
26,0
26,0
26,0
26,0
26,0
26,0
26,0
26,0
26,0
26,0
26,0
26,0
26,0
26,0
26,0
26,0
26,0
26,0
26,0
26,0
26,0
26,0
26,0
26,0
26,0
26,0
26,0
26,0
26,0
26,0
26,0
26,0
26,0
26,0
26,0
26,0
26,0
26,0
26,0
26,0
26,0
26,0
26,0
24,1
24,0.5
24,0.25
24,0.125
24,0.0625
24,0.03125
24,0.015625
24,0.0078125
24,0.00390625
24,0.001953125
24,0.0009765625
24,0.0004882813
24,0.0002441406
24,0.0001220703
24,6.103516E-05
24,3.051758E-05
24,1.525879E-05
24,7.629395E-06
24,3.814697E-06
24,1.907349E-06
24,9.536743E-07
24,4.768372E-07
24,2.384186E-07
24,1.192093E-07
24,5.960464E-08
24,2.980232E-08
24,1.490116E-08
24,7.450581E-09
24,3.72529E-09
24,1.862645E-09
24,9.313226E-10
24,4.656613E-10
24,2.328306E-10
24,1.164153E-10
24,5.820766E-11
24,2.910383E-11
24,1.455192E-11
24,7.275958E-12
24,3.637979E-12
24,1.818989E-12
24,9.094947E-13
24,4.547474E-13
24,2.273737E-13
24,1.136868E-13
24,5.684342E-14
24,2.842171E-14
24,1.421085E-14
24,7.105427E-15
24,3.552714E-15
24,1.776357E-15
24,8.881784E-16
24,4.440892E-16
24,2.220446E-16
24,1.110223E-16
24,5.551115E-17
24,2.775558E-17
24,1.387779E-17
24,6.938894E-18
24,3.469447E-18
24,1.734723E-18
24,8.673617E-19
24,4.336809E-19
24,2.168404E-19
24,1.084202E-19
24,5.421011E-20
24,2.710505E-20
24,1.355253E-20
24,6.776264E-21
24,3.388132E-21
24,1.694066E-21
24,8.470329E-22
24,4.235165E-22
24,2.117582E-22
24,1.058791E-22
24,5.293956E-23
24,2.646978E-23
24,1.323489E-23
24,6.617445E-24
24,3.308722E-24
24,1.654361E-24
24,8.271806E-25
24,4.135903E-25
24,2.067952E-25
24,1.033976E-25
24,5.169879E-26
24,2.584939E-26
24,1.29247E-26
24,6.462349E-27
24,3.231174E-27
24,1.615587E-27
24,8.077936E-28
24,4.038968E-28
24,2.019484E-28
24,1.009742E-28
24,5.04871E-29
24,2.524355E-29
24,1.262177E-29
24,6.310887E-30
24,3.155444E-30
24,1.577722E-30
24,7.888609E-31
24,3.944305E-31
24,1.972152E-31
24,9.860761E-32
24,4.930381E-32
24,2.46519E-32
24,1.232595E-32
24,6.162976E-33
24,3.081488E-33
24,1.540744E-33
24,7.70372E-34
24,3.85186E-34
24,1.92593E-34
24,9.62965E-35
24,4.814825E-35
24,2.407412E-35
24,1.203706E-35
24,6.018531E-36
24,3.009266E-36
24,1.504633E-36
24,7.523164E-37
24,3.761582E-37
24,1.880791E-37
24,9.403955E-38
24,4.701977E-38
24,2.350989E-38
24,1.175494E-38
24,5.877472E-39
24,2.938736E-39
24,1.469368E-39
24,7.34684E-40
24,3.67342E-40
24,1.83671E-40
24,9.18355E-41
24,4.591775E-41
24,2.295887E-41
24,1.147944E-41
24,5.739719E-42
24,2.869859E-42
24,1.43493E-42
24,7.174648E-43
24,3.587324E-43
24,1.793662E-43
24,8.96831E-44
24,4.484155E-44
24,2.242078E-44
24,1.121039E-44
24,5.605194E-45
24,2.802597E-45
24,1.401298E-45
24,0
24,0
24,0
24,0
24,0
24,0
24,0
24,0
24,0
24,0
24,0
24,0
24,0
24,0
24,0
24,0
24,0
24,0
24,0
24,0
24,0
24,0
24,0
24,0
24,0
24,0
24,0
24,0
24,0
24,0
24,0
24,0
24,0
24,0
24,0
24,0
24,0
24,0
24,0
24,0
24,0
24,0
24,0
24,0
24,0
24,0
24,0
24,0
24,0
24,0
24,0
24,0
24,0
24,0
24,0
24,0
24,0
24,0
24,0
24,0
24,0
24,0
24,0
24,0
24,0
24,0
24,0
24,0
24,0
24,0
24,0
24,0
24,0
24,0
24,0
24,0
24,0
24,0
24,0
24,0
24,0
24,0
24,0
24,0
24,0
24,0
24,0
24,0
24,0
24,0
24,0
24,0
24,0
24,0
24,0
24,0
24,0
24,0
24,0
24,0
24,0
24,0
24,0
24,0
24,0
24,0
24,0
24,0
24,0
24,0
24,0
24,0
24,0
24,0
24,0
24,0
24,0
24,0
24,0
24,0
24,0
24,0
24,0
24,0
24,0
24,0
24,0
24,0
24,0
24,0
24,0
24,0
24,0
24,0
24,0
24,0
24,0
24,0
24,0
24,0
24,0
24,0
24,0
24,0
24,0
24,0
24,0
24,0
24,0
24,0
23,0.5
23,0.25
23,0.125
23,0.0625
23,0.03125
23,0.015625
23,0.0078125
23,0.00390625
23,0.001953125
23,0.0009765625
23,0.0004882813
23,0.0002441406
23,0.0001220703
23,6.103516E-05
23,3.051758E-05
23,1.525879E-05
23,7.629395E-06
23,3.814697E-06
23,1.907349E-06
23,9.536743E-07
23,4.768372E-07
23,2.384186E-07
23,1.192093E-07
23,5.960464E-08
23,2.980232E-08
23,1.490116E-08
23,7.450581E-09
23,3.72529E-09
23,1.862645E-09
23,9.313226E-10
23,4.656613E-10
23,2.328306E-10
23,1.164153E-10
23,5.820766E-11
23,2.910383E-11
23,1.455192E-11
23,7.275958E-12
23,3.637979E-12
23,1.818989E-12
23,9.094947E-13
23,4.547474E-13
23,2.273737E-13
23,1.136868E-13
23,5.684342E-14
23,2.842171E-14
23,1.421085E-14
23,7.105427E-15
23,3.552714E-15
23,1.776357E-15
23,8.881784E-16
23,4.440892E-16
23,2.220446E-16
23,1.110223E-16
23,5.551115E-17
23,2.775558E-17
23,1.387779E-17
23,6.938894E-18
23,3.469447E-18
23,1.734723E-18
23,8.673617E-19
23,4.336809E-19
23,2.168404E-19
23,1.084202E-19
23,5.421011E-20
23,2.710505E-20
23,1.355253E-20
23,6.776264E-21
23,3.388132E-21
23,1.694066E-21
23,8.470329E-22
23,4.235165E-22
23,2.117582E-22
23,1.058791E-22
23,5.293956E-23
23,2.646978E-23
23,1.323489E-23
23,6.617445E-24
23,3.308722E-24
23,1.654361E-24
23,8.271806E-25
23,4.135903E-25
23,2.067952E-25
23,1.033976E-25
23,5.169879E-26
23,2.584939E-26
23,1.29247E-26
23,6.462349E-27
23,3.231174E-27
23,1.615587E-27
23,8.077936E-28
23,4.038968E-28
23,2.019484E-28
23,1.009742E-28
23,5.04871E-29
23,2.524355E-29
23,1.262177E-29
23,6.310887E-30
23,3.155444E-30
23,1.577722E-30
23,7.888609E-31
23,3.944305E-31
23,1.972152E-31
23,9.860761E-32
23,4.930381E-32
23,2.46519E-32
23,1.232595E-32
23,6.162976E-33
23,3.081488E-33
23,1.540744E-33
23,7.70372E-34
23,3.85186E-34
23,1.92593E-34
23,9.62965E-35
23,4.814825E-35
23,2.407412E-35
23,1.203706E-35
23,6.018531E-36
23,3.009266E-36
23,1.504633E-36
23,7.523164E-37
23,3.761582E-37
23,1.880791E-37
23,9.403955E-38
23,4.701977E-38
23,2.350989E-38
23,1.175494E-38
23,5.877472E-39
23,2.938736E-39
23,1.469368E-39
23,7.34684E-40
23,3.67342E-40
23,1.83671E-40
23,9.18355E-41
23,4.591775E-41
23,2.295887E-41
23,1.147944E-41
23,5.739719E-42
23,2.869859E-42
23,1.43493E-42
23,7.174648E-43
23,3.587324E-43
23,1.793662E-43
23,8.96831E-44
23,4.484155E-44
23,2.242078E-44
23,1.121039E-44
23,5.605194E-45
23,2.802597E-45
23,1.401298E-45
23,0
23,0
23,0
23,0
23,0
23,0
23,0
23,0
23,0
23,0
23,0
23,0
23,0
23,0
23,0
23,0
23,0
23,0
23,0
23,0
23,0
23,0
23,0
23,0
23,0
23,0
23,0
23,0
23,0
23,0
23,0
23,0
23,0
23,0
23,0
23,0
23,0
23,0
23,0
23,0
23,0
23,0
23,0
23,0
23,0
23,0
23,0
23,0
23,0
23,0
23,0
23,0
23,0
23,0
23,0
23,0
23,0
23,0
23,0
23,0
23,0
23,0
23,0
23,0
23,0
23,0
23,0
23,0
23,0
23,0
23,0
23,0
23,0
23,0
23,0
23,0
23,0
23,0
23,0
23,0
23,0
23,0
23,0
23,0
23,0
23,0
23,0
23,0
23,0
23,0
23,0
23,0
23,0
23,0
23,0
23,0
23,0
23,0
23,0
23,0
23,0
23,0
23,0
23,0
23,0
23,0
23,0
23,0
23,0
23,0
23,0
23,0
23,0
23,0
23,0
23,0
23,0
23,0
22,0.5
22,0.25
22,0.125
22,0.0625
22,0.03125
22,0.015625
22,0.0078125
22,0.00390625
22,0.001953125
22,0.0009765625
22,0.0004882813
22,0.0002441406
22,0.0001220703
22,6.103516E-05
22,3.051758E-05
22,1.525879E-05
22,7.629395E-06
22,3.814697E-06
22,1.907349E-06
22,9.536743E-07
22,4.768372E-07
22,2.384186E-07
22,1.192093E-07
22,5.960464E-08
22,2.980232E-08
22,1.490116E-08
22,7.450581E-09
22,3.72529E-09
22,1.862645E-09
22,9.313226E-10
22,4.656613E-10
22,2.328306E-10
22,1.164153E-10
22,5.820766E-11
22,2.910383E-11
22,1.455192E-11
22,7.275958E-12
22,3.637979E-12
22,1.818989E-12
22,9.094947E-13
22,4.547474E-13
22,2.273737E-13
22,1.136868E-13
22,5.684342E-14
22,2.842171E-14
22,1.421085E-14
22,7.105427E-15
22,3.552714E-15
22,1.776357E-15
22,8.881784E-16
22,4.440892E-16
22,2.220446E-16
22,1.110223E-16
22,5.551115E-17
22,2.775558E-17
22,1.387779E-17
22,6.938894E-18
22,3.469447E-18
22,1.734723E-18
22,8.673617E-19
22,4.336809E-19
22,2.168404E-19
22,1.084202E-19
22,5.421011E-20
22,2.710505E-20
22,1.355253E-20
22,6.776264E-21
22,3.388132E-21
22,1.694066E-21
22,8.470329E-22
22,4.235165E-22
22,2.117582E-22
22,1.058791E-22
22,5.293956E-23
22,2.646978E-23
22,1.323489E-23
22,6.617445E-24
22,3.308722E-24
22,1.654361E-24
22,8.271806E-25
22,4.135903E-25
22,2.067952E-25
22,1.033976E-25
22,5.169879E-26
22,2.584939E-26
22,1.29247E-26
22,6.462349E-27
22,3.231174E-27
22,1.615587E-27
22,8.077936E-28
22,4.038968E-28
22,2.019484E-28
22,1.009742E-28
22,5.04871E-29
22,2.524355E-29
22,1.262177E-29
22,6.310887E-30
22,3.155444E-30
22,1.577722E-30
22,7.888609E-31
22,3.944305E-31
22,1.972152E-31
22,9.860761E-32
22,4.930381E-32
22,2.46519E-32
22,1.232595E-32
22,6.162976E-33
22,3.081488E-33
22,1.540744E-33
22,7.70372E-34
22,3.85186E-34
22,1.92593E-34
22,9.62965E-35
22,4.814825E-35
22,2.407412E-35
22,1.203706E-35
22,6.018531E-36
22,3.009266E-36
22,1.504633E-36
22,7.523164E-37
22,3.761582E-37
22,1.880791E-37
22,9.403955E-38
22,4.701977E-38
22,2.350989E-38
22,1.175494E-38
22,5.877472E-39
22,2.938736E-39
22,1.469368E-39
22,7.34684E-40
22,3.67342E-40
22,1.83671E-40
22,9.18355E-41
22,4.591775E-41
22,2.295887E-41
22,1.147944E-41
22,5.739719E-42
22,2.869859E-42
22,1.43493E-42
22,7.174648E-43
22,3.587324E-43
22,1.793662E-43
22,8.96831E-44
22,4.484155E-44
22,2.242078E-44
22,1.121039E-44
22,5.605194E-45
22,2.802597E-45
22,1.401298E-45
22,0
22,0
22,0
22,0
22,0
22,0
22,0
22,0
22,0
22,0
22,0
22,0
22,0
22,0
22,0
22,0
22,0
22,0
22,0
22,0
22,0
22,0
22,0
22,0
22,0
22,0
22,0
22,0
22,0
22,0
22,0
22,0
22,0
22,0
22,0
22,0
22,0
22,0
22,0
22,0
22,0
22,0
22,0
22,0
22,0
22,0
22,0
22,0
22,0
22,0
22,0
22,0
22,0
22,0
22,0
22,0
22,0
22,0
22,0
22,0
22,0
22,0
22,0
22,0
22,0
22,0
22,0
22,0
22,0
22,0
22,0
22,0
22,0
22,0
22,0
22,0
22,0
22,0
22,0
22,0
22,0
22,0
22,0
22,0
22,0
22,0
22,0
22,0
22,0
21,0.5
21,0.25
21,0.125
21,0.0625
21,0.03125
21,0.015625
21,0.0078125
21,0.00390625
21,0.001953125
21,0.0009765625
21,0.0004882813
21,0.0002441406
21,0.0001220703
21,6.103516E-05
21,3.051758E-05
21,1.525879E-05
21,7.629395E-06
21,3.814697E-06
21,1.907349E-06
21,9.536743E-07
21,4.768372E-07
21,2.384186E-07
21,1.192093E-07
21,5.960464E-08
21,2.980232E-08
21,1.490116E-08
21,7.450581E-09
21,3.72529E-09
21,1.862645E-09
21,9.313226E-10
21,4.656613E-10
21,2.328306E-10
21,1.164153E-10
21,5.820766E-11
21,2.910383E-11
21,1.455192E-11
21,7.275958E-12
21,3.637979E-12
21,1.818989E-12
21,9.094947E-13
21,4.547474E-13
21,2.273737E-13
21,1.136868E-13
21,5.684342E-14
21,2.842171E-14
21,1.421085E-14
21,7.105427E-15
21,3.552714E-15
21,1.776357E-15
21,8.881784E-16
21,4.440892E-16
21,2.220446E-16
21,1.110223E-16
21,5.551115E-17
21,2.775558E-17
21,1.387779E-17
21,6.938894E-18
21,3.469447E-18
21,1.734723E-18
21,8.673617E-19
21,4.336809E-19
21,2.168404E-19
21,1.084202E-19
21,5.421011E-20
21,2.710505E-20
21,1.355253E-20
21,6.776264E-21
21,3.388132E-21
21,1.694066E-21
21,8.470329E-22
21,4.235165E-22
21,2.117582E-22
21,1.058791E-22
21,5.293956E-23
21,2.646978E-23
21,1.323489E-23
21,6.617445E-24
21,3.308722E-24
21,1.654361E-24
21,8.271806E-25
21,4.135903E-25
21,2.067952E-25
21,1.033976E-25
21,5.169879E-26
21,2.584939E-26
21,1.29247E-26
21,6.462349E-27
21,3.231174E-27
21,1.615587E-27
21,8.077936E-28
21,4.038968E-28
21,2.019484E-28
21,1.009742E-28
21,5.04871E-29
21,2.524355E-29
21,1.262177E-29
21,6.310887E-30
21,3.155444E-30
21,1.577722E-30
21,7.888609E-31
21,3.944305E-31
21,1.972152E-31
21,9.860761E-32
21,4.930381E-32
21,2.46519E-32
21,1.232595E-32
21,6.162976E-33
21,3.081488E-33
21,1.540744E-33
21,7.70372E-34
21,3.85186E-34
21,1.92593E-34
21,9.62965E-35
21,4.814825E-35
21,2.407412E-35
21,1.203706E-35
21,6.018531E-36
21,3.009266E-36
21,1.504633E-36
21,7.523164E-37
21,3.761582E-37
21,1.880791E-37
21,9.403955E-38
21,4.701977E-38
21,2.350989E-38
21,1.175494E-38
21,5.877472E-39
21,2.938736E-39
21,1.469368E-39
21,7.34684E-40
21,3.67342E-40
21,1.83671E-40
21,9.18355E-41
21,4.591775E-41
21,2.295887E-41
21,1.147944E-41
21,5.739719E-42
21,2.869859E-42
21,1.43493E-42
21,7.174648E-43
21,3.587324E-43
21,1.793662E-43
21,8.96831E-44
21,4.484155E-44
21,2.242078E-44
21,1.121039E-44
21,5.605194E-45
21,2.802597E-45
21,1.401298E-45
21,0
21,0
21,0
21,0
21,0
21,0
21,0
21,0
21,0
21,0
21,0
21,0
21,0
21,0
21,0
21,0
21,0
21,0
21,0
21,0
21,0
21,0
21,0
21,0
21,0
21,0
21,0
21,0
21,0
21,0
21,0
21,0
21,0
21,0
21,0
21,0
21,0
21,0
21,0
21,0
21,0
21,0
21,0
21,0
21,0
21,0
21,0
21,0
21,0
21,0
21,0
21,0
21,0
21,0
21,0
21,0
21,0
21,0
21,0
21,0
21,0
21,0
21,0
21,0
21,0
21,0
21,0
21,0
21,0
21,0
21,0
21,0
21,0
21,0
21,0
21,0
21,0
21,0
21,0
21,0
21,0
21,0
21,0
21,0
21,0
21,0
21,0
21,0
21,0
21,0
21,0
21,0
21,0
21,0
21,0
21,0
21,0
21,0
21,0
21,0
21,0
21,0
21,0
21,0
21,0
21,0
21,0
26,2.5
26,1.25
26,0.625
26,0.3125
26,0.15625
26,0.078125
26,0.0390625
26,0.01953125
26,0.009765625
26,0.004882813
26,0.002441406
26,0.001220703
26,0.0006103516
26,0.0003051758
26,0.0001525879
26,7.629395E-05
26,3.814697E-05
26,1.907349E-05
26,9.536743E-06
26,4.768372E-06
26,2.384186E-06
26,1.192093E-06
26,5.960464E-07
26,2.980232E-07
26,1.490116E-07
26,7.450581E-08
26,3.72529E-08
26,1.862645E-08
26,9.313226E-09
26,4.656613E-09
26,2.328306E-09
26,1.164153E-09
26,5.820766E-10
26,2.910383E-10
26,1.455192E-10
26,7.275958E-11
26,3.637979E-11
26,1.818989E-11
26,9.094947E-12
26,4.547474E-12
26,2.273737E-12
26,1.136868E-12
26,5.684342E-13
26,2.842171E-13
26,1.421085E-13
26,7.105427E-14
26,3.552714E-14
26,1.776357E-14
26,8.881784E-15
26,4.440892E-15
26,2.220446E-15
26,1.110223E-15
26,5.551115E-16
26,2.775558E-16
26,1.387779E-16
26,6.938894E-17
26,3.469447E-17
26,1.734723E-17
26,8.673617E-18
26,4.336809E-18
26,2.168404E-18
26,1.084202E-18
26,5.421011E-19
26,2.710505E-19
26,1.355253E-19
26,6.776264E-20
26,3.388132E-20
26,1.694066E-20
26,8.470329E-21
26,4.235165E-21
26,2.117582E-21
26,1.058791E-21
26,5.293956E-22
26,2.646978E-22
26,1.323489E-22
26,6.617445E-23
26,3.308722E-23
26,1.654361E-23
26,8.271806E-24
26,4.135903E-24
26,2.067952E-24
26,1.033976E-24
26,5.169879E-25
26,2.584939E-25
26,1.29247E-25
26,6.462349E-26
26,3.231174E-26
26,1.615587E-26
26,8.077936E-27
26,4.038968E-27
26,2.019484E-27
26,1.009742E-27
26,5.04871E-28
26,2.524355E-28
26,1.262177E-28
26,6.310887E-29
26,3.155444E-29
26,1.577722E-29
26,7.888609E-30
26,3.944305E-30
26,1.972152E-30
26,9.860761E-31
26,4.930381E-31
26,2.46519E-31
26,1.232595E-31
26,6.162976E-32
26,3.081488E-32
26,1.540744E-32
26,7.70372E-33
26,3.85186E-33
26,1.92593E-33
26,9.62965E-34
26,4.814825E-34
26,2.407412E-34
26,1.203706E-34
26,6.018531E-35
26,3.009266E-35
26,1.504633E-35
26,7.523164E-36
26,3.761582E-36
26,1.880791E-36
26,9.403955E-37
26,4.701977E-37
26,2.350989E-37
26,1.175494E-37
26,5.877472E-38
26,2.938736E-38
26,1.469368E-38
26,7.34684E-39
26,3.67342E-39
26,1.83671E-39
26,9.18355E-40
26,4.591775E-40
26,2.295887E-40
26,1.147944E-40
26,5.739719E-41
26,2.869859E-41
26,1.43493E-41
26,7.174648E-42
26,3.587324E-42
26,1.793662E-42
26,8.96831E-43
26,4.484155E-43
26,2.242078E-43
26,1.121039E-43
26,5.605194E-44
26,2.802597E-44
26,1.401298E-44
26,7.006492E-45
26,2.802597E-45
26,1.401298E-45
26,0
26,0
26,0
26,0
26,0
26,0
26,0
26,0
26,0
26,0
26,0
26,0
26,0
26,0
26,0
26,0
26,0
26,0
26,0
26,0
26,0
26,0
26,0
26,0
26,0
26,0
26,0
26,0
26,0
26,0
26,0
26,0
26,0
26,0
26,0
26,0
26,0
26,0
26,0
26,0
26,0
26,0
26,0
26,0
26,0
26,0
26,0
26,0
26,0
26,0
26,0
26,0
26,0
26,0
26,0
26,0
26,0
26,0
26,0
26,0
26,0
26,0
26,0
26,0
26,0
26,0
26,0
26,0
26,0
26,0
26,0
23,1.5
23,0.75
23,0.375
23,0.1875
23,0.09375
23,0.046875
23,0.0234375
23,0.01171875
23,0.005859375
23,0.002929688
23,0.001464844
23,0.0007324219
23,0.0003662109
23,0.0001831055
23,9.155273E-05
23,4.577637E-05
23,2.288818E-05
23,1.144409E-05
23,5.722046E-06
23,2.861023E-06
23,1.430511E-06
23,7.152557E-07
23,3.576279E-07
23,1.788139E-07
23,8.940697E-08
23,4.470348E-08
23,2.235174E-08
23,1.117587E-08
23,5.587935E-09
23,2.793968E-09
23,1.396984E-09
23,6.984919E-10
23,3.49246E-10
23,1.74623E-10
23,8.731149E-11
23,4.365575E-11
23,2.182787E-11
23,1.091394E-11
23,5.456968E-12
23,2.728484E-12
23,1.364242E-12
23,6.82121E-13
23,3.410605E-13
23,1.705303E-13
23,8.526513E-14
23,4.263256E-14
23,2.131628E-14
23,1.065814E-14
23,5.329071E-15
23,2.664535E-15
23,1.332268E-15
23,6.661338E-16
23,3.330669E-16
23,1.665335E-16
23,8.326673E-17
23,4.163336E-17
23,2.081668E-17
23,1.040834E-17
23,5.20417E-18
23,2.602085E-18
23,1.301043E-18
23,6.505213E-19
23,3.252607E-19
23,1.626303E-19
23,8.131516E-20
23,4.065758E-20
23,2.032879E-20
23,1.01644E-20
23,5.082198E-21
23,2.541099E-21
23,1.270549E-21
23,6.352747E-22
23,3.176374E-22
23,1.588187E-22
23,7.940934E-23
23,3.970467E-23
23,1.985233E-23
23,9.926167E-24
23,4.963084E-24
23,2.481542E-24
23,1.240771E-24
23,6.203855E-25
23,3.101927E-25
23,1.550964E-25
23,7.754818E-26
23,3.877409E-26
23,1.938705E-26
23,9.693523E-27
23,4.846761E-27
23,2.423381E-27
23,1.21169E-27
23,6.058452E-28
23,3.029226E-28
23,1.514613E-28
23,7.573065E-29
23,3.786532E-29
23,1.893266E-29
23,9.466331E-30
23,4.733165E-30
23,2.366583E-30
23,1.183291E-30
23,5.916457E-31
23,2.958228E-31
23,1.479114E-31
23,7.395571E-32
23,3.697785E-32
23,1.848893E-32
23,9.244464E-33
23,4.622232E-33
23,2.311116E-33
23,1.155558E-33
23,5.77779E-34
23,2.888895E-34
23,1.444447E-34
23,7.222237E-35
23,3.611119E-35
23,1.805559E-35
23,9.027797E-36
23,4.513898E-36
23,2.256949E-36
23,1.128475E-36
23,5.642373E-37
23,2.821186E-37
23,1.410593E-37
23,7.052966E-38
23,3.526483E-38
23,1.763242E-38
23,8.816208E-39
23,4.408104E-39
23,2.204052E-39
23,1.102026E-39
23,5.51013E-40
23,2.755065E-40
23,1.377532E-40
23,6.887662E-41
23,3.443831E-41
23,1.721916E-41
23,8.609578E-42
23,4.304789E-42
23,2.152394E-42
23,1.076197E-42
23,5.380986E-43
23,2.690493E-43
23,1.345247E-43
23,6.726233E-44
23,3.363116E-44
23,1.681558E-44
23,8.407791E-45
23,4.203895E-45
23,2.802597E-45
23,1.401298E-45
23,0
23,0
23,0
23,0
23,0
23,0
23,0
23,0
23,0
23,0
23,0
23,0
23,0
23,0
23,0
23,0
23,0
23,0
23,0
23,0
23,0
23,0
23,0
23,0
23,0
23,0
23,0
23,0
23,0
23,0
23,0
23,0
23,0
23,0
23,0
23,0
23,0
23,0
23,0
23,0
23,0
23,0
23,0
23,0
23,0
23,0
23,0
23,0
23,0
23,0
23,0
23,0
23,0
23,0
23,0
23,0
23,0
23,0
23,0
23,0
23,0
23,0
23,0
23,0
23,0
23,0
23,0
23,0
23,0
23,0
23,0
23,0
23,0
23,0
23,0
23,0
23,0
23,0
23,0
23,0
23,0
23,0
23,0
23,0
23,0
23,0
23,0
23,0
23,0
23,0
23,0
23,0
23,0
23,0
23,0
23,0
23,0
23,0
29,3
29,1.5
29,0.75
29,0.375
29,0.1875
29,0.09375
29,0.046875
29,0.0234375
29,0.01171875
29,0.005859375
29,0.002929688
29,0.001464844
29,0.0007324219
29,0.0003662109
29,0.0001831055
29,9.155273E-05
29,4.577637E-05
29,2.288818E-05
29,1.144409E-05
29,5.722046E-06
29,2.861023E-06
29,1.430511E-06
29,7.152557E-07
29,3.576279E-07
29,1.788139E-07
29,8.940697E-08
29,4.470348E-08
29,2.235174E-08
29,1.117587E-08
29,5.587935E-09
29,2.793968E-09
29,1.396984E-09
29,6.984919E-10
29,3.49246E-10
29,1.74623E-10
29,8.731149E-11
29,4.365575E-11
29,2.182787E-11
29,1.091394E-11
29,5.456968E-12
29,2.728484E-12
29,1.364242E-12
29,6.82121E-13
29,3.410605E-13
29,1.705303E-13
29,8.526513E-14
29,4.263256E-14
29,2.131628E-14
29,1.065814E-14
29,5.329071E-15
29,2.664535E-15
29,1.332268E-15
29,6.661338E-16
29,3.330669E-16
29,1.665335E-16
29,8.326673E-17
29,4.163336E-17
29,2.081668E-17
29,1.040834E-17
29,5.20417E-18
29,2.602085E-18
29,1.301043E-18
29,6.505213E-19
29,3.252607E-19
29,1.626303E-19
29,8.131516E-20
29,4.065758E-20
29,2.032879E-20
29,1.01644E-20
29,5.082198E-21
29,2.541099E-21
29,1.270549E-21
29,6.352747E-22
29,3.176374E-22
29,1.588187E-22
29,7.940934E-23
29,3.970467E-23
29,1.985233E-23
29,9.926167E-24
29,4.963084E-24
29,2.481542E-24
29,1.240771E-24
29,6.203855E-25
29,3.101927E-25
29,1.550964E-25
29,7.754818E-26
29,3.877409E-26
29,1.938705E-26
29,9.693523E-27
29,4.846761E-27
29,2.423381E-27
29,1.21169E-27
29,6.058452E-28
29,3.029226E-28
29,1.514613E-28
29,7.573065E-29
29,3.786532E-29
29,1.893266E-29
29,9.466331E-30
29,4.733165E-30
29,2.366583E-30
29,1.183291E-30
29,5.916457E-31
29,2.958228E-31
29,1.479114E-31
29,7.395571E-32
29,3.697785E-32
29,1.848893E-32
29,9.244464E-33
29,4.622232E-33
29,2.311116E-33
29,1.155558E-33
29,5.77779E-34
29,2.888895E-34
29,1.444447E-34
29,7.222237E-35
29,3.611119E-35
29,1.805559E-35
29,9.027797E-36
29,4.513898E-36
29,2.256949E-36
29,1.128475E-36
29,5.642373E-37
29,2.821186E-37
29,1.410593E-37
29,7.052966E-38
29,3.526483E-38
29,1.763242E-38
29,8.816208E-39
29,4.408104E-39
29,2.204052E-39
29,1.102026E-39
29,5.51013E-40
29,2.755065E-40
29,1.377532E-40
29,6.887662E-41
29,3.443831E-41
29,1.721916E-41
29,8.609578E-42
29,4.304789E-42
29,2.152394E-42
29,1.076197E-42
29,5.380986E-43
29,2.690493E-43
29,1.345247E-43
29,6.726233E-44
29,3.363116E-44
29,1.681558E-44
29,8.407791E-45
29,4.203895E-45
29,2.802597E-45
29,1.401298E-45
29,0
29,0
29,0
29,0
29,0
29,0
29,0
29,0
29,0
29,0
29,0
29,0
29,0
29,0
29,0
29,0
29,0
29,0
29,0
29,0
29,0
29,0
29,0
29,0
29,0
29,0
29,0
29,0
29,0
29,0
29,0
29,0
29,0
29,0
29,0
29,0
29,0
29,0
29,0
29,0
29,0
29,0
29,0
29,0
29,0
29,0
29,0
29,0
29,0
29,0
29,0
29,0
29,0
29,0
29,0
29,0
29,0
29,0
29,0
29,0
29,0
29,0
29,0
29,0
29,0
29,0
33,2
33,1
33,0.5
33,0.25
33,0.125
33,0.0625
33,0.03125
33,0.015625
33,0.0078125
33,0.00390625
33,0.001953125
33,0.0009765625
33,0.0004882813
33,0.0002441406
33,0.0001220703
33,6.103516E-05
33,3.051758E-05
33,1.525879E-05
33,7.629395E-06
33,3.814697E-06
33,1.907349E-06
33,9.536743E-07
33,4.768372E-07
33,2.384186E-07
33,1.192093E-07
33,5.960464E-08
33,2.980232E-08
33,1.490116E-08
33,7.450581E-09
33,3.72529E-09
33,1.862645E-09
33,9.313226E-10
33,4.656613E-10
33,2.328306E-10
33,1.164153E-10
33,5.820766E-11
33,2.910383E-11
33,1.455192E-11
33,7.275958E-12
33,3.637979E-12
33,1.818989E-12
33,9.094947E-13
33,4.547474E-13
33,2.273737E-13
33,1.136868E-13
33,5.684342E-14
33,2.842171E-14
33,1.421085E-14
33,7.105427E-15
33,3.552714E-15
33,1.776357E-15
33,8.881784E-16
33,4.440892E-16
33,2.220446E-16
33,1.110223E-16
33,5.551115E-17
33,2.775558E-17
33,1.387779E-17
33,6.938894E-18
33,3.469447E-18
33,1.734723E-18
33,8.673617E-19
33,4.336809E-19
33,2.168404E-19
33,1.084202E-19
33,5.421011E-20
33,2.710505E-20
33,1.355253E-20
33,6.776264E-21
33,3.388132E-21
33,1.694066E-21
33,8.470329E-22
33,4.235165E-22
33,2.117582E-22
33,1.058791E-22
33,5.293956E-23
33,2.646978E-23
33,1.323489E-23
33,6.617445E-24
33,3.308722E-24
33,1.654361E-24
33,8.271806E-25
33,4.135903E-25
33,2.067952E-25
33,1.033976E-25
33,5.169879E-26
33,2.584939E-26
33,1.29247E-26
33,6.462349E-27
33,3.231174E-27
33,1.615587E-27
33,8.077936E-28
33,4.038968E-28
33,2.019484E-28
33,1.009742E-28
33,5.04871E-29
33,2.524355E-29
33,1.262177E-29
33,6.310887E-30
33,3.155444E-30
33,1.577722E-30
33,7.888609E-31
33,3.944305E-31
33,1.972152E-31
33,9.860761E-32
33,4.930381E-32
33,2.46519E-32
33,1.232595E-32
33,6.162976E-33
33,3.081488E-33
33,1.540744E-33
33,7.70372E-34
33,3.85186E-34
33,1.92593E-34
33,9.62965E-35
33,4.814825E-35
33,2.407412E-35
33,1.203706E-35
33,6.018531E-36
33,3.009266E-36
33,1.504633E-36
33,7.523164E-37
33,3.761582E-37
33,1.880791E-37
33,9.403955E-38
33,4.701977E-38
33,2.350989E-38
33,1.175494E-38
33,5.877472E-39
33,2.938736E-39
33,1.469368E-39
33,7.34684E-40
33,3.67342E-40
33,1.83671E-40
33,9.18355E-41
33,4.591775E-41
33,2.295887E-41
33,1.147944E-41
33,5.739719E-42
33,2.869859E-42
33,1.43493E-42
33,7.174648E-43
33,3.587324E-43
33,1.793662E-43
33,8.96831E-44
33,4.484155E-44
33,2.242078E-44
33,1.121039E-44
33,5.605194E-45
33,2.802597E-45
33,1.401298E-45
33,0
33,0
33,0
33,0
33,0
33,0
33,0
33,0
33,0
33,0
33,0
33,0
33,0
33,0
33,0
33,0
33,0
33,0
33,0
33,0
33,0
33,0
33,0
33,0
33,0
33,0
33,0
33,0
33,0
33,0
33,0
33,0
33,0
33,0
33,0
33,0
33,0
33,0
33,0
33,0
33,0
33,0
33,0
33,0
33,0
33,0
33,0
33,0
30,1.5
30,0.75
30,0.375
30,0.1875
30,0.09375
30,0.046875
30,0.0234375
30,0.01171875
30,0.005859375
30,0.002929688
30,0.001464844
30,0.0007324219
30,0.0003662109
30,0.0001831055
30,9.155273E-05
30,4.577637E-05
30,2.288818E-05
30,1.144409E-05
30,5.722046E-06
30,2.861023E-06
30,1.430511E-06
30,7.152557E-07
30,3.576279E-07
30,1.788139E-07
30,8.940697E-08
30,4.470348E-08
30,2.235174E-08
30,1.117587E-08
30,5.587935E-09
30,2.793968E-09
30,1.396984E-09
30,6.984919E-10
30,3.49246E-10
30,1.74623E-10
30,8.731149E-11
30,4.365575E-11
30,2.182787E-11
30,1.091394E-11
30,5.456968E-12
30,2.728484E-12
30,1.364242E-12
30,6.82121E-13
30,3.410605E-13
30,1.705303E-13
30,8.526513E-14
30,4.263256E-14
30,2.131628E-14
30,1.065814E-14
30,5.329071E-15
30,2.664535E-15
30,1.332268E-15
30,6.661338E-16
30,3.330669E-16
30,1.665335E-16
30,8.326673E-17
30,4.163336E-17
30,2.081668E-17
30,1.040834E-17
30,5.20417E-18
30,2.602085E-18
30,1.301043E-18
30,6.505213E-19
30,3.252607E-19
30,1.626303E-19
30,8.131516E-20
30,4.065758E-20
30,2.032879E-20
30,1.01644E-20
30,5.082198E-21
30,2.541099E-21
30,1.270549E-21
30,6.352747E-22
30,3.176374E-22
30,1.588187E-22
30,7.940934E-23
30,3.970467E-23
30,1.985233E-23
30,9.926167E-24
30,4.963084E-24
30,2.481542E-24
30,1.240771E-24
30,6.203855E-25
30,3.101927E-25
30,1.550964E-25
30,7.754818E-26
30,3.877409E-26
30,1.938705E-26
30,9.693523E-27
30,4.846761E-27
30,2.423381E-27
30,1.21169E-27
30,6.058452E-28
30,3.029226E-28
30,1.514613E-28
30,7.573065E-29
30,3.786532E-29
30,1.893266E-29
30,9.466331E-30
30,4.733165E-30
30,2.366583E-30
30,1.183291E-30
30,5.916457E-31
30,2.958228E-31
30,1.479114E-31
30,7.395571E-32
30,3.697785E-32
30,1.848893E-32
30,9.244464E-33
30,4.622232E-33
30,2.311116E-33
30,1.155558E-33
30,5.77779E-34
30,2.888895E-34
30,1.444447E-34
30,7.222237E-35
30,3.611119E-35
30,1.805559E-35
30,9.027797E-36
30,4.513898E-36
30,2.256949E-36
30,1.128475E-36
30,5.642373E-37
30,2.821186E-37
30,1.410593E-37
30,7.052966E-38
30,3.526483E-38
30,1.763242E-38
30,8.816208E-39
30,4.408104E-39
30,2.204052E-39
30,1.102026E-39
30,5.51013E-40
30,2.755065E-40
30,1.377532E-40
30,6.887662E-41
30,3.443831E-41
30,1.721916E-41
30,8.609578E-42
30,4.304789E-42
30,2.152394E-42
30,1.076197E-42
30,5.380986E-43
30,2.690493E-43
30,1.345247E-43
30,6.726233E-44
30,3.363116E-44
30,1.681558E-44
30,8.407791E-45
30,4.203895E-45
30,2.802597E-45
30,1.401298E-45
30,0
30,0
30,0
30,0
30,0
30,0
30,0
30,0
30,0
30,0
30,0
30,0
30,0
30,0
30,0
30,0
30,0
30,0
30,0
30,0
30,0
30,0
30,0
30,0
30,0
30,0
30,0
30,0
30,0
30,0
30,0
30,0
30,0
30,0
30,0
30,0
30,0
30,0
30,0
30,0
27,1.5
27,0.75
27,0.375
27,0.1875
27,0.09375
27,0.046875
27,0.0234375
27,0.01171875
27,0.005859375
27,0.002929688
27,0.001464844
27,0.0007324219
27,0.0003662109
27,0.0001831055
27,9.155273E-05
27,4.577637E-05
27,2.288818E-05
27,1.144409E-05
27,5.722046E-06
27,2.861023E-06
27,1.430511E-06
27,7.152557E-07
27,3.576279E-07
27,1.788139E-07
27,8.940697E-08
27,4.470348E-08
27,2.235174E-08
27,1.117587E-08
27,5.587935E-09
27,2.793968E-09
27,1.396984E-09
27,6.984919E-10
27,3.49246E-10
27,1.74623E-10
27,8.731149E-11
27,4.365575E-11
27,2.182787E-11
27,1.091394E-11
27,5.456968E-12
27,2.728484E-12
27,1.364242E-12
27,6.82121E-13
27,3.410605E-13
27,1.705303E-13
27,8.526513E-14
27,4.263256E-14
27,2.131628E-14
27,1.065814E-14
27,5.329071E-15
27,2.664535E-15
27,1.332268E-15
27,6.661338E-16
27,3.330669E-16
27,1.665335E-16
27,8.326673E-17
27,4.163336E-17
27,2.081668E-17
27,1.040834E-17
27,5.20417E-18
27,2.602085E-18
27,1.301043E-18
27,6.505213E-19
27,3.252607E-19
27,1.626303E-19
27,8.131516E-20
27,4.065758E-20
27,2.032879E-20
27,1.01644E-20
27,5.082198E-21
27,2.541099E-21
27,1.270549E-21
27,6.352747E-22
27,3.176374E-22
27,1.588187E-22
27,7.940934E-23
27,3.970467E-23
27,1.985233E-23
27,9.926167E-24
27,4.963084E-24
27,2.481542E-24
27,1.240771E-24
27,6.203855E-25
27,3.101927E-25
27,1.550964E-25
27,7.754818E-26
27,3.877409E-26
27,1.938705E-26
27,9.693523E-27
27,4.846761E-27
27,2.423381E-27
27,1.21169E-27
27,6.058452E-28
27,3.029226E-28
27,1.514613E-28
27,7.573065E-29
27,3.786532E-29
27,1.893266E-29
27,9.466331E-30
27,4.733165E-30
27,2.366583E-30
27,1.183291E-30
27,5.916457E-31
27,2.958228E-31
27,1.479114E-31
27,7.395571E-32
27,3.697785E-32
27,1.848893E-32
27,9.244464E-33
27,4.622232E-33
27,2.311116E-33
27,1.155558E-33
27,5.77779E-34
27,2.888895E-34
27,1.444447E-34
27,7.222237E-35
27,3.611119E-35
27,1.805559E-35
27,9.027797E-36
27,4.513898E-36
27,2.256949E-36
27,1.128475E-36
27,5.642373E-37
27,2.821186E-37
27,1.410593E-37
27,7.052966E-38
27,3.526483E-38
27,1.763242E-38
27,8.816208E-39
27,4.408104E-39
27,2.204052E-39
27,1.102026E-39
27,5.51013E-40
27,2.755065E-40
27,1.377532E-40
27,6.887662E-41
27,3.443831E-41
27,1.721916E-41
27,8.609578E-42
27,4.304789E-42
27,2.152394E-42
27,1.076197E-42
27,5.380986E-43
27,2.690493E-43
27,1.345247E-43
27,6.726233E-44
27,3.363116E-44
27,1.681558E-44
27,8.407791E-45
27,4.203895E-45
27,2.802597E-45
27,1.401298E-45
27,0
27,0
27,0
27,0
27,0
27,0
27,0
27,0
27,0
27,0
27,0
27,0
27,0
27,0
27,0
27,0
27,0
27,0
27,0
27,0
27,0
27,0
27,0
27,0
27,0
27,0
27,0
27,0
27,0
27,0
27,0
27,0
27,0
27,0
27,0
27,0
27,0
27,0
27,0
27,0
27,0
27,0
27,0
27,0
27,0
27,0
27,0
27,0
27,0
27,0
27,0
27,0
27,0
27,0
27,0
27,0
27,0
27,0
24,1.5
24,0.75
24,0.375
24,0.1875
24,0.09375
24,0.046875
24,0.0234375
24,0.01171875
24,0.005859375
24,0.002929688
24,0.001464844
24,0.0007324219
24,0.0003662109
24,0.0001831055
24,9.155273E-05
24,4.577637E-05
24,2.288818E-05
24,1.144409E-05
24,5.722046E-06
24,2.861023E-06
24,1.430511E-06
24,7.152557E-07
24,3.576279E-07
24,1.788139E-07
24,8.940697E-08
24,4.470348E-08
24,2.235174E-08
24,1.117587E-08
24,5.587935E-09
24,2.793968E-09
24,1.396984E-09
24,6.984919E-10
24,3.49246E-10
24,1.74623E-10
24,8.731149E-11
24,4.365575E-11
24,2.182787E-11
24,1.091394E-11
24,5.456968E-12
24,2.728484E-12
24,1.364242E-12
24,6.82121E-13
24,3.410605E-13
24,1.705303E-13
24,8.526513E-14
24,4.263256E-14
24,2.131628E-14
24,1.065814E-14
24,5.329071E-15
24,2.664535E-15
24,1.332268E-15
24,6.661338E-16
24,3.330669E-16
24,1.665335E-16
24,8.326673E-17
24,4.163336E-17
24,2.081668E-17
24,1.040834E-17
24,5.20417E-18
24,2.602085E-18
24,1.301043E-18
24,6.505213E-19
24,3.252607E-19
24,1.626303E-19
24,8.131516E-20
24,4.065758E-20
24,2.032879E-20
24,1.01644E-20
24,5.082198E-21
24,2.541099E-21
24,1.270549E-21
24,6.352747E-22
24,3.176374E-22
24,1.588187E-22
24,7.940934E-23
24,3.970467E-23
24,1.985233E-23
24,9.926167E-24
24,4.963084E-24
24,2.481542E-24
24,1.240771E-24
24,6.203855E-25
24,3.101927E-25
24,1.550964E-25
24,7.754818E-26
24,3.877409E-26
24,1.938705E-26
24,9.693523E-27
24,4.846761E-27
24,2.423381E-27
24,1.21169E-27
24,6.058452E-28
24,3.029226E-28
24,1.514613E-28
24,7.573065E-29
24,3.786532E-29
24,1.893266E-29
24,9.466331E-30
24,4.733165E-30
24,2.366583E-30
24,1.183291E-30
24,5.916457E-31
24,2.958228E-31
24,1.479114E-31
24,7.395571E-32
24,3.697785E-32
24,1.848893E-32
24,9.244464E-33
24,4.622232E-33
24,2.311116E-33
24,1.155558E-33
24,5.77779E-34
24,2.888895E-34
24,1.444447E-34
24,7.222237E-35
24,3.611119E-35
24,1.805559E-35
24,9.027797E-36
24,4.513898E-36
24,2.256949E-36
24,1.128475E-36
24,5.642373E-37
24,2.821186E-37
24,1.410593E-37
24,7.052966E-38
24,3.526483E-38
24,1.763242E-38
24,8.816208E-39
24,4.408104E-39
24,2.204052E-39
24,1.102026E-39
24,5.51013E-40
24,2.755065E-40
24,1.377532E-40
24,6.887662E-41
24,3.443831E-41
24,1.721916E-41
24,8.609578E-42
24,4.304789E-42
24,2.152394E-42
24,1.076197E-42
24,5.380986E-43
24,2.690493E-43
24,1.345247E-43
24,6.726233E-44
24,3.363116E-44
24,1.681558E-44
24,8.407791E-45
24,4.203895E-45
24,2.802597E-45
24,1.401298E-45
24,0
24,0
24,0
24,0
24,0
24,0
24,0
24,0
24,0
24,0
24,0
24,0
24,0
24,0
24,0
24,0
24,0
24,0
24,0
24,0
24,0
24,0
24,0
24,0
24,0
24,0
24,0
24,0
24,0
24,0
24,0
24,0
24,0
24,0
24,0
24,0
24,0
24,0
24,0
24,0
24,0
24,0
24,0
24,0
24,0
24,0
24,0
24,0
24,0
24,0
24,0
24,0
24,0
24,0
24,0
24,0
24,0
24,0
24,0
24,0
24,0
24,0
24,0
24,0
24,0
24,0
24,0
24,0
24,0
24,0
24,0
24,0
24,0
24,0
24,0
24,0
24,0
24,0
24,0
24,0
24,0
24,0
24,0
24,0
24,0
24,0
24,0
24,0
24,0
24,0
24,0
24,0
24,0
24,0
24,0
24,0
24,0
24,0
24,0
24,0
24,0
24,0
24,0
24,0
24,0
24,0
24,0
24,0
24,0
24,0
24,0
24,0
24,0
24,0
24,0
24,0
24,0
24,0
24,0
24,0
24,0
24,0
24,0
24,0
24,0
24,0
29,2.5
29,1.25
29,0.625
29,0.3125
29,0.15625
29,0.078125
29,0.0390625
29,0.01953125
29,0.009765625
29,0.004882813
29,0.002441406
29,0.001220703
29,0.0006103516
29,0.0003051758
29,0.0001525879
29,7.629395E-05
29,3.814697E-05
29,1.907349E-05
29,9.536743E-06
29,4.768372E-06
29,2.384186E-06
29,1.192093E-06
29,5.960464E-07
29,2.980232E-07
29,1.490116E-07
29,7.450581E-08
29,3.72529E-08
29,1.862645E-08
29,9.313226E-09
29,4.656613E-09
29,2.328306E-09
29,1.164153E-09
29,5.820766E-10
29,2.910383E-10
29,1.455192E-10
29,7.275958E-11
29,3.637979E-11
29,1.818989E-11
29,9.094947E-12
29,4.547474E-12
29,2.273737E-12
29,1.136868E-12
29,5.684342E-13
29,2.842171E-13
29,1.421085E-13
29,7.105427E-14
29,3.552714E-14
29,1.776357E-14
29,8.881784E-15
29,4.440892E-15
29,2.220446E-15
29,1.110223E-15
29,5.551115E-16
29,2.775558E-16
29,1.387779E-16
29,6.938894E-17
29,3.469447E-17
29,1.734723E-17
29,8.673617E-18
29,4.336809E-18
29,2.168404E-18
29,1.084202E-18
29,5.421011E-19
29,2.710505E-19
29,1.355253E-19
29,6.776264E-20
29,3.388132E-20
29,1.694066E-20
29,8.470329E-21
29,4.235165E-21
29,2.117582E-21
29,1.058791E-21
29,5.293956E-22
29,2.646978E-22
29,1.323489E-22
29,6.617445E-23
29,3.308722E-23
29,1.654361E-23
29,8.271806E-24
29,4.135903E-24
29,2.067952E-24
29,1.033976E-24
29,5.169879E-25
29,2.584939E-25
29,1.29247E-25
29,6.462349E-26
29,3.231174E-26
29,1.615587E-26
29,8.077936E-27
29,4.038968E-27
29,2.019484E-27
29,1.009742E-27
29,5.04871E-28
29,2.524355E-28
29,1.262177E-28
29,6.310887E-29
29,3.155444E-29
29,1.577722E-29
29,7.888609E-30
29,3.944305E-30
29,1.972152E-30
29,9.860761E-31
29,4.930381E-31
29,2.46519E-31
29,1.232595E-31
29,6.162976E-32
29,3.081488E-32
29,1.540744E-32
29,7.70372E-33
29,3.85186E-33
29,1.92593E-33
29,9.62965E-34
29,4.814825E-34
29,2.407412E-34
29,1.203706E-34
29,6.018531E-35
29,3.009266E-35
29,1.504633E-35
29,7.523164E-36
29,3.761582E-36
29,1.880791E-36
29,9.403955E-37
29,4.701977E-37
29,2.350989E-37
29,1.175494E-37
29,5.877472E-38
29,2.938736E-38
29,1.469368E-38
29,7.34684E-39
29,3.67342E-39
29,1.83671E-39
29,9.18355E-40
29,4.591775E-40
29,2.295887E-40
29,1.147944E-40
29,5.739719E-41
29,2.869859E-41
29,1.43493E-41
29,7.174648E-42
29,3.587324E-42
29,1.793662E-42
29,8.96831E-43
29,4.484155E-43
29,2.242078E-43
29,1.121039E-43
29,5.605194E-44
29,2.802597E-44
29,1.401298E-44
29,7.006492E-45
29,2.802597E-45
29,1.401298E-45
29,0
29,0
29,0
29,0
29,0
29,0
29,0
29,0
29,0
29,0
29,0
29,0
29,0
29,0
29,0
29,0
29,0
29,0
29,0
29,0
29,0
29,0
29,0
29,0
29,0
29,0
29,0
29,0
29,0
29,0
29,0
29,0
29,0
29,0
29,0
29,0
29,0
29,0
29,0
29,0
29,0
29,0
29,0
29,0
29,0
29,0
29,0
29,0
29,0
29,0
29,0
29,0
29,0
29,0
29,0
29,0
29,0
29,0
29,0
29,0
29,0
29,0
29,0
29,0
29,0
29,0
29,0
29,0
29,0
29,0
29,0
29,0
29,0
29,0
29,0
29,0
29,0
29,0
29,0
29,0
29,0
29,0
29,0
29,0
29,0
29,0
29,0
29,0
29,0
29,0
29,0
29,0
29,0
29,0
29,0
29,0
29,0
29,0
29,0
29,0
29,0
29,0
29,0
29,0
29,0
29,0
29,0
29,0
29,0
29,0
29,0
29,0
29,0
29,0
29,0
29,0
29,0
29,0
29,0
31,1
31,0.5
31,0.25
31,0.125
31,0.0625
31,0.03125
31,0.015625
31,0.0078125
31,0.00390625
31,0.001953125
31,0.0009765625
31,0.0004882813
31,0.0002441406
31,0.0001220703
31,6.103516E-05
31,3.051758E-05
31,1.525879E-05
31,7.629395E-06
31,3.814697E-06
31,1.907349E-06
31,9.536743E-07
31,4.768372E-07
31,2.384186E-07
31,1.192093E-07
31,5.960464E-08
31,2.980232E-08
31,1.490116E-08
31,7.450581E-09
31,3.72529E-09
31,1.862645E-09
31,9.313226E-10
31,4.656613E-10
31,2.328306E-10
31,1.164153E-10
31,5.820766E-11
31,2.910383E-11
31,1.455192E-11
31,7.275958E-12
31,3.637979E-12
31,1.818989E-12
31,9.094947E-13
31,4.547474E-13
31,2.273737E-13
31,1.136868E-13
31,5.684342E-14
31,2.842171E-14
31,1.421085E-14
31,7.105427E-15
31,3.552714E-15
31,1.776357E-15
31,8.881784E-16
31,4.440892E-16
31,2.220446E-16
31,1.110223E-16
31,5.551115E-17
31,2.775558E-17
31,1.387779E-17
31,6.938894E-18
31,3.469447E-18
31,1.734723E-18
31,8.673617E-19
31,4.336809E-19
31,2.168404E-19
31,1.084202E-19
31,5.421011E-20
31,2.710505E-20
31,1.355253E-20
31,6.776264E-21
31,3.388132E-21
31,1.694066E-21
31,8.470329E-22
31,4.235165E-22
31,2.117582E-22
31,1.058791E-22
31,5.293956E-23
31,2.646978E-23
31,1.323489E-23
31,6.617445E-24
31,3.308722E-24
31,1.654361E-24
31,8.271806E-25
31,4.135903E-25
31,2.067952E-25
31,1.033976E-25
31,5.169879E-26
31,2.584939E-26
31,1.29247E-26
31,6.462349E-27
31,3.231174E-27
31,1.615587E-27
31,8.077936E-28
31,4.038968E-28
31,2.019484E-28
31,1.009742E-28
31,5.04871E-29
31,2.524355E-29
31,1.262177E-29
31,6.310887E-30
31,3.155444E-30
31,1.577722E-30
31,7.888609E-31
31,3.944305E-31
31,1.972152E-31
31,9.860761E-32
31,4.930381E-32
31,2.46519E-32
31,1.232595E-32
31,6.162976E-33
31,3.081488E-33
31,1.540744E-33
31,7.70372E-34
31,3.85186E-34
31,1.92593E-34
31,9.62965E-35
31,4.814825E-35
31,2.407412E-35
31,1.203706E-35
31,6.018531E-36
31,3.009266E-36
31,1.504633E-36
31,7.523164E-37
31,3.761582E-37
31,1.880791E-37
31,9.403955E-38
31,4.701977E-38
31,2.350989E-38
31,1.175494E-38
31,5.877472E-39
31,2.938736E-39
31,1.469368E-39
31,7.34684E-40
31,3.67342E-40
31,1.83671E-40
31,9.18355E-41
31,4.591775E-41
31,2.295887E-41
31,1.147944E-41
31,5.739719E-42
31,2.869859E-42
31,1.43493E-42
31,7.174648E-43
31,3.587324E-43
31,1.793662E-43
31,8.96831E-44
31,4.484155E-44
31,2.242078E-44
31,1.121039E-44
31,5.605194E-45
31,2.802597E-45
31,1.401298E-45
31,0
31,0
31,0
31,0
31,0
31,0
31,0
31,0
31,0
31,0
31,0
31,0
31,0
31,0
31,0
31,0
31,0
31,0
31,0
31,0
31,0
31,0
31,0
31,0
31,0
31,0
31,0
31,0
31,0
31,0
31,0
31,0
31,0
31,0
31,0
31,0
31,0
31,0
31,0
31,0
31,0
31,0
31,0
31,0
31,0
31,0
31,0
31,0
31,0
31,0
31,0
31,0
31,0
31,0
31,0
31,0
31,0
31,0
31,0
31,0
31,0
31,0
31,0
31,0
31,0
31,0
31,0
31,0
31,0
31,0
31,0
31,0
31,0
31,0
31,0
31,0
31,0
31,0
31,0
31,0
31,0
31,0
31,0
31,0
31,0
31,0
31,0
31,0
31,0
31,0
31,0
31,0
31,0
31,0
31,0
31,0
31,0
31,0
31,0
31,0
31,0
31,0
31,0
31,0
31,0
31,0
31,0
31,0
31,0
31,0
31,0
31,0
31,0
31,0
31,0
31,0
31,0
31,0
31,0
31,0
31,0
31,0
31,0
31,0
31,0
31,0
31,0
31,0
31,0
31,0
31,0
31,0
31,0
31,0
31,0
31,0
31,0
31,0
31,0
27,2
27,1
27,0.5
27,0.25
27,0.125
27,0.0625
27,0.03125
27,0.015625
27,0.0078125
27,0.00390625
27,0.001953125
27,0.0009765625
27,0.0004882813
27,0.0002441406
27,0.0001220703
27,6.103516E-05
27,3.051758E-05
27,1.525879E-05
27,7.629395E-06
27,3.814697E-06
27,1.907349E-06
27,9.536743E-07
27,4.768372E-07
27,2.384186E-07
27,1.192093E-07
27,5.960464E-08
27,2.980232E-08
27,1.490116E-08
27,7.450581E-09
27,3.72529E-09
27,1.862645E-09
27,9.313226E-10
27,4.656613E-10
27,2.328306E-10
27,1.164153E-10
27,5.820766E-11
27,2.910383E-11
27,1.455192E-11
27,7.275958E-12
27,3.637979E-12
27,1.818989E-12
27,9.094947E-13
27,4.547474E-13
27,2.273737E-13
27,1.136868E-13
27,5.684342E-14
27,2.842171E-14
27,1.421085E-14
27,7.105427E-15
27,3.552714E-15
27,1.776357E-15
27,8.881784E-16
27,4.440892E-16
27,2.220446E-16
27,1.110223E-16
27,5.551115E-17
27,2.775558E-17
27,1.387779E-17
27,6.938894E-18
27,3.469447E-18
27,1.734723E-18
27,8.673617E-19
27,4.336809E-19
27,2.168404E-19
27,1.084202E-19
27,5.421011E-20
27,2.710505E-20
27,1.355253E-20
27,6.776264E-21
27,3.388132E-21
27,1.694066E-21
27,8.470329E-22
27,4.235165E-22
27,2.117582E-22
27,1.058791E-22
27,5.293956E-23
27,2.646978E-23
27,1.323489E-23
27,6.617445E-24
27,3.308722E-24
27,1.654361E-24
27,8.271806E-25
27,4.135903E-25
27,2.067952E-25
27,1.033976E-25
27,5.169879E-26
27,2.584939E-26
27,1.29247E-26
27,6.462349E-27
27,3.231174E-27
27,1.615587E-27
27,8.077936E-28
27,4.038968E-28
27,2.019484E-28
27,1.009742E-28
27,5.04871E-29
27,2.524355E-29
27,1.262177E-29
27,6.310887E-30
27,3.155444E-30
27,1.577722E-30
27,7.888609E-31
27,3.944305E-31
27,1.972152E-31
27,9.860761E-32
27,4.930381E-32
27,2.46519E-32
27,1.232595E-32
27,6.162976E-33
27,3.081488E-33
27,1.540744E-33
27,7.70372E-34
27,3.85186E-34
27,1.92593E-34
27,9.62965E-35
27,4.814825E-35
27,2.407412E-35
27,1.203706E-35
27,6.018531E-36
27,3.009266E-36
27,1.504633E-36
27,7.523164E-37
27,3.761582E-37
27,1.880791E-37
27,9.403955E-38
27,4.701977E-38
27,2.350989E-38
27,1.175494E-38
27,5.877472E-39
27,2.938736E-39
27,1.469368E-39
27,7.34684E-40
27,3.67342E-40
27,1.83671E-40
27,9.18355E-41
27,4.591775E-41
27,2.295887E-41
27,1.147944E-41
27,5.739719E-42
27,2.869859E-42
27,1.43493E-42
27,7.174648E-43
27,3.587324E-43
27,1.793662E-43
27,8.96831E-44
27,4.484155E-44
27,2.242078E-44
27,1.121039E-44
27,5.605194E-45
27,2.802597E-45
27,1.401298E-45
27,0
27,0
27,0
27,0
27,0
27,0
27,0
27,0
27,0
27,0
27,0
27,0
27,0
27,0
27,0
27,0
27,0
27,0
27,0
27,0
27,0
27,0
27,0
27,0
27,0
27,0
27,0
27,0
27,0
27,0
27,0
27,0
27,0
27,0
27,0
27,0
27,0
27,0
27,0
27,0
27,0
27,0
27,0
27,0
27,0
27,0
27,0
27,0
27,0
27,0
27,0
27,0
27,0
27,0
27,0
27,0
27,0
27,0
27,0
27,0
27,0
27,0
27,0
27,0
27,0
27,0
27,0
27,0
27,0
27,0
27,0
27,0
27,0
27,0
27,0
27,0
27,0
27,0
27,0
27,0
27,0
27,0
27,0
27,0
27,0
27,0
27,0
27,0
27,0
27,0
27,0
27,0
27,0
27,0
27,0
27,0
27,0
27,0
27,0
27,0
27,0
27,0
27,0
27,0
27,0
27,0
27,0
27,0
27,0
27,0
27,0
27,0
27,0
27,0
27,0
27,0
27,0
27,0
27,0
27,0
27,0
27,0
27,0
27,0
27,0
27,0
27,0
27,0
27,0
27,0
27,0
27,0
27,0
27,0
27,0
27,0
27,0
27,0
27,0
27,0
27,0
27,0
27,0
27,0
27,0
27,0
27,0
27,0
27,0
27,0
27,0
27,0
27,0
27,0
27,0
27,0
27,0
27,0
27,0
27,0
27,0
27,0
31,2
31,1
31,0.5
31,0.25
31,0.125
31,0.0625
31,0.03125
31,0.015625
31,0.0078125
31,0.00390625
31,0.001953125
31,0.0009765625
31,0.0004882813
31,0.0002441406
31,0.0001220703
31,6.103516E-05
31,3.051758E-05
31,1.525879E-05
31,7.629395E-06
31,3.814697E-06
31,1.907349E-06
31,9.536743E-07
31,4.768372E-07
31,2.384186E-07
31,1.192093E-07
31,5.960464E-08
31,2.980232E-08
31,1.490116E-08
31,7.450581E-09
31,3.72529E-09
31,1.862645E-09
31,9.313226E-10
31,4.656613E-10
31,2.328306E-10
31,1.164153E-10
31,5.820766E-11
31,2.910383E-11
31,1.455192E-11
31,7.275958E-12
31,3.637979E-12
31,1.818989E-12
31,9.094947E-13
31,4.547474E-13
31,2.273737E-13
31,1.136868E-13
31,5.684342E-14
31,2.842171E-14
31,1.421085E-14
31,7.105427E-15
31,3.552714E-15
31,1.776357E-15
31,8.881784E-16
31,4.440892E-16
31,2.220446E-16
31,1.110223E-16
31,5.551115E-17
31,2.775558E-17
31,1.387779E-17
31,6.938894E-18
31,3.469447E-18
31,1.734723E-18
31,8.673617E-19
31,4.336809E-19
31,2.168404E-19
31,1.084202E-19
31,5.421011E-20
31,2.710505E-20
31,1.355253E-20
31,6.776264E-21
31,3.388132E-21
31,1.694066E-21
31,8.470329E-22
31,4.235165E-22
31,2.117582E-22
31,1.058791E-22
31,5.293956E-23
31,2.646978E-23
31,1.323489E-23
31,6.617445E-24
31,3.308722E-24
31,1.654361E-24
31,8.271806E-25
31,4.135903E-25
31,2.067952E-25
31,1.033976E-25
31,5.169879E-26
31,2.584939E-26
31,1.29247E-26
31,6.462349E-27
31,3.231174E-27
31,1.615587E-27
31,8.077936E-28
31,4.038968E-28
31,2.019484E-28
31,1.009742E-28
31,5.04871E-29
31,2.524355E-29
31,1.262177E-29
31,6.310887E-30
31,3.155444E-30
31,1.577722E-30
31,7.888609E-31
31,3.944305E-31
31,1.972152E-31
31,9.860761E-32
31,4.930381E-32
31,2.46519E-32
31,1.232595E-32
31,6.162976E-33
31,3.081488E-33
31,1.540744E-33
31,7.70372E-34
31,3.85186E-34
31,1.92593E-34
31,9.62965E-35
31,4.814825E-35
31,2.407412E-35
31,1.203706E-35
31,6.018531E-36
31,3.009266E-36
31,1.504633E-36
31,7.523164E-37
31,3.761582E-37
31,1.880791E-37
31,9.403955E-38
31,4.701977E-38
31,2.350989E-38
31,1.175494E-38
31,5.877472E-39
31,2.938736E-39
31,1.469368E-39
31,7.34684E-40
31,3.67342E-40
31,1.83671E-40
31,9.18355E-41
31,4.591775E-41
31,2.295887E-41
31,1.147944E-41
31,5.739719E-42
31,2.869859E-42
31,1.43493E-42
31,7.174648E-43
31,3.587324E-43
31,1.793662E-43
31,8.96831E-44
31,4.484155E-44
31,2.242078E-44
31,1.121039E-44
31,5.605194E-45
31,2.802597E-45
31,1.401298E-45
31,0
31,0
31,0
31,0
31,0
31,0
31,0
31,0
31,0
31,0
31,0
31,0
31,0
31,0
31,0
31,0
31,0
31,0
31,0
31,0
31,0
31,0
31,0
31,0
31,0
31,0
31,0
31,0
31,0
31,0
31,0
31,0
31,0
31,0
31,0
31,0
31,0
31,0
31,0
31,0
31,0
31,0
31,0
31,0
31,0
31,0
31,0
31,0
31,0
31,0
31,0
31,0
31,0
31,0
31,0
31,0
31,0
31,0
31,0
31,0
31,0
31,0
31,0
31,0
31,0
31,0
31,0
31,0
31,0
31,0
31,0
31,0
31,0
31,0
31,0
31,0
31,0
31,0
31,0
31,0
31,0
31,0
31,0
29,1
29,0.5
29,0.25
29,0.125
29,0.0625
29,0.03125
29,0.015625
29,0.0078125
29,0.00390625
29,0.001953125
29,0.0009765625
29,0.0004882813
29,0.0002441406
29,0.0001220703
29,6.103516E-05
29,3.051758E-05
29,1.525879E-05
29,7.629395E-06
29,3.814697E-06
29,1.907349E-06
29,9.536743E-07
29,4.768372E-07
29,2.384186E-07
29,1.192093E-07
29,5.960464E-08
29,2.980232E-08
29,1.490116E-08
29,7.450581E-09
29,3.72529E-09
29,1.862645E-09
29,9.313226E-10
29,4.656613E-10
29,2.328306E-10
29,1.164153E-10
29,5.820766E-11
29,2.910383E-11
29,1.455192E-11
29,7.275958E-12
29,3.637979E-12
29,1.818989E-12
29,9.094947E-13
29,4.547474E-13
29,2.273737E-13
29,1.136868E-13
29,5.684342E-14
29,2.842171E-14
29,1.421085E-14
29,7.105427E-15
29,3.552714E-15
29,1.776357E-15
29,8.881784E-16
29,4.440892E-16
29,2.220446E-16
29,1.110223E-16
29,5.551115E-17
29,2.775558E-17
29,1.387779E-17
29,6.938894E-18
29,3.469447E-18
29,1.734723E-18
29,8.673617E-19
29,4.336809E-19
29,2.168404E-19
29,1.084202E-19
29,5.421011E-20
29,2.710505E-20
29,1.355253E-20
29,6.776264E-21
29,3.388132E-21
29,1.694066E-21
29,8.470329E-22
29,4.235165E-22
29,2.117582E-22
29,1.058791E-22
29,5.293956E-23
29,2.646978E-23
29,1.323489E-23
29,6.617445E-24
29,3.308722E-24
29,1.654361E-24
29,8.271806E-25
29,4.135903E-25
29,2.067952E-25
29,1.033976E-25
29,5.169879E-26
29,2.584939E-26
29,1.29247E-26
29,6.462349E-27
29,3.231174E-27
29,1.615587E-27
29,8.077936E-28
29,4.038968E-28
29,2.019484E-28
29,1.009742E-28
29,5.04871E-29
29,2.524355E-29
29,1.262177E-29
29,6.310887E-30
29,3.155444E-30
29,1.577722E-30
29,7.888609E-31
29,3.944305E-31
29,1.972152E-31
29,9.860761E-32
29,4.930381E-32
29,2.46519E-32
29,1.232595E-32
29,6.162976E-33
29,3.081488E-33
29,1.540744E-33
29,7.70372E-34
29,3.85186E-34
29,1.92593E-34
29,9.62965E-35
29,4.814825E-35
29,2.407412E-35
29,1.203706E-35
29,6.018531E-36
29,3.009266E-36
29,1.504633E-36
29,7.523164E-37
29,3.761582E-37
29,1.880791E-37
29,9.403955E-38
29,4.701977E-38
29,2.350989E-38
29,1.175494E-38
29,5.877472E-39
29,2.938736E-39
29,1.469368E-39
29,7.34684E-40
29,3.67342E-40
29,1.83671E-40
29,9.18355E-41
29,4.591775E-41
29,2.295887E-41
29,1.147944E-41
29,5.739719E-42
29,2.869859E-42
29,1.43493E-42
29,7.174648E-43
29,3.587324E-43
29,1.793662E-43
29,8.96831E-44
29,4.484155E-44
29,2.242078E-44
29,1.121039E-44
29,5.605194E-45
29,2.802597E-45
29,1.401298E-45
29,0
29,0
29,0
29,0
29,0
29,0
29,0
29,0
29,0
29,0
29,0
29,0
29,0
29,0
29,0
29,0
29,0
29,0
29,0
29,0
29,0
29,0
29,0
29,0
29,0
29,0
29,0
29,0
29,0
29,0
29,0
29,0
29,0
29,0
29,0
29,0
29,0
29,0
29,0
29,0
29,0
29,0
29,0
29,0
29,0
29,0
29,0
29,0
29,0
29,0
29,0
29,0
29,0
29,0
29,0
29,0
29,0
29,0
29,0
29,0
29,0
29,0
29,0
29,0
29,0
29,0
29,0
29,0
29,0
29,0
29,0
29,0
29,0
29,0
29,0
29,0
29,0
29,0
29,0
29,0
29,0
29,0
29,0
29,0
29,0
29,0
29,0
29,0
29,0
29,0
29,0
29,0
29,0
29,0
29,0
29,0
29,0
29,0
29,0
29,0
29,0
29,0
29,0
29,0
29,0
29,0
29,0
29,0
29,0
29,0
29,0
29,0
29,0
29,0
29,0
29,0
29,0
29,0
29,0
29,0
29,0
29,0
29,0
29,0
29,0
29,0
29,0
29,0
29,0
29,0
29,0
29,0
29,0
29,0
29,0
29,0
29,0
29,0
29,0
29,0
29,0
29,0
29,0
29,0
29,0
29,0
29,0
29,0
29,0
29,0
29,0
29,0
29,0
29,0
29,0
29,0
29,0
29,0
29,0
29,0
29,0
29,0
29,0
29,0
29,0
29,0
29,0
29,0
29,0
29,0
29,0
29,0
29,0
29,0
29,0
29,0
29,0
29,0
29,0
29,0
29,0
29,0
29,0
29,0
29,0
29,0
29,0
29,0
29,0
29,0
29,0
29,0
29,0
29,0
29,0
29,0
29,0
29,0
29,0
29,0
29,0
29,0
29,0
29,0
29,0
29,0
29,0
29,0
29,0
29,0
29,0
29,0
29,0
29,0
29,0
29,0
29,0
29,0
29,0
29,0
29,0
26,1.5
26,0.75
26,0.375
26,0.1875
26,0.09375
26,0.046875
26,0.0234375
26,0.01171875
26,0.005859375
26,0.002929688
26,0.001464844
26,0.0007324219
26,0.0003662109
26,0.0001831055
26,9.155273E-05
26,4.577637E-05
26,2.288818E-05
26,1.144409E-05
26,5.722046E-06
26,2.861023E-06
26,1.430511E-06
26,7.152557E-07
26,3.576279E-07
26,1.788139E-07
26,8.940697E-08
26,4.470348E-08
26,2.235174E-08
26,1.117587E-08
26,5.587935E-09
26,2.793968E-09
26,1.396984E-09
26,6.984919E-10
26,3.49246E-10
26,1.74623E-10
26,8.731149E-11
26,4.365575E-11
26,2.182787E-11
26,1.091394E-11
26,5.456968E-12
26,2.728484E-12
26,1.364242E-12
26,6.82121E-13
26,3.410605E-13
26,1.705303E-13
26,8.526513E-14
26,4.263256E-14
26,2.131628E-14
26,1.065814E-14
26,5.329071E-15
26,2.664535E-15
26,1.332268E-15
26,6.661338E-16
26,3.330669E-16
26,1.665335E-16
26,8.326673E-17
26,4.163336E-17
26,2.081668E-17
26,1.040834E-17
26,5.20417E-18
26,2.602085E-18
26,1.301043E-18
26,6.505213E-19
26,3.252607E-19
26,1.626303E-19
26,8.131516E-20
26,4.065758E-20
26,2.032879E-20
26,1.01644E-20
26,5.082198E-21
26,2.541099E-21
26,1.270549E-21
26,6.352747E-22
26,3.176374E-22
26,1.588187E-22
26,7.940934E-23
26,3.970467E-23
26,1.985233E-23
26,9.926167E-24
26,4.963084E-24
26,2.481542E-24
26,1.240771E-24
26,6.203855E-25
26,3.101927E-25
26,1.550964E-25
26,7.754818E-26
26,3.877409E-26
26,1.938705E-26
26,9.693523E-27
26,4.846761E-27
26,2.423381E-27
26,1.21169E-27
26,6.058452E-28
26,3.029226E-28
26,1.514613E-28
26,7.573065E-29
26,3.786532E-29
26,1.893266E-29
26,9.466331E-30
26,4.733165E-30
26,2.366583E-30
26,1.183291E-30
26,5.916457E-31
26,2.958228E-31
26,1.479114E-31
26,7.395571E-32
26,3.697785E-32
26,1.848893E-32
26,9.244464E-33
26,4.622232E-33
26,2.311116E-33
26,1.155558E-33
26,5.77779E-34
26,2.888895E-34
26,1.444447E-34
26,7.222237E-35
26,3.611119E-35
26,1.805559E-35
26,9.027797E-36
26,4.513898E-36
26,2.256949E-36
26,1.128475E-36
26,5.642373E-37
26,2.821186E-37
26,1.410593E-37
26,7.052966E-38
26,3.526483E-38
26,1.763242E-38
26,8.816208E-39
26,4.408104E-39
26,2.204052E-39
26,1.102026E-39
26,5.51013E-40
26,2.755065E-40
26,1.377532E-40
26,6.887662E-41
26,3.443831E-41
26,1.721916E-41
26,8.609578E-42
26,4.304789E-42
26,2.152394E-42
26,1.076197E-42
26,5.380986E-43
26,2.690493E-43
26,1.345247E-43
26,6.726233E-44
26,3.363116E-44
26,1.681558E-44
26,8.407791E-45
26,4.203895E-45
26,2.802597E-45
26,1.401298E-45
26,0
26,0
26,0
26,0
26,0
26,0
26,0
26,0
26,0
26,0
26,0
26,0
26,0
26,0
26,0
26,0
26,0
26,0
26,0
26,0
26,0
26,0
26,0
26,0
26,0
26,0
26,0
26,0
26,0
26,0
26,0
26,0
26,0
26,0
26,0
26,0
26,0
26,0
26,0
26,0
26,0
26,0
26,0
26,0
26,0
26,0
26,0
26,0
26,0
26,0
26,0
26,0
26,0
26,0
26,0
26,0
26,0
26,0
26,0
26,0
26,0
26,0
26,0
26,0
26,0
26,0
26,0
26,0
26,0
26,0
26,0
26,0
26,0
26,0
26,0
26,0
26,0
26,0
26,0
26,0
26,0
26,0
26,0
26,0
26,0
26,0
26,0
26,0
26,0
26,0
26,0
26,0
26,0
26,0
26,0
26,0
26,0
26,0
26,0
26,0
26,0
26,0
26,0
26,0
26,0
26,0
26,0
26,0
26,0
26,0
26,0
26,0
26,0
26,0
26,0
26,0
26,0
26,0
26,0
26,0
26,0
23,1.5
23,0.75
23,0.375
23,0.1875
23,0.09375
23,0.046875
23,0.0234375
23,0.01171875
23,0.005859375
23,0.002929688
23,0.001464844
23,0.0007324219
23,0.0003662109
23,0.0001831055
23,9.155273E-05
23,4.577637E-05
23,2.288818E-05
23,1.144409E-05
23,5.722046E-06
23,2.861023E-06
23,1.430511E-06
23,7.152557E-07
23,3.576279E-07
23,1.788139E-07
23,8.940697E-08
23,4.470348E-08
23,2.235174E-08
23,1.117587E-08
23,5.587935E-09
23,2.793968E-09
23,1.396984E-09
23,6.984919E-10
23,3.49246E-10
23,1.74623E-10
23,8.731149E-11
23,4.365575E-11
23,2.182787E-11
23,1.091394E-11
23,5.456968E-12
23,2.728484E-12
23,1.364242E-12
23,6.82121E-13
23,3.410605E-13
23,1.705303E-13
23,8.526513E-14
23,4.263256E-14
23,2.131628E-14
23,1.065814E-14
23,5.329071E-15
23,2.664535E-15
23,1.332268E-15
23,6.661338E-16
23,3.330669E-16
23,1.665335E-16
23,8.326673E-17
23,4.163336E-17
23,2.081668E-17
23,1.040834E-17
23,5.20417E-18
23,2.602085E-18
23,1.301043E-18
23,6.505213E-19
23,3.252607E-19
23,1.626303E-19
23,8.131516E-20
23,4.065758E-20
23,2.032879E-20
23,1.01644E-20
23,5.082198E-21
23,2.541099E-21
23,1.270549E-21
23,6.352747E-22
23,3.176374E-22
23,1.588187E-22
23,7.940934E-23
23,3.970467E-23
23,1.985233E-23
23,9.926167E-24
23,4.963084E-24
23,2.481542E-24
23,1.240771E-24
23,6.203855E-25
23,3.101927E-25
23,1.550964E-25
23,7.754818E-26
23,3.877409E-26
23,1.938705E-26
23,9.693523E-27
23,4.846761E-27
23,2.423381E-27
23,1.21169E-27
23,6.058452E-28
23,3.029226E-28
23,1.514613E-28
23,7.573065E-29
23,3.786532E-29
23,1.893266E-29
23,9.466331E-30
23,4.733165E-30
23,2.366583E-30
23,1.183291E-30
23,5.916457E-31
23,2.958228E-31
23,1.479114E-31
23,7.395571E-32
23,3.697785E-32
23,1.848893E-32
23,9.244464E-33
23,4.622232E-33
23,2.311116E-33
23,1.155558E-33
23,5.77779E-34
23,2.888895E-34
23,1.444447E-34
23,7.222237E-35
23,3.611119E-35
23,1.805559E-35
23,9.027797E-36
23,4.513898E-36
23,2.256949E-36
23,1.128475E-36
23,5.642373E-37
23,2.821186E-37
23,1.410593E-37
23,7.052966E-38
23,3.526483E-38
23,1.763242E-38
23,8.816208E-39
23,4.408104E-39
23,2.204052E-39
23,1.102026E-39
23,5.51013E-40
23,2.755065E-40
23,1.377532E-40
23,6.887662E-41
23,3.443831E-41
23,1.721916E-41
23,8.609578E-42
23,4.304789E-42
23,2.152394E-42
23,1.076197E-42
23,5.380986E-43
23,2.690493E-43
23,1.345247E-43
23,6.726233E-44
23,3.363116E-44
23,1.681558E-44
23,8.407791E-45
23,4.203895E-45
23,2.802597E-45
23,1.401298E-45
23,0
23,0
23,0
23,0
23,0
23,0
23,0
23,0
23,0
23,0
23,0
23,0
23,0
23,0
23,0
23,0
23,0
23,0
23,0
23,0
23,0
23,0
23,0
23,0
23,0
23,0
23,0
23,0
23,0
23,0
23,0
23,0
23,0
23,0
23,0
23,0
23,0
23,0
23,0
23,0
23,0
23,0
23,0
23,0
23,0
23,0
23,0
23,0
23,0
23,0
23,0
23,0
23,0
23,0
23,0
23,0
23,0
23,0
23,0
23,0
23,0
23,0
23,0
23,0
23,0
23,0
23,0
23,0
23,0
23,0
23,0
23,0
23,0
23,0
23,0
23,0
23,0
23,0
23,0
23,0
23,0
23,0
23,0
23,0
23,0
23,0
23,0
23,0
23,0
23,0
23,0
23,0
23,0
23,0
23,0
23,0
23,0
23,0
23,0
23,0
23,0
23,0
23,0
23,0
23,0
23,0
23,0
23,0
23,0
23,0
23,0
23,0
23,0
23,0
23,0
23,0
23,0
23,0
23,0
23,0
23,0
23,0
23,0
23,0
23,0
23,0
23,0
23,0
23,0
23,0
23,0
23,0
23,0
23,0
23,0
23,0
23,0
23,0
23,0
27,2
27,1
27,0.5
27,0.25
27,0.125
27,0.0625
27,0.03125
27,0.015625
27,0.0078125
27,0.00390625
27,0.001953125
27,0.0009765625
27,0.0004882813
27,0.0002441406
27,0.0001220703
27,6.103516E-05
27,3.051758E-05
27,1.525879E-05
27,7.629395E-06
27,3.814697E-06
27,1.907349E-06
27,9.536743E-07
27,4.768372E-07
27,2.384186E-07
27,1.192093E-07
27,5.960464E-08
27,2.980232E-08
27,1.490116E-08
27,7.450581E-09
27,3.72529E-09
27,1.862645E-09
27,9.313226E-10
27,4.656613E-10
27,2.328306E-10
27,1.164153E-10
27,5.820766E-11
27,2.910383E-11
27,1.455192E-11
27,7.275958E-12
27,3.637979E-12
27,1.818989E-12
27,9.094947E-13
27,4.547474E-13
27,2.273737E-13
27,1.136868E-13
27,5.684342E-14
27,2.842171E-14
27,1.421085E-14
27,7.105427E-15
27,3.552714E-15
27,1.776357E-15
27,8.881784E-16
27,4.440892E-16
27,2.220446E-16
27,1.110223E-16
27,5.551115E-17
27,2.775558E-17
27,1.387779E-17
27,6.938894E-18
27,3.469447E-18
27,1.734723E-18
27,8.673617E-19
27,4.336809E-19
27,2.168404E-19
27,1.084202E-19
27,5.421011E-20
27,2.710505E-20
27,1.355253E-20
27,6.776264E-21
27,3.388132E-21
27,1.694066E-21
27,8.470329E-22
27,4.235165E-22
27,2.117582E-22
27,1.058791E-22
27,5.293956E-23
27,2.646978E-23
27,1.323489E-23
27,6.617445E-24
27,3.308722E-24
27,1.654361E-24
27,8.271806E-25
27,4.135903E-25
27,2.067952E-25
27,1.033976E-25
27,5.169879E-26
27,2.584939E-26
27,1.29247E-26
27,6.462349E-27
27,3.231174E-27
27,1.615587E-27
27,8.077936E-28
27,4.038968E-28
27,2.019484E-28
27,1.009742E-28
27,5.04871E-29
27,2.524355E-29
27,1.262177E-29
27,6.310887E-30
27,3.155444E-30
27,1.577722E-30
27,7.888609E-31
27,3.944305E-31
27,1.972152E-31
27,9.860761E-32
27,4.930381E-32
27,2.46519E-32
27,1.232595E-32
27,6.162976E-33
27,3.081488E-33
27,1.540744E-33
27,7.70372E-34
27,3.85186E-34
27,1.92593E-34
27,9.62965E-35
27,4.814825E-35
27,2.407412E-35
27,1.203706E-35
27,6.018531E-36
27,3.009266E-36
27,1.504633E-36
27,7.523164E-37
27,3.761582E-37
27,1.880791E-37
27,9.403955E-38
27,4.701977E-38
27,2.350989E-38
27,1.175494E-38
27,5.877472E-39
27,2.938736E-39
27,1.469368E-39
27,7.34684E-40
27,3.67342E-40
27,1.83671E-40
27,9.18355E-41
27,4.591775E-41
27,2.295887E-41
27,1.147944E-41
27,5.739719E-42
27,2.869859E-42
27,1.43493E-42
27,7.174648E-43
27,3.587324E-43
27,1.793662E-43
27,8.96831E-44
27,4.484155E-44
27,2.242078E-44
27,1.121039E-44
27,5.605194E-45
27,2.802597E-45
27,1.401298E-45
27,0
27,0
27,0
27,0
27,0
27,0
27,0
27,0
27,0
27,0
27,0
27,0
27,0
27,0
27,0
27,0
27,0
27,0
27,0
27,0
27,0
27,0
27,0
27,0
27,0
27,0
27,0
27,0
27,0
27,0
27,0
27,0
27,0
27,0
27,0
27,0
27,0
27,0
27,0
27,0
27,0
27,0
27,0
27,0
27,0
27,0
27,0
27,0
27,0
27,0
27,0
27,0
27,0
27,0
27,0
27,0
27,0
27,0
27,0
27,0
27,0
27,0
27,0
27,0
27,0
27,0
27,0
27,0
27,0
27,0
27,0
27,0
27,0
27,0
27,0
27,0
29,1
29,0.5
29,0.25
29,0.125
29,0.0625
29,0.03125
29,0.015625
29,0.0078125
29,0.00390625
29,0.001953125
29,0.0009765625
29,0.0004882813
29,0.0002441406
29,0.0001220703
29,6.103516E-05
29,3.051758E-05
29,1.525879E-05
29,7.629395E-06
29,3.814697E-06
29,1.907349E-06
29,9.536743E-07
29,4.768372E-07
29,2.384186E-07
29,1.192093E-07
29,5.960464E-08
29,2.980232E-08
29,1.490116E-08
29,7.450581E-09
29,3.72529E-09
29,1.862645E-09
29,9.313226E-10
29,4.656613E-10
29,2.328306E-10
29,1.164153E-10
29,5.820766E-11
29,2.910383E-11
29,1.455192E-11
29,7.275958E-12
29,3.637979E-12
29,1.818989E-12
29,9.094947E-13
29,4.547474E-13
29,2.273737E-13
29,1.136868E-13
29,5.684342E-14
29,2.842171E-14
29,1.421085E-14
29,7.105427E-15
29,3.552714E-15
29,1.776357E-15
29,8.881784E-16
29,4.440892E-16
29,2.220446E-16
29,1.110223E-16
29,5.551115E-17
29,2.775558E-17
29,1.387779E-17
29,6.938894E-18
29,3.469447E-18
29,1.734723E-18
29,8.673617E-19
29,4.336809E-19
29,2.168404E-19
29,1.084202E-19
29,5.421011E-20
29,2.710505E-20
29,1.355253E-20
29,6.776264E-21
29,3.388132E-21
29,1.694066E-21
29,8.470329E-22
29,4.235165E-22
29,2.117582E-22
29,1.058791E-22
29,5.293956E-23
29,2.646978E-23
29,1.323489E-23
29,6.617445E-24
29,3.308722E-24
29,1.654361E-24
29,8.271806E-25
29,4.135903E-25
29,2.067952E-25
29,1.033976E-25
29,5.169879E-26
29,2.584939E-26
29,1.29247E-26
29,6.462349E-27
29,3.231174E-27
29,1.615587E-27
29,8.077936E-28
29,4.038968E-28
29,2.019484E-28
29,1.009742E-28
29,5.04871E-29
29,2.524355E-29
29,1.262177E-29
29,6.310887E-30
29,3.155444E-30
29,1.577722E-30
29,7.888609E-31
29,3.944305E-31
29,1.972152E-31
29,9.860761E-32
29,4.930381E-32
29,2.46519E-32
29,1.232595E-32
29,6.162976E-33
29,3.081488E-33
29,1.540744E-33
29,7.70372E-34
29,3.85186E-34
29,1.92593E-34
29,9.62965E-35
29,4.814825E-35
29,2.407412E-35
29,1.203706E-35
29,6.018531E-36
29,3.009266E-36
29,1.504633E-36
29,7.523164E-37
29,3.761582E-37
29,1.880791E-37
29,9.403955E-38
29,4.701977E-38
29,2.350989E-38
29,1.175494E-38
29,5.877472E-39
29,2.938736E-39
29,1.469368E-39
29,7.34684E-40
29,3.67342E-40
29,1.83671E-40
29,9.18355E-41
29,4.591775E-41
29,2.295887E-41
29,1.147944E-41
29,5.739719E-42
29,2.869859E-42
29,1.43493E-42
29,7.174648E-43
29,3.587324E-43
29,1.793662E-43
29,8.96831E-44
29,4.484155E-44
29,2.242078E-44
29,1.121039E-44
29,5.605194E-45
29,2.802597E-45
29,1.401298E-45
29,0
29,0
29,0
29,0
29,0
29,0
29,0
29,0
29,0
29,0
29,0
29,0
29,0
29,0
29,0
29,0
29,0
29,0
29,0
29,0
29,0
29,0
29,0
29,0
29,0
29,0
29,0
29,0
29,0
29,0
29,0
29,0
29,0
29,0
29,0
29,0
29,0
29,0
29,0
29,0
29,0
29,0
29,0
29,0
29,0
29,0
29,0
29,0
29,0
29,0
29,0
29,0
29,0
29,0
29,0
29,0
29,0
29,0
29,0
29,0
29,0
29,0
29,0
29,0
29,0
29,0
29,0
29,0
29,0
29,0
29,0
29,0
29,0
29,0
29,0
29,0
29,0
29,0
29,0
29,0
29,0
29,0
29,0
29,0
29,0
29,0
29,0
29,0
29,0
29,0
29,0
29,0
29,0
29,0
29,0
29,0
29,0
29,0
29,0
29,0
29,0
29,0
29,0
29,0
29,0
29,0
29,0
29,0
29,0
29,0
29,0
25,2
25,1
25,0.5
25,0.25
25,0.125
25,0.0625
25,0.03125
25,0.015625
25,0.0078125
25,0.00390625
25,0.001953125
25,0.0009765625
25,0.0004882813
25,0.0002441406
25,0.0001220703
25,6.103516E-05
25,3.051758E-05
25,1.525879E-05
25,7.629395E-06
25,3.814697E-06
25,1.907349E-06
25,9.536743E-07
25,4.768372E-07
25,2.384186E-07
25,1.192093E-07
25,5.960464E-08
25,2.980232E-08
25,1.490116E-08
25,7.450581E-09
25,3.72529E-09
25,1.862645E-09
25,9.313226E-10
25,4.656613E-10
25,2.328306E-10
25,1.164153E-10
25,5.820766E-11
25,2.910383E-11
25,1.455192E-11
25,7.275958E-12
25,3.637979E-12
25,1.818989E-12
25,9.094947E-13
25,4.547474E-13
25,2.273737E-13
25,1.136868E-13
25,5.684342E-14
25,2.842171E-14
25,1.421085E-14
25,7.105427E-15
25,3.552714E-15
25,1.776357E-15
25,8.881784E-16
25,4.440892E-16
25,2.220446E-16
25,1.110223E-16
25,5.551115E-17
25,2.775558E-17
25,1.387779E-17
25,6.938894E-18
25,3.469447E-18
25,1.734723E-18
25,8.673617E-19
25,4.336809E-19
25,2.168404E-19
25,1.084202E-19
25,5.421011E-20
25,2.710505E-20
25,1.355253E-20
25,6.776264E-21
25,3.388132E-21
25,1.694066E-21
25,8.470329E-22
25,4.235165E-22
25,2.117582E-22
25,1.058791E-22
25,5.293956E-23
25,2.646978E-23
25,1.323489E-23
25,6.617445E-24
25,3.308722E-24
25,1.654361E-24
25,8.271806E-25
25,4.135903E-25
25,2.067952E-25
25,1.033976E-25
25,5.169879E-26
25,2.584939E-26
25,1.29247E-26
25,6.462349E-27
25,3.231174E-27
25,1.615587E-27
25,8.077936E-28
25,4.038968E-28
25,2.019484E-28
25,1.009742E-28
25,5.04871E-29
25,2.524355E-29
25,1.262177E-29
25,6.310887E-30
25,3.155444E-30
25,1.577722E-30
25,7.888609E-31
25,3.944305E-31
25,1.972152E-31
25,9.860761E-32
25,4.930381E-32
25,2.46519E-32
25,1.232595E-32
25,6.162976E-33
25,3.081488E-33
25,1.540744E-33
25,7.70372E-34
25,3.85186E-34
25,1.92593E-34
25,9.62965E-35
25,4.814825E-35
25,2.407412E-35
25,1.203706E-35
25,6.018531E-36
25,3.009266E-36
25,1.504633E-36
25,7.523164E-37
25,3.761582E-37
25,1.880791E-37
25,9.403955E-38
25,4.701977E-38
25,2.350989E-38
25,1.175494E-38
25,5.877472E-39
25,2.938736E-39
25,1.469368E-39
25,7.34684E-40
25,3.67342E-40
25,1.83671E-40
25,9.18355E-41
25,4.591775E-41
25,2.295887E-41
25,1.147944E-41
25,5.739719E-42
25,2.869859E-42
25,1.43493E-42
25,7.174648E-43
25,3.587324E-43
25,1.793662E-43
25,8.96831E-44
25,4.484155E-44
25,2.242078E-44
25,1.121039E-44
25,5.605194E-45
25,2.802597E-45
25,1.401298E-45
25,0
25,0
25,0
25,0
25,0
25,0
25,0
25,0
25,0
25,0
25,0
25,0
25,0
25,0
25,0
25,0
25,0
25,0
25,0
25,0
25,0
25,0
25,0
25,0
25,0
25,0
25,0
25,0
25,0
25,0
25,0
25,0
25,0
25,0
25,0
25,0
25,0
25,0
25,0
25,0
25,0
25,0
25,0
25,0
25,0
25,0
25,0
25,0
25,0
25,0
25,0
25,0
25,0
25,0
25,0
25,0
25,0
25,0
25,0
25,0
25,0
25,0
25,0
25,0
25,0
25,0
25,0
25,0
25,0
25,0
25,0
25,0
25,0
25,0
25,0
25,0
25,0
25,0
25,0
25,0
25,0
25,0
25,0
29,2
29,1
29,0.5
29,0.25
29,0.125
29,0.0625
29,0.03125
29,0.015625
29,0.0078125
29,0.00390625
29,0.001953125
29,0.0009765625
29,0.0004882813
29,0.0002441406
29,0.0001220703
29,6.103516E-05
29,3.051758E-05
29,1.525879E-05
29,7.629395E-06
29,3.814697E-06
29,1.907349E-06
29,9.536743E-07
29,4.768372E-07
29,2.384186E-07
29,1.192093E-07
29,5.960464E-08
29,2.980232E-08
29,1.490116E-08
29,7.450581E-09
29,3.72529E-09
29,1.862645E-09
29,9.313226E-10
29,4.656613E-10
29,2.328306E-10
29,1.164153E-10
29,5.820766E-11
29,2.910383E-11
29,1.455192E-11
29,7.275958E-12
29,3.637979E-12
29,1.818989E-12
29,9.094947E-13
29,4.547474E-13
29,2.273737E-13
29,1.136868E-13
29,5.684342E-14
29,2.842171E-14
29,1.421085E-14
29,7.105427E-15
29,3.552714E-15
29,1.776357E-15
29,8.881784E-16
29,4.440892E-16
29,2.220446E-16
29,1.110223E-16
29,5.551115E-17
29,2.775558E-17
29,1.387779E-17
29,6.938894E-18
29,3.469447E-18
29,1.734723E-18
29,8.673617E-19
29,4.336809E-19
29,2.168404E-19
29,1.084202E-19
29,5.421011E-20
29,2.710505E-20
29,1.355253E-20
29,6.776264E-21
29,3.388132E-21
29,1.694066E-21
29,8.470329E-22
29,4.235165E-22
29,2.117582E-22
29,1.058791E-22
29,5.293956E-23
29,2.646978E-23
29,1.323489E-23
29,6.617445E-24
29,3.308722E-24
29,1.654361E-24
29,8.271806E-25
29,4.135903E-25
29,2.067952E-25
29,1.033976E-25
29,5.169879E-26
29,2.584939E-26
29,1.29247E-26
29,6.462349E-27
29,3.231174E-27
29,1.615587E-27
29,8.077936E-28
29,4.038968E-28
29,2.019484E-28
29,1.009742E-28
29,5.04871E-29
29,2.524355E-29
29,1.262177E-29
29,6.310887E-30
29,3.155444E-30
29,1.577722E-30
29,7.888609E-31
29,3.944305E-31
29,1.972152E-31
29,9.860761E-32
29,4.930381E-32
29,2.46519E-32
29,1.232595E-32
29,6.162976E-33
29,3.081488E-33
29,1.540744E-33
29,7.70372E-34
29,3.85186E-34
29,1.92593E-34
29,9.62965E-35
29,4.814825E-35
29,2.407412E-35
29,1.203706E-35
29,6.018531E-36
29,3.009266E-36
29,1.504633E-36
29,7.523164E-37
29,3.761582E-37
29,1.880791E-37
29,9.403955E-38
29,4.701977E-38
29,2.350989E-38
29,1.175494E-38
29,5.877472E-39
29,2.938736E-39
29,1.469368E-39
29,7.34684E-40
29,3.67342E-40
29,1.83671E-40
29,9.18355E-41
29,4.591775E-41
29,2.295887E-41
29,1.147944E-41
29,5.739719E-42
29,2.869859E-42
29,1.43493E-42
29,7.174648E-43
29,3.587324E-43
29,1.793662E-43
29,8.96831E-44
29,4.484155E-44
29,2.242078E-44
29,1.121039E-44
29,5.605194E-45
29,2.802597E-45
29,1.401298E-45
29,0
29,0
29,0
29,0
29,0
29,0
29,0
29,0
29,0
29,0
29,0
29,0
29,0
29,0
29,0
29,0
29,0
29,0
29,0
29,0
29,0
29,0
29,0
29,0
29,0
29,0
29,0
29,0
29,0
29,0
29,0
29,0
29,0
29,0
29,0
29,0
29,0
29,0
29,0
29,0
29,0
29,0
29,0
29,0
29,0
29,0
29,0
29,0
29,0
29,0
29,0
29,0
29,0
29,0
29,0
29,0
29,0
29,0
29,0
29,0
29,0
29,0
29,0
29,0
29,0
29,0
29,0
29,0
29,0
29,0
29,0
29,0
29,0
29,0
29,0
29,0
29,0
29,0
29,0
29,0
29,0
29,0
29,0
29,0
29,0
29,0
29,0
29,0
29,0
29,0
29,0
29,0
29,0
29,0
29,0
29,0
29,0
29,0
29,0
29,0
29,0
29,0
29,0
29,0
29,0
29,0
29,0
29,0
29,0
29,0
29,0
29,0
29,0
29,0
29,0
29,0
29,0
29,0
29,0
29,0
29,0
29,0
29,0
29,0
29,0
29,0
29,0
29,0
29,0
29,0
29,0
29,0
29,0
29,0
29,0
29,0
29,0
29,0
29,0
29,0
29,0
29,0
29,0
29,0
29,0
29,0
29,0
29,0
29,0
29,0
29,0
29,0
29,0
29,0
29,0
29,0
29,0
29,0
29,0
29,0
29,0
29,0
29,0
29,0
29,0
29,0
29,0
29,0
29,0
29,0
29,0
29,0
29,0
29,0
29,0
29,0
29,0
29,0
29,0
29,0
29,0
29,0
29,0
29,0
29,0
29,0
29,0
29,0
29,0
29,0
29,0
29,0
29,0
31,1
31,0.5
31,0.25
31,0.125
31,0.0625
31,0.03125
31,0.015625
31,0.0078125
31,0.00390625
31,0.001953125
31,0.0009765625
31,0.0004882813
31,0.0002441406
31,0.0001220703
31,6.103516E-05
31,3.051758E-05
31,1.525879E-05
31,7.629395E-06
31,3.814697E-06
31,1.907349E-06
31,9.536743E-07
31,4.768372E-07
31,2.384186E-07
31,1.192093E-07
31,5.960464E-08
31,2.980232E-08
31,1.490116E-08
31,7.450581E-09
31,3.72529E-09
31,1.862645E-09
31,9.313226E-10
31,4.656613E-10
31,2.328306E-10
31,1.164153E-10
31,5.820766E-11
31,2.910383E-11
31,1.455192E-11
31,7.275958E-12
31,3.637979E-12
31,1.818989E-12
31,9.094947E-13
31,4.547474E-13
31,2.273737E-13
31,1.136868E-13
31,5.684342E-14
31,2.842171E-14
31,1.421085E-14
31,7.105427E-15
31,3.552714E-15
31,1.776357E-15
31,8.881784E-16
31,4.440892E-16
31,2.220446E-16
31,1.110223E-16
31,5.551115E-17
31,2.775558E-17
31,1.387779E-17
31,6.938894E-18
31,3.469447E-18
31,1.734723E-18
31,8.673617E-19
31,4.336809E-19
31,2.168404E-19
31,1.084202E-19
31,5.421011E-20
31,2.710505E-20
31,1.355253E-20
31,6.776264E-21
31,3.388132E-21
31,1.694066E-21
31,8.470329E-22
31,4.235165E-22
31,2.117582E-22
31,1.058791E-22
31,5.293956E-23
31,2.646978E-23
31,1.323489E-23
31,6.617445E-24
31,3.308722E-24
31,1.654361E-24
31,8.271806E-25
31,4.135903E-25
31,2.067952E-25
31,1.033976E-25
31,5.169879E-26
31,2.584939E-26
31,1.29247E-26
31,6.462349E-27
31,3.231174E-27
31,1.615587E-27
31,8.077936E-28
31,4.038968E-28
31,2.019484E-28
31,1.009742E-28
31,5.04871E-29
31,2.524355E-29
31,1.262177E-29
31,6.310887E-30
31,3.155444E-30
31,1.577722E-30
31,7.888609E-31
31,3.944305E-31
31,1.972152E-31
31,9.860761E-32
31,4.930381E-32
31,2.46519E-32
31,1.232595E-32
31,6.162976E-33
31,3.081488E-33
31,1.540744E-33
31,7.70372E-34
31,3.85186E-34
31,1.92593E-34
31,9.62965E-35
31,4.814825E-35
31,2.407412E-35
31,1.203706E-35
31,6.018531E-36
31,3.009266E-36
31,1.504633E-36
31,7.523164E-37
31,3.761582E-37
31,1.880791E-37
31,9.403955E-38
31,4.701977E-38
31,2.350989E-38
31,1.175494E-38
31,5.877472E-39
31,2.938736E-39
31,1.469368E-39
31,7.34684E-40
31,3.67342E-40
31,1.83671E-40
31,9.18355E-41
31,4.591775E-41
31,2.295887E-41
31,1.147944E-41
31,5.739719E-42
31,2.869859E-42
31,1.43493E-42
31,7.174648E-43
31,3.587324E-43
31,1.793662E-43
31,8.96831E-44
31,4.484155E-44
31,2.242078E-44
31,1.121039E-44
31,5.605194E-45
31,2.802597E-45
31,1.401298E-45
31,0
31,0
31,0
31,0
31,0
31,0
31,0
31,0
31,0
31,0
31,0
31,0
31,0
31,0
31,0
31,0
31,0
31,0
31,0
31,0
31,0
31,0
31,0
31,0
31,0
31,0
31,0
31,0
31,0
31,0
31,0
31,0
31,0
31,0
31,0
31,0
31,0
31,0
31,0
31,0
31,0
31,0
31,0
31,0
31,0
31,0
31,0
31,0
31,0
31,0
31,0
31,0
31,0
31,0
31,0
31,0
31,0
31,0
31,0
31,0
31,0
31,0
31,0
31,0
31,0
31,0
31,0
31,0
31,0
31,0
31,0
31,0
31,0
31,0
31,0
31,0
31,0
31,0
31,0
31,0
31,0
31,0
31,0
31,0
31,0
31,0
31,0
31,0
31,0
31,0
31,0
31,0
31,0
31,0
31,0
31,0
31,0
31,0
31,0
31,0
31,0
31,0
31,0
31,0
31,0
31,0
31,0
31,0
31,0
31,0
31,0
31,0
31,0
31,0
31,0
31,0
31,0
31,0
31,0
31,0
31,0
28,1.5
28,0.75
28,0.375
28,0.1875
28,0.09375
28,0.046875
28,0.0234375
28,0.01171875
28,0.005859375
28,0.002929688
28,0.001464844
28,0.0007324219
28,0.0003662109
28,0.0001831055
28,9.155273E-05
28,4.577637E-05
28,2.288818E-05
28,1.144409E-05
28,5.722046E-06
28,2.861023E-06
28,1.430511E-06
28,7.152557E-07
28,3.576279E-07
28,1.788139E-07
28,8.940697E-08
28,4.470348E-08
28,2.235174E-08
28,1.117587E-08
28,5.587935E-09
28,2.793968E-09
28,1.396984E-09
28,6.984919E-10
28,3.49246E-10
28,1.74623E-10
28,8.731149E-11
28,4.365575E-11
28,2.182787E-11
28,1.091394E-11
28,5.456968E-12
28,2.728484E-12
28,1.364242E-12
28,6.82121E-13
28,3.410605E-13
28,1.705303E-13
28,8.526513E-14
28,4.263256E-14
28,2.131628E-14
28,1.065814E-14
28,5.329071E-15
28,2.664535E-15
28,1.332268E-15
28,6.661338E-16
28,3.330669E-16
28,1.665335E-16
28,8.326673E-17
28,4.163336E-17
28,2.081668E-17
28,1.040834E-17
28,5.20417E-18
28,2.602085E-18
28,1.301043E-18
28,6.505213E-19
28,3.252607E-19
28,1.626303E-19
28,8.131516E-20
28,4.065758E-20
28,2.032879E-20
28,1.01644E-20
28,5.082198E-21
28,2.541099E-21
28,1.270549E-21
28,6.352747E-22
28,3.176374E-22
28,1.588187E-22
28,7.940934E-23
28,3.970467E-23
28,1.985233E-23
28,9.926167E-24
28,4.963084E-24
28,2.481542E-24
28,1.240771E-24
28,6.203855E-25
28,3.101927E-25
28,1.550964E-25
28,7.754818E-26
28,3.877409E-26
28,1.938705E-26
28,9.693523E-27
28,4.846761E-27
28,2.423381E-27
28,1.21169E-27
28,6.058452E-28
28,3.029226E-28
28,1.514613E-28
28,7.573065E-29
28,3.786532E-29
28,1.893266E-29
28,9.466331E-30
28,4.733165E-30
28,2.366583E-30
28,1.183291E-30
28,5.916457E-31
28,2.958228E-31
28,1.479114E-31
28,7.395571E-32
28,3.697785E-32
28,1.848893E-32
28,9.244464E-33
28,4.622232E-33
28,2.311116E-33
28,1.155558E-33
28,5.77779E-34
28,2.888895E-34
28,1.444447E-34
28,7.222237E-35
28,3.611119E-35
28,1.805559E-35
28,9.027797E-36
28,4.513898E-36
28,2.256949E-36
28,1.128475E-36
28,5.642373E-37
28,2.821186E-37
28,1.410593E-37
28,7.052966E-38
28,3.526483E-38
28,1.763242E-38
28,8.816208E-39
28,4.408104E-39
28,2.204052E-39
28,1.102026E-39
28,5.51013E-40
28,2.755065E-40
28,1.377532E-40
28,6.887662E-41
28,3.443831E-41
28,1.721916E-41
28,8.609578E-42
28,4.304789E-42
28,2.152394E-42
28,1.076197E-42
28,5.380986E-43
28,2.690493E-43
28,1.345247E-43
28,6.726233E-44
28,3.363116E-44
28,1.681558E-44
28,8.407791E-45
28,4.203895E-45
28,2.802597E-45
28,1.401298E-45
28,0
28,0
28,0
28,0
28,0
28,0
28,0
28,0
28,0
28,0
28,0
28,0
28,0
28,0
28,0
28,0
28,0
28,0
28,0
28,0
28,0
28,0
28,0
28,0
28,0
28,0
28,0
28,0
28,0
28,0
28,0
28,0
28,0
28,0
28,0
28,0
28,0
28,0
28,0
28,0
28,0
28,0
28,0
28,0
28,0
28,0
28,0
28,0
28,0
28,0
28,0
28,0
28,0
28,0
28,0
28,0
28,0
28,0
28,0
28,0
28,0
28,0
28,0
28,0
28,0
28,0
28,0
28,0
28,0
28,0
28,0
28,0
28,0
28,0
28,0
28,0
28,0
28,0
28,0
28,0
28,0
28,0
28,0
28,0
28,0
28,0
28,0
28,0
28,0
28,0
28,0
28,0
28,0
28,0
28,0
28,0
28,0
28,0
28,0
28,0
28,0
28,0
28,0
28,0
28,0
28,0
28,0
28,0
28,0
28,0
28,0
