-1,0
-1,0
-1,0
-1,0
-1,0
-1,0
-1,0
-1,0
-1,0
-1,0
-1,0
-1,0
-1,0
-1,0
-1,0
-1,0
-1,0
-1,0
-1,0
-1,0
-1,0
-1,0
-1,0
-1,0
-1,0
-1,0
-1,0
-1,0
-1,0
-1,0
-1,0
-1,0
-1,0
-1,0
-1,0
-1,0
-1,0
-1,0
-1,0
-1,0
-1,0
-1,0
-1,0
-1,0
-1,0
-1,0
-1,0
-1,0
-1,0
-1,0
-1,0
-1,0
-1,0
-1,0
-1,0
-1,0
-1,0
-1,0
-1,0
-1,0
-1,0
-1,0
-1,0
-1,0
-1,0
-1,0
-1,0
-1,0
-1,0
-1,0
-1,0
-1,0
-1,0
-1,0
-1,0
-1,0
-1,0
-1,0
-1,0
-1,0
-1,0
-1,0
-1,0
-1,0
-1,0
-1,0
-1,0
-1,0
-1,0
-1,0
-1,0
-1,0
-1,0
-1,0
-1,0
-1,0
-1,0
-1,0
-1,0
-1,0
-1,0
-1,0
-1,0
-1,0
-1,0
-1,0
-1,0
-1,0
-1,0
-1,0
-1,0
-1,0
-1,0
-1,0
-1,0
-1,0
-1,0
-1,0
-1,0
-1,0
-1,0
-1,0
-1,0
-1,0
-1,0
-1,0
-1,0
-1,0
-1,0
-1,0
-1,0
-1,0
-1,0
-1,0
-1,0
-1,0
-1,0
-1,0
-1,0
-1,0
-1,0
-1,0
-1,0
-1,0
-1,0
-1,0
-1,0
-1,0
-1,0
-1,0
-1,0
-1,0
-1,0
-1,0
-1,0
-1,0
-1,0
-1,0
-1,0
-1,0
-1,0
-1,0
-1,0
-1,0
-1,0
-1,0
-1,0
-1,0
-1,0
-1,0
-1,0
-1,0
-1,0
-1,0
-1,0
-1,0
-1,0
-1,0
-1,0
-1,0
-1,0
-1,0
-1,0
-1,0
-1,0
-1,0
-1,0
-1,0
-1,0
-1,0
-1,0
-1,0
-1,0
-1,0
-1,0
-1,0
-1,0
-1,0
-1,0
-1,0
-1,0
-1,0
-1,0
-1,0
-1,0
-1,0
-1,0
-1,0
-1,0
-1,0
-1,0
-1,0
-1,0
-1,0
-1,0
-1,0
-1,0
-1,0
-1,0
-1,0
-1,0
-1,0
-1,0
-1,0
-1,0
-1,0
-1,0
-1,0
-1,0
-1,0
-1,0
-1,0
-1,0
-1,0
-1,0
-1,0
-1,0
-1,0
-1,0
-1,0
-1,0
-1,0
-1,0
-1,0
-1,0
-1,0
-1,0
-1,0
-1,0
-1,0
-1,0
-1,0
-1,0
-1,0
-1,0
-1,0
-1,0
215,0
215,0
215,0
215,0
215,0
215,0
215,0
215,0
215,0
215,0
215,0
215,0
215,0
215,0
215,0
215,0
215,0
215,0
215,0
215,0
215,0
215,0
215,0
215,0
215,0
215,0
215,0
215,0
215,0
215,0
215,0
215,0
215,0
215,0
215,0
215,0
215,0
215,0
215,0
215,0
215,0
215,0
215,0
215,0
215,0
215,0
215,0
215,0
215,0
215,0
215,0
215,0
215,0
215,0
215,0
215,0
215,0
215,0
215,0
215,0
215,0
215,0
215,0
215,0
215,0
215,0
215,0
215,0
215,0
215,0
215,0
215,0
215,0
215,0
215,0
215,0
215,0
215,0
215,0
215,0
215,0
215,0
215,0
215,0
215,0
215,0
215,0
215,0
215,0
215,0
215,0
215,0
215,0
215,0
215,0
215,0
215,0
215,0
215,0
215,0
215,0
215,0
215,0
215,0
215,0
215,0
215,0
215,0
215,0
215,0
215,0
215,0
215,0
215,0
215,0
215,0
215,0
215,0
215,0
215,0
215,0
215,0
215,0
215,0
215,0
215,0
215,0
215,0
215,0
215,0
215,0
215,0
215,0
215,0
215,0
215,0
215,0
215,0
215,0
215,0
215,0
215,0
215,0
215,0
215,0
215,0
215,0
215,0
215,0
215,0
215,0
215,0
215,0
215,0
215,0
215,0
215,0
215,0
215,0
215,0
215,0
215,0
215,0
215,0
215,0
215,0
215,0
215,0
215,0
215,0
215,0
215,0
215,0
215,0
215,0
215,0
215,0
215,0
215,0
215,0
215,0
215,0
215,0
215,0
215,0
215,0
215,0
215,0
215,0
215,0
215,0
215,0
215,0
215,0
215,0
215,0
215,0
215,0
215,0
215,0
215,0
215,0
215,0
215,0
215,0
215,0
215,0
215,0
215,0
215,0
215,0
215,0
215,0
215,0
215,0
215,0
215,0
215,0
215,0
215,0
215,0
215,0
215,0
215,0
215,0
215,0
215,0
215,0
215,0
215,0
215,0
215,0
215,0
215,0
215,0
215,0
215,0
215,0
215,0
215,0
215,0
215,0
215,0
215,0
215,0
215,0
215,0
215,0
215,0
215,0
215,0
215,0
215,0
215,0
215,0
215,0
215,0
215,0
215,0
215,0
204,5.5
204,2.75
204,1.375
204,0.6875
204,0.34375
204,0.171875
204,0.0859375
204,0.04296875
204,0.02148438
204,0.01074219
204,0.005371094
204,0.002685547
204,0.001342773
204,0.0006713867
204,0.0003356934
204,0.0001678467
204,8.392334E-05
204,4.196167E-05
204,2.098083E-05
204,1.049042E-05
204,5.245209E-06
204,2.622604E-06
204,1.311302E-06
204,6.556511E-07
204,3.278255E-07
204,1.639128E-07
204,8.195639E-08
204,4.097819E-08
204,2.04891E-08
204,1.024455E-08
204,5.122274E-09
204,2.561137E-09
204,1.280569E-09
204,6.402843E-10
204,3.201421E-10
204,1.600711E-10
204,8.003553E-11
204,4.001777E-11
204,2.000888E-11
204,1.000444E-11
204,5.002221E-12
204,2.50111E-12
204,1.250555E-12
204,6.252776E-13
204,3.126388E-13
204,1.563194E-13
204,7.81597E-14
204,3.907985E-14
204,1.953993E-14
204,9.769963E-15
204,4.884981E-15
204,2.442491E-15
204,1.221245E-15
204,6.106227E-16
204,3.053113E-16
204,1.526557E-16
204,7.632783E-17
204,3.816392E-17
204,1.908196E-17
204,9.540979E-18
204,4.77049E-18
204,2.385245E-18
204,1.192622E-18
204,5.963112E-19
204,2.981556E-19
204,1.490778E-19
204,7.45389E-20
204,3.726945E-20
204,1.863472E-20
204,9.317362E-21
204,4.658681E-21
204,2.329341E-21
204,1.16467E-21
204,5.823352E-22
204,2.911676E-22
204,1.455838E-22
204,7.279189E-23
204,3.639595E-23
204,1.819797E-23
204,9.098987E-24
204,4.549493E-24
204,2.274747E-24
204,1.137373E-24
204,5.686867E-25
204,2.843433E-25
204,1.421717E-25
204,7.108583E-26
204,3.554292E-26
204,1.777146E-26
204,8.885729E-27
204,4.442865E-27
204,2.221432E-27
204,1.110716E-27
204,5.553581E-28
204,2.77679E-28
204,1.388395E-28
204,6.941976E-29
204,3.470988E-29
204,1.735494E-29
204,8.67747E-30
204,4.338735E-30
204,2.169367E-30
204,1.084684E-30
204,5.423419E-31
204,2.711709E-31
204,1.355855E-31
204,6.779273E-32
204,3.389637E-32
204,1.694818E-32
204,8.474092E-33
204,4.237046E-33
204,2.118523E-33
204,1.059261E-33
204,5.296307E-34
204,2.648154E-34
204,1.324077E-34
204,6.620384E-35
204,3.310192E-35
204,1.655096E-35
204,8.27548E-36
204,4.13774E-36
204,2.06887E-36
204,1.034435E-36
204,5.172175E-37
204,2.586088E-37
204,1.293044E-37
204,6.465219E-38
204,3.232609E-38
204,1.616305E-38
204,8.081524E-39
204,4.040762E-39
204,2.020381E-39
204,1.01019E-39
204,5.050952E-40
204,2.525476E-40
204,1.262738E-40
204,6.31369E-41
204,3.156845E-41
204,1.578423E-41
204,7.892113E-42
204,3.946056E-42
204,1.973028E-42
204,9.865141E-43
204,4.932571E-43
204,2.466285E-43
204,1.233143E-43
204,6.165713E-44
204,3.082857E-44
204,1.541428E-44
204,8.407791E-45
204,4.203895E-45
204,2.802597E-45
204,1.401298E-45
204,0
204,0
204,0
204,0
204,0
204,0
204,0
204,0
204,0
204,0
204,0
204,0
204,0
204,0
204,0
204,0
204,0
204,0
204,0
204,0
204,0
204,0
204,0
204,0
204,0
204,0
204,0
204,0
204,0
204,0
204,0
204,0
204,0
204,0
204,0
204,0
204,0
204,0
204,0
204,0
204,0
204,0
204,0
204,0
204,0
204,0
204,0
204,0
204,0
204,0
204,0
204,0
204,0
204,0
204,0
204,0
204,0
204,0
204,0
204,0
204,0
204,0
204,0
204,0
204,0
204,0
204,0
204,0
204,0
204,0
204,0
204,0
204,0
204,0
204,0
204,0
204,0
204,0
204,0
204,0
204,0
204,0
204,0
204,0
204,0
204,0
204,0
204,0
204,0
204,0
204,0
204,0
204,0
204,0
204,0
204,0
204,0
204,0
204,0
204,0
204,0
204,0
204,0
204,0
204,0
204,0
204,0
204,0
204,0
204,0
204,0
204,0
204,0
204,0
204,0
204,0
204,0
204,0
204,0
204,0
204,0
204,0
204,0
204,0
204,0
204,0
204,0
204,0
204,0
204,0
213,4.5
213,2.25
213,1.125
213,0.5625
213,0.28125
213,0.140625
213,0.0703125
213,0.03515625
213,0.01757813
213,0.008789063
213,0.004394531
213,0.002197266
213,0.001098633
213,0.0005493164
213,0.0002746582
213,0.0001373291
213,6.866455E-05
213,3.433228E-05
213,1.716614E-05
213,8.583069E-06
213,4.291534E-06
213,2.145767E-06
213,1.072884E-06
213,5.364418E-07
213,2.682209E-07
213,1.341105E-07
213,6.705523E-08
213,3.352761E-08
213,1.676381E-08
213,8.381903E-09
213,4.190952E-09
213,2.095476E-09
213,1.047738E-09
213,5.238689E-10
213,2.619345E-10
213,1.309672E-10
213,6.548362E-11
213,3.274181E-11
213,1.63709E-11
213,8.185452E-12
213,4.092726E-12
213,2.046363E-12
213,1.023182E-12
213,5.115908E-13
213,2.557954E-13
213,1.278977E-13
213,6.394885E-14
213,3.197442E-14
213,1.598721E-14
213,7.993606E-15
213,3.996803E-15
213,1.998401E-15
213,9.992007E-16
213,4.996004E-16
213,2.498002E-16
213,1.249001E-16
213,6.245005E-17
213,3.122502E-17
213,1.561251E-17
213,7.806256E-18
213,3.903128E-18
213,1.951564E-18
213,9.75782E-19
213,4.87891E-19
213,2.439455E-19
213,1.219727E-19
213,6.098637E-20
213,3.049319E-20
213,1.524659E-20
213,7.623297E-21
213,3.811648E-21
213,1.905824E-21
213,9.529121E-22
213,4.76456E-22
213,2.38228E-22
213,1.19114E-22
213,5.9557E-23
213,2.97785E-23
213,1.488925E-23
213,7.444626E-24
213,3.722313E-24
213,1.861156E-24
213,9.305782E-25
213,4.652891E-25
213,2.326445E-25
213,1.163223E-25
213,5.816114E-26
213,2.908057E-26
213,1.454028E-26
213,7.270142E-27
213,3.635071E-27
213,1.817536E-27
213,9.087678E-28
213,4.543839E-28
213,2.271919E-28
213,1.13596E-28
213,5.679799E-29
213,2.839899E-29
213,1.41995E-29
213,7.099748E-30
213,3.549874E-30
213,1.774937E-30
213,8.874685E-31
213,4.437343E-31
213,2.218671E-31
213,1.109336E-31
213,5.546678E-32
213,2.773339E-32
213,1.38667E-32
213,6.933348E-33
213,3.466674E-33
213,1.733337E-33
213,8.666685E-34
213,4.333342E-34
213,2.166671E-34
213,1.083336E-34
213,5.416678E-35
213,2.708339E-35
213,1.354169E-35
213,6.770847E-36
213,3.385424E-36
213,1.692712E-36
213,8.463559E-37
213,4.23178E-37
213,2.11589E-37
213,1.057945E-37
213,5.289725E-38
213,2.644862E-38
213,1.322431E-38
213,6.612156E-39
213,3.306078E-39
213,1.653039E-39
213,8.265195E-40
213,4.132597E-40
213,2.066299E-40
213,1.033149E-40
213,5.165747E-41
213,2.582873E-41
213,1.291437E-41
213,6.457183E-42
213,3.228592E-42
213,1.614296E-42
213,8.071479E-43
213,4.03574E-43
213,2.01787E-43
213,1.008935E-43
213,5.044674E-44
213,2.522337E-44
213,1.261169E-44
213,5.605194E-45
213,2.802597E-45
213,1.401298E-45
213,0
213,0
213,0
213,0
213,0
213,0
213,0
213,0
213,0
213,0
213,0
213,0
213,0
213,0
213,0
213,0
213,0
213,0
213,0
213,0
213,0
213,0
213,0
213,0
213,0
213,0
213,0
213,0
213,0
213,0
213,0
213,0
213,0
213,0
213,0
213,0
213,0
213,0
213,0
213,0
213,0
213,0
213,0
213,0
213,0
213,0
213,0
213,0
213,0
213,0
213,0
213,0
213,0
213,0
213,0
213,0
213,0
213,0
213,0
213,0
213,0
213,0
213,0
213,0
213,0
213,0
213,0
213,0
213,0
213,0
213,0
213,0
213,0
213,0
213,0
213,0
213,0
197,8
197,4
197,2
197,1
197,0.5
197,0.25
197,0.125
197,0.0625
197,0.03125
197,0.015625
197,0.0078125
197,0.00390625
197,0.001953125
197,0.0009765625
197,0.0004882813
197,0.0002441406
197,0.0001220703
197,6.103516E-05
197,3.051758E-05
197,1.525879E-05
197,7.629395E-06
197,3.814697E-06
197,1.907349E-06
197,9.536743E-07
197,4.768372E-07
197,2.384186E-07
197,1.192093E-07
197,5.960464E-08
197,2.980232E-08
197,1.490116E-08
197,7.450581E-09
197,3.72529E-09
197,1.862645E-09
197,9.313226E-10
197,4.656613E-10
197,2.328306E-10
197,1.164153E-10
197,5.820766E-11
197,2.910383E-11
197,1.455192E-11
197,7.275958E-12
197,3.637979E-12
197,1.818989E-12
197,9.094947E-13
197,4.547474E-13
197,2.273737E-13
197,1.136868E-13
197,5.684342E-14
197,2.842171E-14
197,1.421085E-14
197,7.105427E-15
197,3.552714E-15
197,1.776357E-15
197,8.881784E-16
197,4.440892E-16
197,2.220446E-16
197,1.110223E-16
197,5.551115E-17
197,2.775558E-17
197,1.387779E-17
197,6.938894E-18
197,3.469447E-18
197,1.734723E-18
197,8.673617E-19
197,4.336809E-19
197,2.168404E-19
197,1.084202E-19
197,5.421011E-20
197,2.710505E-20
197,1.355253E-20
197,6.776264E-21
197,3.388132E-21
197,1.694066E-21
197,8.470329E-22
197,4.235165E-22
197,2.117582E-22
197,1.058791E-22
197,5.293956E-23
197,2.646978E-23
197,1.323489E-23
197,6.617445E-24
197,3.308722E-24
197,1.654361E-24
197,8.271806E-25
197,4.135903E-25
197,2.067952E-25
197,1.033976E-25
197,5.169879E-26
197,2.584939E-26
197,1.29247E-26
197,6.462349E-27
197,3.231174E-27
197,1.615587E-27
197,8.077936E-28
197,4.038968E-28
197,2.019484E-28
197,1.009742E-28
197,5.04871E-29
197,2.524355E-29
197,1.262177E-29
197,6.310887E-30
197,3.155444E-30
197,1.577722E-30
197,7.888609E-31
197,3.944305E-31
197,1.972152E-31
197,9.860761E-32
197,4.930381E-32
197,2.46519E-32
197,1.232595E-32
197,6.162976E-33
197,3.081488E-33
197,1.540744E-33
197,7.70372E-34
197,3.85186E-34
197,1.92593E-34
197,9.62965E-35
197,4.814825E-35
197,2.407412E-35
197,1.203706E-35
197,6.018531E-36
197,3.009266E-36
197,1.504633E-36
197,7.523164E-37
197,3.761582E-37
197,1.880791E-37
197,9.403955E-38
197,4.701977E-38
197,2.350989E-38
197,1.175494E-38
197,5.877472E-39
197,2.938736E-39
197,1.469368E-39
197,7.34684E-40
197,3.67342E-40
197,1.83671E-40
197,9.18355E-41
197,4.591775E-41
197,2.295887E-41
197,1.147944E-41
197,5.739719E-42
197,2.869859E-42
197,1.43493E-42
197,7.174648E-43
197,3.587324E-43
197,1.793662E-43
197,8.96831E-44
197,4.484155E-44
197,2.242078E-44
197,1.121039E-44
197,5.605194E-45
197,2.802597E-45
197,1.401298E-45
197,0
197,0
197,0
197,0
197,0
197,0
197,0
197,0
197,0
197,0
197,0
197,0
197,0
197,0
197,0
197,0
197,0
197,0
197,0
197,0
197,0
197,0
197,0
197,0
197,0
197,0
197,0
197,0
197,0
197,0
197,0
197,0
197,0
197,0
197,0
197,0
197,0
197,0
197,0
197,0
197,0
197,0
197,0
197,0
197,0
197,0
197,0
197,0
197,0
197,0
197,0
197,0
197,0
197,0
197,0
197,0
197,0
197,0
197,0
197,0
197,0
197,0
197,0
197,0
197,0
197,0
197,0
197,0
197,0
197,0
197,0
197,0
197,0
197,0
197,0
197,0
197,0
197,0
197,0
197,0
197,0
197,0
197,0
197,0
197,0
197,0
197,0
197,0
197,0
197,0
197,0
197,0
197,0
197,0
197,0
197,0
197,0
197,0
197,0
197,0
197,0
197,0
197,0
197,0
197,0
197,0
197,0
197,0
197,0
197,0
197,0
197,0
197,0
197,0
197,0
197,0
197,0
197,0
197,0
197,0
197,0
197,0
197,0
197,0
197,0
197,0
197,0
197,0
197,0
197,0
197,0
197,0
197,0
197,0
197,0
197,0
197,0
197,0
197,0
197,0
197,0
197,0
197,0
197,0
197,0
197,0
197,0
210,6.5
210,3.25
210,1.625
210,0.8125
210,0.40625
210,0.203125
210,0.1015625
210,0.05078125
210,0.02539063
210,0.01269531
210,0.006347656
210,0.003173828
210,0.001586914
210,0.000793457
210,0.0003967285
210,0.0001983643
210,9.918213E-05
210,4.959106E-05
210,2.479553E-05
210,1.239777E-05
210,6.198883E-06
210,3.099442E-06
210,1.549721E-06
210,7.748604E-07
210,3.874302E-07
210,1.937151E-07
210,9.685755E-08
210,4.842877E-08
210,2.421439E-08
210,1.210719E-08
210,6.053597E-09
210,3.026798E-09
210,1.513399E-09
210,7.566996E-10
210,3.783498E-10
210,1.891749E-10
210,9.458745E-11
210,4.729372E-11
210,2.364686E-11
210,1.182343E-11
210,5.911716E-12
210,2.955858E-12
210,1.477929E-12
210,7.389644E-13
210,3.694822E-13
210,1.847411E-13
210,9.237056E-14
210,4.618528E-14
210,2.309264E-14
210,1.154632E-14
210,5.77316E-15
210,2.88658E-15
210,1.44329E-15
210,7.21645E-16
210,3.608225E-16
210,1.804112E-16
210,9.020562E-17
210,4.510281E-17
210,2.255141E-17
210,1.12757E-17
210,5.637851E-18
210,2.818926E-18
210,1.409463E-18
210,7.047314E-19
210,3.523657E-19
210,1.761829E-19
210,8.809143E-20
210,4.404571E-20
210,2.202286E-20
210,1.101143E-20
210,5.505714E-21
210,2.752857E-21
210,1.376429E-21
210,6.882143E-22
210,3.441071E-22
210,1.720536E-22
210,8.602678E-23
210,4.301339E-23
210,2.15067E-23
210,1.075335E-23
210,5.376674E-24
210,2.688337E-24
210,1.344168E-24
210,6.720842E-25
210,3.360421E-25
210,1.680211E-25
210,8.401053E-26
210,4.200527E-26
210,2.100263E-26
210,1.050132E-26
210,5.250658E-27
210,2.625329E-27
210,1.312665E-27
210,6.563323E-28
210,3.281661E-28
210,1.640831E-28
210,8.204153E-29
210,4.102077E-29
210,2.051038E-29
210,1.025519E-29
210,5.127596E-30
210,2.563798E-30
210,1.281899E-30
210,6.409495E-31
210,3.204747E-31
210,1.602374E-31
210,8.011869E-32
210,4.005934E-32
210,2.002967E-32
210,1.001484E-32
210,5.007418E-33
210,2.503709E-33
210,1.251854E-33
210,6.259272E-34
210,3.129636E-34
210,1.564818E-34
210,7.82409E-35
210,3.912045E-35
210,1.956023E-35
210,9.780113E-36
210,4.890056E-36
210,2.445028E-36
210,1.222514E-36
210,6.112571E-37
210,3.056285E-37
210,1.528143E-37
210,7.640713E-38
210,3.820357E-38
210,1.910178E-38
210,9.550892E-39
210,4.775446E-39
210,2.387723E-39
210,1.193861E-39
210,5.969307E-40
210,2.984654E-40
210,1.492327E-40
210,7.461634E-41
210,3.730817E-41
210,1.865409E-41
210,9.327043E-42
210,4.663521E-42
210,2.331761E-42
210,1.16588E-42
210,5.829402E-43
210,2.914701E-43
210,1.45735E-43
210,7.286752E-44
210,3.643376E-44
210,1.821688E-44
210,8.407791E-45
210,4.203895E-45
210,2.802597E-45
210,1.401298E-45
210,0
210,0
210,0
210,0
210,0
210,0
210,0
210,0
210,0
210,0
210,0
210,0
210,0
210,0
210,0
210,0
210,0
210,0
210,0
210,0
210,0
210,0
210,0
210,0
210,0
210,0
210,0
210,0
210,0
210,0
210,0
210,0
210,0
210,0
210,0
210,0
210,0
210,0
210,0
210,0
210,0
210,0
210,0
210,0
210,0
210,0
210,0
210,0
210,0
210,0
210,0
210,0
210,0
210,0
210,0
210,0
210,0
210,0
210,0
210,0
210,0
210,0
210,0
210,0
210,0
210,0
210,0
210,0
210,0
210,0
210,0
210,0
210,0
210,0
210,0
210,0
213,1.5
213,0.75
213,0.375
213,0.1875
213,0.09375
213,0.046875
213,0.0234375
213,0.01171875
213,0.005859375
213,0.002929688
213,0.001464844
213,0.0007324219
213,0.0003662109
213,0.0001831055
213,9.155273E-05
213,4.577637E-05
213,2.288818E-05
213,1.144409E-05
213,5.722046E-06
213,2.861023E-06
213,1.430511E-06
213,7.152557E-07
213,3.576279E-07
213,1.788139E-07
213,8.940697E-08
213,4.470348E-08
213,2.235174E-08
213,1.117587E-08
213,5.587935E-09
213,2.793968E-09
213,1.396984E-09
213,6.984919E-10
213,3.49246E-10
213,1.74623E-10
213,8.731149E-11
213,4.365575E-11
213,2.182787E-11
213,1.091394E-11
213,5.456968E-12
213,2.728484E-12
213,1.364242E-12
213,6.82121E-13
213,3.410605E-13
213,1.705303E-13
213,8.526513E-14
213,4.263256E-14
213,2.131628E-14
213,1.065814E-14
213,5.329071E-15
213,2.664535E-15
213,1.332268E-15
213,6.661338E-16
213,3.330669E-16
213,1.665335E-16
213,8.326673E-17
213,4.163336E-17
213,2.081668E-17
213,1.040834E-17
213,5.20417E-18
213,2.602085E-18
213,1.301043E-18
213,6.505213E-19
213,3.252607E-19
213,1.626303E-19
213,8.131516E-20
213,4.065758E-20
213,2.032879E-20
213,1.01644E-20
213,5.082198E-21
213,2.541099E-21
213,1.270549E-21
213,6.352747E-22
213,3.176374E-22
213,1.588187E-22
213,7.940934E-23
213,3.970467E-23
213,1.985233E-23
213,9.926167E-24
213,4.963084E-24
213,2.481542E-24
213,1.240771E-24
213,6.203855E-25
213,3.101927E-25
213,1.550964E-25
213,7.754818E-26
213,3.877409E-26
213,1.938705E-26
213,9.693523E-27
213,4.846761E-27
213,2.423381E-27
213,1.21169E-27
213,6.058452E-28
213,3.029226E-28
213,1.514613E-28
213,7.573065E-29
213,3.786532E-29
213,1.893266E-29
213,9.466331E-30
213,4.733165E-30
213,2.366583E-30
213,1.183291E-30
213,5.916457E-31
213,2.958228E-31
213,1.479114E-31
213,7.395571E-32
213,3.697785E-32
213,1.848893E-32
213,9.244464E-33
213,4.622232E-33
213,2.311116E-33
213,1.155558E-33
213,5.77779E-34
213,2.888895E-34
213,1.444447E-34
213,7.222237E-35
213,3.611119E-35
213,1.805559E-35
213,9.027797E-36
213,4.513898E-36
213,2.256949E-36
213,1.128475E-36
213,5.642373E-37
213,2.821186E-37
213,1.410593E-37
213,7.052966E-38
213,3.526483E-38
213,1.763242E-38
213,8.816208E-39
213,4.408104E-39
213,2.204052E-39
213,1.102026E-39
213,5.51013E-40
213,2.755065E-40
213,1.377532E-40
213,6.887662E-41
213,3.443831E-41
213,1.721916E-41
213,8.609578E-42
213,4.304789E-42
213,2.152394E-42
213,1.076197E-42
213,5.380986E-43
213,2.690493E-43
213,1.345247E-43
213,6.726233E-44
213,3.363116E-44
213,1.681558E-44
213,8.407791E-45
213,4.203895E-45
213,2.802597E-45
213,1.401298E-45
213,0
213,0
213,0
213,0
213,0
213,0
213,0
213,0
213,0
213,0
213,0
213,0
213,0
213,0
213,0
213,0
213,0
213,0
213,0
213,0
213,0
213,0
213,0
213,0
213,0
213,0
213,0
213,0
213,0
213,0
213,0
213,0
213,0
213,0
213,0
213,0
213,0
213,0
213,0
213,0
213,0
213,0
213,0
213,0
213,0
213,0
213,0
213,0
213,0
213,0
213,0
213,0
213,0
213,0
213,0
213,0
213,0
213,0
213,0
213,0
213,0
213,0
213,0
213,0
213,0
213,0
213,0
213,0
213,0
213,0
213,0
213,0
203,5
203,2.5
203,1.25
203,0.625
203,0.3125
203,0.15625
203,0.078125
203,0.0390625
203,0.01953125
203,0.009765625
203,0.004882813
203,0.002441406
203,0.001220703
203,0.0006103516
203,0.0003051758
203,0.0001525879
203,7.629395E-05
203,3.814697E-05
203,1.907349E-05
203,9.536743E-06
203,4.768372E-06
203,2.384186E-06
203,1.192093E-06
203,5.960464E-07
203,2.980232E-07
203,1.490116E-07
203,7.450581E-08
203,3.72529E-08
203,1.862645E-08
203,9.313226E-09
203,4.656613E-09
203,2.328306E-09
203,1.164153E-09
203,5.820766E-10
203,2.910383E-10
203,1.455192E-10
203,7.275958E-11
203,3.637979E-11
203,1.818989E-11
203,9.094947E-12
203,4.547474E-12
203,2.273737E-12
203,1.136868E-12
203,5.684342E-13
203,2.842171E-13
203,1.421085E-13
203,7.105427E-14
203,3.552714E-14
203,1.776357E-14
203,8.881784E-15
203,4.440892E-15
203,2.220446E-15
203,1.110223E-15
203,5.551115E-16
203,2.775558E-16
203,1.387779E-16
203,6.938894E-17
203,3.469447E-17
203,1.734723E-17
203,8.673617E-18
203,4.336809E-18
203,2.168404E-18
203,1.084202E-18
203,5.421011E-19
203,2.710505E-19
203,1.355253E-19
203,6.776264E-20
203,3.388132E-20
203,1.694066E-20
203,8.470329E-21
203,4.235165E-21
203,2.117582E-21
203,1.058791E-21
203,5.293956E-22
203,2.646978E-22
203,1.323489E-22
203,6.617445E-23
203,3.308722E-23
203,1.654361E-23
203,8.271806E-24
203,4.135903E-24
203,2.067952E-24
203,1.033976E-24
203,5.169879E-25
203,2.584939E-25
203,1.29247E-25
203,6.462349E-26
203,3.231174E-26
203,1.615587E-26
203,8.077936E-27
203,4.038968E-27
203,2.019484E-27
203,1.009742E-27
203,5.04871E-28
203,2.524355E-28
203,1.262177E-28
203,6.310887E-29
203,3.155444E-29
203,1.577722E-29
203,7.888609E-30
203,3.944305E-30
203,1.972152E-30
203,9.860761E-31
203,4.930381E-31
203,2.46519E-31
203,1.232595E-31
203,6.162976E-32
203,3.081488E-32
203,1.540744E-32
203,7.70372E-33
203,3.85186E-33
203,1.92593E-33
203,9.62965E-34
203,4.814825E-34
203,2.407412E-34
203,1.203706E-34
203,6.018531E-35
203,3.009266E-35
203,1.504633E-35
203,7.523164E-36
203,3.761582E-36
203,1.880791E-36
203,9.403955E-37
203,4.701977E-37
203,2.350989E-37
203,1.175494E-37
203,5.877472E-38
203,2.938736E-38
203,1.469368E-38
203,7.34684E-39
203,3.67342E-39
203,1.83671E-39
203,9.18355E-40
203,4.591775E-40
203,2.295887E-40
203,1.147944E-40
203,5.739719E-41
203,2.869859E-41
203,1.43493E-41
203,7.174648E-42
203,3.587324E-42
203,1.793662E-42
203,8.96831E-43
203,4.484155E-43
203,2.242078E-43
203,1.121039E-43
203,5.605194E-44
203,2.802597E-44
203,1.401298E-44
203,7.006492E-45
203,2.802597E-45
203,1.401298E-45
203,0
203,0
203,0
203,0
203,0
203,0
203,0
203,0
203,0
203,0
203,0
203,0
203,0
203,0
203,0
203,0
203,0
203,0
203,0
203,0
203,0
203,0
203,0
203,0
203,0
203,0
203,0
203,0
203,0
203,0
203,0
203,0
203,0
203,0
203,0
203,0
203,0
203,0
203,0
203,0
203,0
203,0
203,0
203,0
203,0
203,0
203,0
203,0
203,0
203,0
203,0
203,0
203,0
203,0
203,0
203,0
203,0
203,0
203,0
203,0
203,0
203,0
203,0
203,0
203,0
203,0
203,0
203,0
203,0
203,0
203,0
203,0
203,0
203,0
203,0
203,0
203,0
203,0
203,0
203,0
203,0
203,0
203,0
203,0
203,0
203,0
203,0
203,0
203,0
203,0
203,0
203,0
203,0
203,0
203,0
203,0
203,0
203,0
203,0
203,0
203,0
203,0
203,0
203,0
203,0
203,0
203,0
203,0
203,0
203,0
203,0
203,0
203,0
203,0
203,0
203,0
203,0
203,0
203,0
203,0
203,0
203,0
203,0
203,0
203,0
203,0
203,0
203,0
203,0
203,0
203,0
203,0
203,0
203,0
203,0
203,0
203,0
203,0
203,0
203,0
203,0
203,0
203,0
203,0
203,0
203,0
203,0
203,0
203,0
203,0
203,0
203,0
203,0
203,0
203,0
203,0
203,0
203,0
203,0
203,0
203,0
203,0
203,0
203,0
203,0
203,0
203,0
203,0
203,0
203,0
203,0
203,0
203,0
203,0
203,0
203,0
203,0
203,0
203,0
208,2.5
208,1.25
208,0.625
208,0.3125
208,0.15625
208,0.078125
208,0.0390625
208,0.01953125
208,0.009765625
208,0.004882813
208,0.002441406
208,0.001220703
208,0.0006103516
208,0.0003051758
208,0.0001525879
208,7.629395E-05
208,3.814697E-05
208,1.907349E-05
208,9.536743E-06
208,4.768372E-06
208,2.384186E-06
208,1.192093E-06
208,5.960464E-07
208,2.980232E-07
208,1.490116E-07
208,7.450581E-08
208,3.72529E-08
208,1.862645E-08
208,9.313226E-09
208,4.656613E-09
208,2.328306E-09
208,1.164153E-09
208,5.820766E-10
208,2.910383E-10
208,1.455192E-10
208,7.275958E-11
208,3.637979E-11
208,1.818989E-11
208,9.094947E-12
208,4.547474E-12
208,2.273737E-12
208,1.136868E-12
208,5.684342E-13
208,2.842171E-13
208,1.421085E-13
208,7.105427E-14
208,3.552714E-14
208,1.776357E-14
208,8.881784E-15
208,4.440892E-15
208,2.220446E-15
208,1.110223E-15
208,5.551115E-16
208,2.775558E-16
208,1.387779E-16
208,6.938894E-17
208,3.469447E-17
208,1.734723E-17
208,8.673617E-18
208,4.336809E-18
208,2.168404E-18
208,1.084202E-18
208,5.421011E-19
208,2.710505E-19
208,1.355253E-19
208,6.776264E-20
208,3.388132E-20
208,1.694066E-20
208,8.470329E-21
208,4.235165E-21
208,2.117582E-21
208,1.058791E-21
208,5.293956E-22
208,2.646978E-22
208,1.323489E-22
208,6.617445E-23
208,3.308722E-23
208,1.654361E-23
208,8.271806E-24
208,4.135903E-24
208,2.067952E-24
208,1.033976E-24
208,5.169879E-25
208,2.584939E-25
208,1.29247E-25
208,6.462349E-26
208,3.231174E-26
208,1.615587E-26
208,8.077936E-27
208,4.038968E-27
208,2.019484E-27
208,1.009742E-27
208,5.04871E-28
208,2.524355E-28
208,1.262177E-28
208,6.310887E-29
208,3.155444E-29
208,1.577722E-29
208,7.888609E-30
208,3.944305E-30
208,1.972152E-30
208,9.860761E-31
208,4.930381E-31
208,2.46519E-31
208,1.232595E-31
208,6.162976E-32
208,3.081488E-32
208,1.540744E-32
208,7.70372E-33
208,3.85186E-33
208,1.92593E-33
208,9.62965E-34
208,4.814825E-34
208,2.407412E-34
208,1.203706E-34
208,6.018531E-35
208,3.009266E-35
208,1.504633E-35
208,7.523164E-36
208,3.761582E-36
208,1.880791E-36
208,9.403955E-37
208,4.701977E-37
208,2.350989E-37
208,1.175494E-37
208,5.877472E-38
208,2.938736E-38
208,1.469368E-38
208,7.34684E-39
208,3.67342E-39
208,1.83671E-39
208,9.18355E-40
208,4.591775E-40
208,2.295887E-40
208,1.147944E-40
208,5.739719E-41
208,2.869859E-41
208,1.43493E-41
208,7.174648E-42
208,3.587324E-42
208,1.793662E-42
208,8.96831E-43
208,4.484155E-43
208,2.242078E-43
208,1.121039E-43
208,5.605194E-44
208,2.802597E-44
208,1.401298E-44
208,7.006492E-45
208,2.802597E-45
208,1.401298E-45
208,0
208,0
208,0
208,0
208,0
208,0
208,0
208,0
208,0
208,0
208,0
208,0
208,0
208,0
208,0
208,0
208,0
208,0
208,0
208,0
208,0
208,0
208,0
208,0
208,0
208,0
208,0
208,0
208,0
208,0
208,0
208,0
208,0
208,0
208,0
208,0
208,0
208,0
208,0
208,0
208,0
208,0
208,0
208,0
208,0
208,0
208,0
208,0
208,0
208,0
208,0
208,0
208,0
208,0
208,0
208,0
208,0
208,0
208,0
208,0
208,0
208,0
208,0
208,0
208,0
208,0
208,0
208,0
208,0
208,0
208,0
208,0
208,0
208,0
208,0
208,0
208,0
208,0
208,0
208,0
208,0
208,0
208,0
208,0
208,0
208,0
208,0
208,0
208,0
208,0
208,0
208,0
208,0
208,0
208,0
208,0
208,0
208,0
208,0
208,0
208,0
208,0
208,0
208,0
208,0
208,0
208,0
208,0
208,0
199,4.5
199,2.25
199,1.125
199,0.5625
199,0.28125
199,0.140625
199,0.0703125
199,0.03515625
199,0.01757813
199,0.008789063
199,0.004394531
199,0.002197266
199,0.001098633
199,0.0005493164
199,0.0002746582
199,0.0001373291
199,6.866455E-05
199,3.433228E-05
199,1.716614E-05
199,8.583069E-06
199,4.291534E-06
199,2.145767E-06
199,1.072884E-06
199,5.364418E-07
199,2.682209E-07
199,1.341105E-07
199,6.705523E-08
199,3.352761E-08
199,1.676381E-08
199,8.381903E-09
199,4.190952E-09
199,2.095476E-09
199,1.047738E-09
199,5.238689E-10
199,2.619345E-10
199,1.309672E-10
199,6.548362E-11
199,3.274181E-11
199,1.63709E-11
199,8.185452E-12
199,4.092726E-12
199,2.046363E-12
199,1.023182E-12
199,5.115908E-13
199,2.557954E-13
199,1.278977E-13
199,6.394885E-14
199,3.197442E-14
199,1.598721E-14
199,7.993606E-15
199,3.996803E-15
199,1.998401E-15
199,9.992007E-16
199,4.996004E-16
199,2.498002E-16
199,1.249001E-16
199,6.245005E-17
199,3.122502E-17
199,1.561251E-17
199,7.806256E-18
199,3.903128E-18
199,1.951564E-18
199,9.75782E-19
199,4.87891E-19
199,2.439455E-19
199,1.219727E-19
199,6.098637E-20
199,3.049319E-20
199,1.524659E-20
199,7.623297E-21
199,3.811648E-21
199,1.905824E-21
199,9.529121E-22
199,4.76456E-22
199,2.38228E-22
199,1.19114E-22
199,5.9557E-23
199,2.97785E-23
199,1.488925E-23
199,7.444626E-24
199,3.722313E-24
199,1.861156E-24
199,9.305782E-25
199,4.652891E-25
199,2.326445E-25
199,1.163223E-25
199,5.816114E-26
199,2.908057E-26
199,1.454028E-26
199,7.270142E-27
199,3.635071E-27
199,1.817536E-27
199,9.087678E-28
199,4.543839E-28
199,2.271919E-28
199,1.13596E-28
199,5.679799E-29
199,2.839899E-29
199,1.41995E-29
199,7.099748E-30
199,3.549874E-30
199,1.774937E-30
199,8.874685E-31
199,4.437343E-31
199,2.218671E-31
199,1.109336E-31
199,5.546678E-32
199,2.773339E-32
199,1.38667E-32
199,6.933348E-33
199,3.466674E-33
199,1.733337E-33
199,8.666685E-34
199,4.333342E-34
199,2.166671E-34
199,1.083336E-34
199,5.416678E-35
199,2.708339E-35
199,1.354169E-35
199,6.770847E-36
199,3.385424E-36
199,1.692712E-36
199,8.463559E-37
199,4.23178E-37
199,2.11589E-37
199,1.057945E-37
199,5.289725E-38
199,2.644862E-38
199,1.322431E-38
199,6.612156E-39
199,3.306078E-39
199,1.653039E-39
199,8.265195E-40
199,4.132597E-40
199,2.066299E-40
199,1.033149E-40
199,5.165747E-41
199,2.582873E-41
199,1.291437E-41
199,6.457183E-42
199,3.228592E-42
199,1.614296E-42
199,8.071479E-43
199,4.03574E-43
199,2.01787E-43
199,1.008935E-43
199,5.044674E-44
199,2.522337E-44
199,1.261169E-44
199,5.605194E-45
199,2.802597E-45
199,1.401298E-45
199,0
199,0
199,0
199,0
199,0
199,0
199,0
199,0
199,0
199,0
199,0
199,0
199,0
199,0
199,0
199,0
199,0
199,0
199,0
199,0
199,0
199,0
199,0
199,0
199,0
199,0
199,0
199,0
199,0
199,0
199,0
199,0
199,0
199,0
199,0
199,0
199,0
199,0
199,0
199,0
199,0
199,0
199,0
199,0
199,0
199,0
199,0
199,0
199,0
199,0
199,0
199,0
199,0
199,0
199,0
199,0
199,0
199,0
199,0
199,0
199,0
199,0
199,0
199,0
199,0
199,0
199,0
199,0
199,0
199,0
199,0
199,0
199,0
199,0
199,0
199,0
199,0
199,0
199,0
199,0
199,0
199,0
199,0
199,0
199,0
199,0
199,0
199,0
199,0
199,0
199,0
199,0
199,0
199,0
199,0
199,0
199,0
199,0
199,0
199,0
199,0
199,0
199,0
199,0
199,0
199,0
199,0
199,0
199,0
199,0
199,0
199,0
204,2.5
204,1.25
204,0.625
204,0.3125
204,0.15625
204,0.078125
204,0.0390625
204,0.01953125
204,0.009765625
204,0.004882813
204,0.002441406
204,0.001220703
204,0.0006103516
204,0.0003051758
204,0.0001525879
204,7.629395E-05
204,3.814697E-05
204,1.907349E-05
204,9.536743E-06
204,4.768372E-06
204,2.384186E-06
204,1.192093E-06
204,5.960464E-07
204,2.980232E-07
204,1.490116E-07
204,7.450581E-08
204,3.72529E-08
204,1.862645E-08
204,9.313226E-09
204,4.656613E-09
204,2.328306E-09
204,1.164153E-09
204,5.820766E-10
204,2.910383E-10
204,1.455192E-10
204,7.275958E-11
204,3.637979E-11
204,1.818989E-11
204,9.094947E-12
204,4.547474E-12
204,2.273737E-12
204,1.136868E-12
204,5.684342E-13
204,2.842171E-13
204,1.421085E-13
204,7.105427E-14
204,3.552714E-14
204,1.776357E-14
204,8.881784E-15
204,4.440892E-15
204,2.220446E-15
204,1.110223E-15
204,5.551115E-16
204,2.775558E-16
204,1.387779E-16
204,6.938894E-17
204,3.469447E-17
204,1.734723E-17
204,8.673617E-18
204,4.336809E-18
204,2.168404E-18
204,1.084202E-18
204,5.421011E-19
204,2.710505E-19
204,1.355253E-19
204,6.776264E-20
204,3.388132E-20
204,1.694066E-20
204,8.470329E-21
204,4.235165E-21
204,2.117582E-21
204,1.058791E-21
204,5.293956E-22
204,2.646978E-22
204,1.323489E-22
204,6.617445E-23
204,3.308722E-23
204,1.654361E-23
204,8.271806E-24
204,4.135903E-24
204,2.067952E-24
204,1.033976E-24
204,5.169879E-25
204,2.584939E-25
204,1.29247E-25
204,6.462349E-26
204,3.231174E-26
204,1.615587E-26
204,8.077936E-27
204,4.038968E-27
204,2.019484E-27
204,1.009742E-27
204,5.04871E-28
204,2.524355E-28
204,1.262177E-28
204,6.310887E-29
204,3.155444E-29
204,1.577722E-29
204,7.888609E-30
204,3.944305E-30
204,1.972152E-30
204,9.860761E-31
204,4.930381E-31
204,2.46519E-31
204,1.232595E-31
204,6.162976E-32
204,3.081488E-32
204,1.540744E-32
204,7.70372E-33
204,3.85186E-33
204,1.92593E-33
204,9.62965E-34
204,4.814825E-34
204,2.407412E-34
204,1.203706E-34
204,6.018531E-35
204,3.009266E-35
204,1.504633E-35
204,7.523164E-36
204,3.761582E-36
204,1.880791E-36
204,9.403955E-37
204,4.701977E-37
204,2.350989E-37
204,1.175494E-37
204,5.877472E-38
204,2.938736E-38
204,1.469368E-38
204,7.34684E-39
204,3.67342E-39
204,1.83671E-39
204,9.18355E-40
204,4.591775E-40
204,2.295887E-40
204,1.147944E-40
204,5.739719E-41
204,2.869859E-41
204,1.43493E-41
204,7.174648E-42
204,3.587324E-42
204,1.793662E-42
204,8.96831E-43
204,4.484155E-43
204,2.242078E-43
204,1.121039E-43
204,5.605194E-44
204,2.802597E-44
204,1.401298E-44
204,7.006492E-45
204,2.802597E-45
204,1.401298E-45
204,0
204,0
204,0
204,0
204,0
204,0
204,0
204,0
204,0
204,0
204,0
204,0
204,0
204,0
204,0
204,0
204,0
204,0
204,0
204,0
204,0
204,0
204,0
204,0
204,0
204,0
204,0
204,0
204,0
204,0
204,0
204,0
204,0
204,0
204,0
204,0
204,0
204,0
204,0
204,0
204,0
204,0
204,0
204,0
204,0
204,0
204,0
204,0
204,0
204,0
204,0
204,0
204,0
204,0
204,0
204,0
204,0
204,0
204,0
204,0
204,0
204,0
204,0
204,0
204,0
204,0
204,0
204,0
204,0
204,0
204,0
204,0
204,0
204,0
204,0
204,0
204,0
204,0
204,0
204,0
204,0
204,0
204,0
204,0
204,0
204,0
204,0
204,0
204,0
204,0
204,0
204,0
204,0
204,0
204,0
204,0
204,0
204,0
204,0
204,0
204,0
204,0
204,0
204,0
204,0
204,0
204,0
204,0
204,0
204,0
204,0
204,0
204,0
204,0
204,0
204,0
204,0
204,0
204,0
204,0
204,0
204,0
204,0
204,0
204,0
204,0
204,0
204,0
204,0
204,0
204,0
204,0
204,0
204,0
204,0
204,0
204,0
204,0
204,0
204,0
204,0
204,0
204,0
204,0
204,0
204,0
204,0
204,0
204,0
204,0
204,0
204,0
204,0
204,0
204,0
204,0
204,0
204,0
204,0
204,0
204,0
204,0
204,0
204,0
204,0
204,0
204,0
204,0
204,0
204,0
204,0
204,0
204,0
204,0
204,0
204,0
204,0
204,0
204,0
204,0
204,0
204,0
204,0
204,0
204,0
204,0
204,0
204,0
204,0
204,0
204,0
204,0
204,0
204,0
204,0
204,0
204,0
204,0
204,0
204,0
204,0
204,0
204,0
204,0
204,0
204,0
204,0
204,0
204,0
204,0
204,0
204,0
204,0
204,0
204,0
204,0
204,0
204,0
204,0
204,0
204,0
204,0
204,0
204,0
204,0
204,0
204,0
204,0
204,0
204,0
204,0
204,0
204,0
204,0
204,0
204,0
204,0
204,0
204,0
204,0
204,0
204,0
204,0
204,0
204,0
204,0
204,0
204,0
204,0
204,0
204,0
204,0
204,0
204,0
204,0
204,0
204,0
204,0
204,0
204,0
204,0
204,0
204,0
204,0
204,0
204,0
204,0
204,0
204,0
204,0
204,0
204,0
204,0
204,0
204,0
204,0
204,0
204,0
204,0
204,0
204,0
204,0
204,0
204,0
204,0
204,0
204,0
204,0
204,0
204,0
204,0
204,0
204,0
204,0
204,0
204,0
204,0
204,0
204,0
204,0
204,0
204,0
204,0
204,0
204,0
204,0
204,0
204,0
204,0
204,0
204,0
204,0
204,0
204,0
204,0
204,0
204,0
204,0
204,0
204,0
204,0
204,0
204,0
204,0
204,0
204,0
204,0
204,0
204,0
204,0
204,0
204,0
204,0
204,0
204,0
204,0
204,0
204,0
204,0
204,0
204,0
204,0
204,0
204,0
204,0
204,0
204,0
204,0
204,0
204,0
204,0
204,0
204,0
204,0
204,0
204,0
204,0
204,0
204,0
204,0
204,0
204,0
204,0
204,0
204,0
204,0
204,0
204,0
204,0
204,0
204,0
204,0
204,0
204,0
204,0
204,0
204,0
204,0
204,0
204,0
204,0
204,0
204,0
204,0
204,0
204,0
204,0
204,0
204,0
204,0
204,0
204,0
204,0
204,0
204,0
204,0
204,0
204,0
204,0
204,0
204,0
204,0
204,0
204,0
204,0
204,0
204,0
204,0
204,0
204,0
204,0
204,0
204,0
204,0
204,0
204,0
204,0
204,0
204,0
204,0
204,0
204,0
204,0
204,0
204,0
204,0
204,0
204,0
204,0
204,0
204,0
204,0
204,0
204,0
204,0
204,0
204,0
204,0
204,0
204,0
204,0
204,0
204,0
204,0
204,0
204,0
204,0
204,0
204,0
204,0
204,0
204,0
204,0
204,0
204,0
204,0
204,0
204,0
220,8
220,4
220,2
220,1
220,0.5
220,0.25
220,0.125
220,0.0625
220,0.03125
220,0.015625
220,0.0078125
220,0.00390625
220,0.001953125
220,0.0009765625
220,0.0004882813
220,0.0002441406
220,0.0001220703
220,6.103516E-05
220,3.051758E-05
220,1.525879E-05
220,7.629395E-06
220,3.814697E-06
220,1.907349E-06
220,9.536743E-07
220,4.768372E-07
220,2.384186E-07
220,1.192093E-07
220,5.960464E-08
220,2.980232E-08
220,1.490116E-08
220,7.450581E-09
220,3.72529E-09
220,1.862645E-09
220,9.313226E-10
220,4.656613E-10
220,2.328306E-10
220,1.164153E-10
220,5.820766E-11
220,2.910383E-11
220,1.455192E-11
220,7.275958E-12
220,3.637979E-12
220,1.818989E-12
220,9.094947E-13
220,4.547474E-13
220,2.273737E-13
220,1.136868E-13
220,5.684342E-14
220,2.842171E-14
220,1.421085E-14
220,7.105427E-15
220,3.552714E-15
220,1.776357E-15
220,8.881784E-16
220,4.440892E-16
220,2.220446E-16
220,1.110223E-16
220,5.551115E-17
220,2.775558E-17
220,1.387779E-17
220,6.938894E-18
220,3.469447E-18
220,1.734723E-18
220,8.673617E-19
220,4.336809E-19
220,2.168404E-19
220,1.084202E-19
220,5.421011E-20
220,2.710505E-20
220,1.355253E-20
220,6.776264E-21
220,3.388132E-21
220,1.694066E-21
220,8.470329E-22
220,4.235165E-22
220,2.117582E-22
220,1.058791E-22
220,5.293956E-23
220,2.646978E-23
220,1.323489E-23
220,6.617445E-24
220,3.308722E-24
220,1.654361E-24
220,8.271806E-25
220,4.135903E-25
220,2.067952E-25
220,1.033976E-25
220,5.169879E-26
220,2.584939E-26
220,1.29247E-26
220,6.462349E-27
220,3.231174E-27
220,1.615587E-27
220,8.077936E-28
220,4.038968E-28
220,2.019484E-28
220,1.009742E-28
220,5.04871E-29
220,2.524355E-29
220,1.262177E-29
220,6.310887E-30
220,3.155444E-30
220,1.577722E-30
220,7.888609E-31
220,3.944305E-31
220,1.972152E-31
220,9.860761E-32
220,4.930381E-32
220,2.46519E-32
220,1.232595E-32
220,6.162976E-33
220,3.081488E-33
220,1.540744E-33
220,7.70372E-34
220,3.85186E-34
220,1.92593E-34
220,9.62965E-35
220,4.814825E-35
220,2.407412E-35
220,1.203706E-35
220,6.018531E-36
220,3.009266E-36
220,1.504633E-36
220,7.523164E-37
220,3.761582E-37
220,1.880791E-37
220,9.403955E-38
220,4.701977E-38
220,2.350989E-38
220,1.175494E-38
220,5.877472E-39
220,2.938736E-39
220,1.469368E-39
220,7.34684E-40
220,3.67342E-40
220,1.83671E-40
220,9.18355E-41
220,4.591775E-41
220,2.295887E-41
220,1.147944E-41
220,5.739719E-42
220,2.869859E-42
220,1.43493E-42
220,7.174648E-43
220,3.587324E-43
220,1.793662E-43
220,8.96831E-44
220,4.484155E-44
220,2.242078E-44
220,1.121039E-44
220,5.605194E-45
220,2.802597E-45
220,1.401298E-45
220,0
220,0
220,0
220,0
220,0
220,0
220,0
220,0
220,0
220,0
220,0
220,0
220,0
220,0
220,0
220,0
220,0
220,0
220,0
220,0
220,0
220,0
220,0
220,0
220,0
220,0
220,0
220,0
220,0
220,0
220,0
220,0
220,0
220,0
220,0
220,0
220,0
220,0
220,0
220,0
220,0
220,0
220,0
220,0
220,0
220,0
220,0
220,0
220,0
220,0
220,0
220,0
220,0
220,0
220,0
220,0
220,0
220,0
220,0
220,0
220,0
220,0
220,0
220,0
220,0
220,0
220,0
220,0
220,0
220,0
220,0
220,0
220,0
220,0
220,0
220,0
220,0
220,0
220,0
220,0
220,0
220,0
220,0
220,0
220,0
220,0
220,0
220,0
220,0
220,0
220,0
220,0
220,0
220,0
220,0
220,0
220,0
220,0
220,0
220,0
220,0
220,0
220,0
220,0
220,0
220,0
220,0
220,0
220,0
220,0
220,0
220,0
220,0
220,0
220,0
220,0
220,0
220,0
220,0
220,0
220,0
220,0
220,0
220,0
220,0
220,0
220,0
220,0
214,3
214,1.5
214,0.75
214,0.375
214,0.1875
214,0.09375
214,0.046875
214,0.0234375
214,0.01171875
214,0.005859375
214,0.002929688
214,0.001464844
214,0.0007324219
214,0.0003662109
214,0.0001831055
214,9.155273E-05
214,4.577637E-05
214,2.288818E-05
214,1.144409E-05
214,5.722046E-06
214,2.861023E-06
214,1.430511E-06
214,7.152557E-07
214,3.576279E-07
214,1.788139E-07
214,8.940697E-08
214,4.470348E-08
214,2.235174E-08
214,1.117587E-08
214,5.587935E-09
214,2.793968E-09
214,1.396984E-09
214,6.984919E-10
214,3.49246E-10
214,1.74623E-10
214,8.731149E-11
214,4.365575E-11
214,2.182787E-11
214,1.091394E-11
214,5.456968E-12
214,2.728484E-12
214,1.364242E-12
214,6.82121E-13
214,3.410605E-13
214,1.705303E-13
214,8.526513E-14
214,4.263256E-14
214,2.131628E-14
214,1.065814E-14
214,5.329071E-15
214,2.664535E-15
214,1.332268E-15
214,6.661338E-16
214,3.330669E-16
214,1.665335E-16
214,8.326673E-17
214,4.163336E-17
214,2.081668E-17
214,1.040834E-17
214,5.20417E-18
214,2.602085E-18
214,1.301043E-18
214,6.505213E-19
214,3.252607E-19
214,1.626303E-19
214,8.131516E-20
214,4.065758E-20
214,2.032879E-20
214,1.01644E-20
214,5.082198E-21
214,2.541099E-21
214,1.270549E-21
214,6.352747E-22
214,3.176374E-22
214,1.588187E-22
214,7.940934E-23
214,3.970467E-23
214,1.985233E-23
214,9.926167E-24
214,4.963084E-24
214,2.481542E-24
214,1.240771E-24
214,6.203855E-25
214,3.101927E-25
214,1.550964E-25
214,7.754818E-26
214,3.877409E-26
214,1.938705E-26
214,9.693523E-27
214,4.846761E-27
214,2.423381E-27
214,1.21169E-27
214,6.058452E-28
214,3.029226E-28
214,1.514613E-28
214,7.573065E-29
214,3.786532E-29
214,1.893266E-29
214,9.466331E-30
214,4.733165E-30
214,2.366583E-30
214,1.183291E-30
214,5.916457E-31
214,2.958228E-31
214,1.479114E-31
214,7.395571E-32
214,3.697785E-32
214,1.848893E-32
214,9.244464E-33
214,4.622232E-33
214,2.311116E-33
214,1.155558E-33
214,5.77779E-34
214,2.888895E-34
214,1.444447E-34
214,7.222237E-35
214,3.611119E-35
214,1.805559E-35
214,9.027797E-36
214,4.513898E-36
214,2.256949E-36
214,1.128475E-36
214,5.642373E-37
214,2.821186E-37
214,1.410593E-37
214,7.052966E-38
214,3.526483E-38
214,1.763242E-38
214,8.816208E-39
214,4.408104E-39
214,2.204052E-39
214,1.102026E-39
214,5.51013E-40
214,2.755065E-40
214,1.377532E-40
214,6.887662E-41
214,3.443831E-41
214,1.721916E-41
214,8.609578E-42
214,4.304789E-42
214,2.152394E-42
214,1.076197E-42
214,5.380986E-43
214,2.690493E-43
214,1.345247E-43
214,6.726233E-44
214,3.363116E-44
214,1.681558E-44
214,8.407791E-45
214,4.203895E-45
214,2.802597E-45
214,1.401298E-45
214,0
214,0
214,0
214,0
214,0
214,0
214,0
214,0
214,0
214,0
214,0
214,0
214,0
214,0
214,0
214,0
214,0
214,0
214,0
214,0
214,0
214,0
214,0
214,0
214,0
214,0
214,0
214,0
214,0
214,0
214,0
214,0
214,0
214,0
214,0
214,0
214,0
214,0
214,0
214,0
214,0
214,0
214,0
214,0
214,0
214,0
214,0
214,0
214,0
214,0
214,0
214,0
214,0
214,0
214,0
214,0
214,0
214,0
214,0
214,0
214,0
214,0
214,0
214,0
214,0
214,0
214,0
214,0
214,0
214,0
214,0
214,0
214,0
214,0
204,5
204,2.5
204,1.25
204,0.625
204,0.3125
204,0.15625
204,0.078125
204,0.0390625
204,0.01953125
204,0.009765625
204,0.004882813
204,0.002441406
204,0.001220703
204,0.0006103516
204,0.0003051758
204,0.0001525879
204,7.629395E-05
204,3.814697E-05
204,1.907349E-05
204,9.536743E-06
204,4.768372E-06
204,2.384186E-06
204,1.192093E-06
204,5.960464E-07
204,2.980232E-07
204,1.490116E-07
204,7.450581E-08
204,3.72529E-08
204,1.862645E-08
204,9.313226E-09
204,4.656613E-09
204,2.328306E-09
204,1.164153E-09
204,5.820766E-10
204,2.910383E-10
204,1.455192E-10
204,7.275958E-11
204,3.637979E-11
204,1.818989E-11
204,9.094947E-12
204,4.547474E-12
204,2.273737E-12
204,1.136868E-12
204,5.684342E-13
204,2.842171E-13
204,1.421085E-13
204,7.105427E-14
204,3.552714E-14
204,1.776357E-14
204,8.881784E-15
204,4.440892E-15
204,2.220446E-15
204,1.110223E-15
204,5.551115E-16
204,2.775558E-16
204,1.387779E-16
204,6.938894E-17
204,3.469447E-17
204,1.734723E-17
204,8.673617E-18
204,4.336809E-18
204,2.168404E-18
204,1.084202E-18
204,5.421011E-19
204,2.710505E-19
204,1.355253E-19
204,6.776264E-20
204,3.388132E-20
204,1.694066E-20
204,8.470329E-21
204,4.235165E-21
204,2.117582E-21
204,1.058791E-21
204,5.293956E-22
204,2.646978E-22
204,1.323489E-22
204,6.617445E-23
204,3.308722E-23
204,1.654361E-23
204,8.271806E-24
204,4.135903E-24
204,2.067952E-24
204,1.033976E-24
204,5.169879E-25
204,2.584939E-25
204,1.29247E-25
204,6.462349E-26
204,3.231174E-26
204,1.615587E-26
204,8.077936E-27
204,4.038968E-27
204,2.019484E-27
204,1.009742E-27
204,5.04871E-28
204,2.524355E-28
204,1.262177E-28
204,6.310887E-29
204,3.155444E-29
204,1.577722E-29
204,7.888609E-30
204,3.944305E-30
204,1.972152E-30
204,9.860761E-31
204,4.930381E-31
204,2.46519E-31
204,1.232595E-31
204,6.162976E-32
204,3.081488E-32
204,1.540744E-32
204,7.70372E-33
204,3.85186E-33
204,1.92593E-33
204,9.62965E-34
204,4.814825E-34
204,2.407412E-34
204,1.203706E-34
204,6.018531E-35
204,3.009266E-35
204,1.504633E-35
204,7.523164E-36
204,3.761582E-36
204,1.880791E-36
204,9.403955E-37
204,4.701977E-37
204,2.350989E-37
204,1.175494E-37
204,5.877472E-38
204,2.938736E-38
204,1.469368E-38
204,7.34684E-39
204,3.67342E-39
204,1.83671E-39
204,9.18355E-40
204,4.591775E-40
204,2.295887E-40
204,1.147944E-40
204,5.739719E-41
204,2.869859E-41
204,1.43493E-41
204,7.174648E-42
204,3.587324E-42
204,1.793662E-42
204,8.96831E-43
204,4.484155E-43
204,2.242078E-43
204,1.121039E-43
204,5.605194E-44
204,2.802597E-44
204,1.401298E-44
204,7.006492E-45
204,2.802597E-45
204,1.401298E-45
204,0
204,0
204,0
204,0
204,0
204,0
204,0
204,0
204,0
204,0
204,0
204,0
204,0
204,0
204,0
204,0
204,0
204,0
204,0
204,0
204,0
204,0
204,0
204,0
204,0
204,0
204,0
204,0
204,0
204,0
204,0
204,0
204,0
204,0
204,0
204,0
204,0
204,0
204,0
204,0
204,0
204,0
204,0
204,0
204,0
204,0
204,0
204,0
204,0
204,0
204,0
204,0
204,0
204,0
204,0
204,0
204,0
204,0
204,0
204,0
204,0
204,0
204,0
204,0
204,0
204,0
204,0
204,0
204,0
204,0
204,0
204,0
204,0
204,0
204,0
204,0
204,0
204,0
204,0
204,0
204,0
204,0
204,0
204,0
204,0
204,0
204,0
204,0
204,0
204,0
204,0
204,0
204,0
204,0
204,0
204,0
208,2
208,1
208,0.5
208,0.25
208,0.125
208,0.0625
208,0.03125
208,0.015625
208,0.0078125
208,0.00390625
208,0.001953125
208,0.0009765625
208,0.0004882813
208,0.0002441406
208,0.0001220703
208,6.103516E-05
208,3.051758E-05
208,1.525879E-05
208,7.629395E-06
208,3.814697E-06
208,1.907349E-06
208,9.536743E-07
208,4.768372E-07
208,2.384186E-07
208,1.192093E-07
208,5.960464E-08
208,2.980232E-08
208,1.490116E-08
208,7.450581E-09
208,3.72529E-09
208,1.862645E-09
208,9.313226E-10
208,4.656613E-10
208,2.328306E-10
208,1.164153E-10
208,5.820766E-11
208,2.910383E-11
208,1.455192E-11
208,7.275958E-12
208,3.637979E-12
208,1.818989E-12
208,9.094947E-13
208,4.547474E-13
208,2.273737E-13
208,1.136868E-13
208,5.684342E-14
208,2.842171E-14
208,1.421085E-14
208,7.105427E-15
208,3.552714E-15
208,1.776357E-15
208,8.881784E-16
208,4.440892E-16
208,2.220446E-16
208,1.110223E-16
208,5.551115E-17
208,2.775558E-17
208,1.387779E-17
208,6.938894E-18
208,3.469447E-18
208,1.734723E-18
208,8.673617E-19
208,4.336809E-19
208,2.168404E-19
208,1.084202E-19
208,5.421011E-20
208,2.710505E-20
208,1.355253E-20
208,6.776264E-21
208,3.388132E-21
208,1.694066E-21
208,8.470329E-22
208,4.235165E-22
208,2.117582E-22
208,1.058791E-22
208,5.293956E-23
208,2.646978E-23
208,1.323489E-23
208,6.617445E-24
208,3.308722E-24
208,1.654361E-24
208,8.271806E-25
208,4.135903E-25
208,2.067952E-25
208,1.033976E-25
208,5.169879E-26
208,2.584939E-26
208,1.29247E-26
208,6.462349E-27
208,3.231174E-27
208,1.615587E-27
208,8.077936E-28
208,4.038968E-28
208,2.019484E-28
208,1.009742E-28
208,5.04871E-29
208,2.524355E-29
208,1.262177E-29
208,6.310887E-30
208,3.155444E-30
208,1.577722E-30
208,7.888609E-31
208,3.944305E-31
208,1.972152E-31
208,9.860761E-32
208,4.930381E-32
208,2.46519E-32
208,1.232595E-32
208,6.162976E-33
208,3.081488E-33
208,1.540744E-33
208,7.70372E-34
208,3.85186E-34
208,1.92593E-34
208,9.62965E-35
208,4.814825E-35
208,2.407412E-35
208,1.203706E-35
208,6.018531E-36
208,3.009266E-36
208,1.504633E-36
208,7.523164E-37
208,3.761582E-37
208,1.880791E-37
208,9.403955E-38
208,4.701977E-38
208,2.350989E-38
208,1.175494E-38
208,5.877472E-39
208,2.938736E-39
208,1.469368E-39
208,7.34684E-40
208,3.67342E-40
208,1.83671E-40
208,9.18355E-41
208,4.591775E-41
208,2.295887E-41
208,1.147944E-41
208,5.739719E-42
208,2.869859E-42
208,1.43493E-42
208,7.174648E-43
208,3.587324E-43
208,1.793662E-43
208,8.96831E-44
208,4.484155E-44
208,2.242078E-44
208,1.121039E-44
208,5.605194E-45
208,2.802597E-45
208,1.401298E-45
208,0
208,0
208,0
208,0
208,0
208,0
208,0
208,0
208,0
208,0
208,0
208,0
208,0
208,0
208,0
208,0
208,0
208,0
208,0
208,0
208,0
208,0
208,0
208,0
208,0
208,0
208,0
208,0
208,0
208,0
208,0
208,0
208,0
208,0
208,0
208,0
208,0
208,0
208,0
208,0
208,0
208,0
208,0
208,0
208,0
208,0
208,0
208,0
208,0
208,0
208,0
208,0
208,0
208,0
208,0
208,0
208,0
208,0
208,0
208,0
208,0
208,0
208,0
208,0
208,0
208,0
208,0
208,0
208,0
208,0
208,0
208,0
208,0
208,0
208,0
208,0
208,0
208,0
208,0
208,0
208,0
208,0
208,0
208,0
208,0
208,0
208,0
208,0
208,0
208,0
208,0
208,0
208,0
208,0
208,0
208,0
208,0
208,0
208,0
208,0
208,0
208,0
208,0
208,0
208,0
208,0
208,0
208,0
208,0
208,0
208,0
208,0
208,0
208,0
208,0
208,0
208,0
208,0
208,0
208,0
208,0
199,4.5
199,2.25
199,1.125
199,0.5625
199,0.28125
199,0.140625
199,0.0703125
199,0.03515625
199,0.01757813
199,0.008789063
199,0.004394531
199,0.002197266
199,0.001098633
199,0.0005493164
199,0.0002746582
199,0.0001373291
199,6.866455E-05
199,3.433228E-05
199,1.716614E-05
199,8.583069E-06
199,4.291534E-06
199,2.145767E-06
199,1.072884E-06
199,5.364418E-07
199,2.682209E-07
199,1.341105E-07
199,6.705523E-08
199,3.352761E-08
199,1.676381E-08
199,8.381903E-09
199,4.190952E-09
199,2.095476E-09
199,1.047738E-09
199,5.238689E-10
199,2.619345E-10
199,1.309672E-10
199,6.548362E-11
199,3.274181E-11
199,1.63709E-11
199,8.185452E-12
199,4.092726E-12
199,2.046363E-12
199,1.023182E-12
199,5.115908E-13
199,2.557954E-13
199,1.278977E-13
199,6.394885E-14
199,3.197442E-14
199,1.598721E-14
199,7.993606E-15
199,3.996803E-15
199,1.998401E-15
199,9.992007E-16
199,4.996004E-16
199,2.498002E-16
199,1.249001E-16
199,6.245005E-17
199,3.122502E-17
199,1.561251E-17
199,7.806256E-18
199,3.903128E-18
199,1.951564E-18
199,9.75782E-19
199,4.87891E-19
199,2.439455E-19
199,1.219727E-19
199,6.098637E-20
199,3.049319E-20
199,1.524659E-20
199,7.623297E-21
199,3.811648E-21
199,1.905824E-21
199,9.529121E-22
199,4.76456E-22
199,2.38228E-22
199,1.19114E-22
199,5.9557E-23
199,2.97785E-23
199,1.488925E-23
199,7.444626E-24
199,3.722313E-24
199,1.861156E-24
199,9.305782E-25
199,4.652891E-25
199,2.326445E-25
199,1.163223E-25
199,5.816114E-26
199,2.908057E-26
199,1.454028E-26
199,7.270142E-27
199,3.635071E-27
199,1.817536E-27
199,9.087678E-28
199,4.543839E-28
199,2.271919E-28
199,1.13596E-28
199,5.679799E-29
199,2.839899E-29
199,1.41995E-29
199,7.099748E-30
199,3.549874E-30
199,1.774937E-30
199,8.874685E-31
199,4.437343E-31
199,2.218671E-31
199,1.109336E-31
199,5.546678E-32
199,2.773339E-32
199,1.38667E-32
199,6.933348E-33
199,3.466674E-33
199,1.733337E-33
199,8.666685E-34
199,4.333342E-34
199,2.166671E-34
199,1.083336E-34
199,5.416678E-35
199,2.708339E-35
199,1.354169E-35
199,6.770847E-36
199,3.385424E-36
199,1.692712E-36
199,8.463559E-37
199,4.23178E-37
199,2.11589E-37
199,1.057945E-37
199,5.289725E-38
199,2.644862E-38
199,1.322431E-38
199,6.612156E-39
199,3.306078E-39
199,1.653039E-39
199,8.265195E-40
199,4.132597E-40
199,2.066299E-40
199,1.033149E-40
199,5.165747E-41
199,2.582873E-41
199,1.291437E-41
199,6.457183E-42
199,3.228592E-42
199,1.614296E-42
199,8.071479E-43
199,4.03574E-43
199,2.01787E-43
199,1.008935E-43
199,5.044674E-44
199,2.522337E-44
199,1.261169E-44
199,5.605194E-45
199,2.802597E-45
199,1.401298E-45
199,0
199,0
199,0
199,0
199,0
199,0
199,0
199,0
199,0
199,0
199,0
199,0
199,0
199,0
199,0
199,0
199,0
199,0
199,0
199,0
199,0
199,0
199,0
199,0
199,0
199,0
199,0
199,0
199,0
199,0
199,0
199,0
199,0
199,0
199,0
199,0
199,0
199,0
199,0
199,0
199,0
199,0
199,0
199,0
199,0
199,0
199,0
199,0
199,0
199,0
199,0
199,0
199,0
199,0
199,0
199,0
199,0
199,0
199,0
199,0
199,0
199,0
199,0
199,0
199,0
199,0
199,0
199,0
199,0
199,0
199,0
199,0
199,0
199,0
199,0
199,0
199,0
199,0
199,0
199,0
199,0
199,0
199,0
199,0
199,0
199,0
199,0
199,0
199,0
199,0
199,0
199,0
199,0
199,0
199,0
199,0
199,0
199,0
199,0
199,0
199,0
199,0
199,0
199,0
199,0
199,0
199,0
199,0
199,0
199,0
199,0
199,0
199,0
199,0
199,0
199,0
199,0
199,0
199,0
199,0
199,0
199,0
199,0
199,0
199,0
199,0
199,0
199,0
199,0
199,0
199,0
199,0
199,0
199,0
199,0
199,0
199,0
199,0
199,0
199,0
199,0
199,0
199,0
199,0
199,0
199,0
199,0
199,0
211,6
211,3
211,1.5
211,0.75
211,0.375
211,0.1875
211,0.09375
211,0.046875
211,0.0234375
211,0.01171875
211,0.005859375
211,0.002929688
211,0.001464844
211,0.0007324219
211,0.0003662109
211,0.0001831055
211,9.155273E-05
211,4.577637E-05
211,2.288818E-05
211,1.144409E-05
211,5.722046E-06
211,2.861023E-06
211,1.430511E-06
211,7.152557E-07
211,3.576279E-07
211,1.788139E-07
211,8.940697E-08
211,4.470348E-08
211,2.235174E-08
211,1.117587E-08
211,5.587935E-09
211,2.793968E-09
211,1.396984E-09
211,6.984919E-10
211,3.49246E-10
211,1.74623E-10
211,8.731149E-11
211,4.365575E-11
211,2.182787E-11
211,1.091394E-11
211,5.456968E-12
211,2.728484E-12
211,1.364242E-12
211,6.82121E-13
211,3.410605E-13
211,1.705303E-13
211,8.526513E-14
211,4.263256E-14
211,2.131628E-14
211,1.065814E-14
211,5.329071E-15
211,2.664535E-15
211,1.332268E-15
211,6.661338E-16
211,3.330669E-16
211,1.665335E-16
211,8.326673E-17
211,4.163336E-17
211,2.081668E-17
211,1.040834E-17
211,5.20417E-18
211,2.602085E-18
211,1.301043E-18
211,6.505213E-19
211,3.252607E-19
211,1.626303E-19
211,8.131516E-20
211,4.065758E-20
211,2.032879E-20
211,1.01644E-20
211,5.082198E-21
211,2.541099E-21
211,1.270549E-21
211,6.352747E-22
211,3.176374E-22
211,1.588187E-22
211,7.940934E-23
211,3.970467E-23
211,1.985233E-23
211,9.926167E-24
211,4.963084E-24
211,2.481542E-24
211,1.240771E-24
211,6.203855E-25
211,3.101927E-25
211,1.550964E-25
211,7.754818E-26
211,3.877409E-26
211,1.938705E-26
211,9.693523E-27
211,4.846761E-27
211,2.423381E-27
211,1.21169E-27
211,6.058452E-28
211,3.029226E-28
211,1.514613E-28
211,7.573065E-29
211,3.786532E-29
211,1.893266E-29
211,9.466331E-30
211,4.733165E-30
211,2.366583E-30
211,1.183291E-30
211,5.916457E-31
211,2.958228E-31
211,1.479114E-31
211,7.395571E-32
211,3.697785E-32
211,1.848893E-32
211,9.244464E-33
211,4.622232E-33
211,2.311116E-33
211,1.155558E-33
211,5.77779E-34
211,2.888895E-34
211,1.444447E-34
211,7.222237E-35
211,3.611119E-35
211,1.805559E-35
211,9.027797E-36
211,4.513898E-36
211,2.256949E-36
211,1.128475E-36
211,5.642373E-37
211,2.821186E-37
211,1.410593E-37
211,7.052966E-38
211,3.526483E-38
211,1.763242E-38
211,8.816208E-39
211,4.408104E-39
211,2.204052E-39
211,1.102026E-39
211,5.51013E-40
211,2.755065E-40
211,1.377532E-40
211,6.887662E-41
211,3.443831E-41
211,1.721916E-41
211,8.609578E-42
211,4.304789E-42
211,2.152394E-42
211,1.076197E-42
211,5.380986E-43
211,2.690493E-43
211,1.345247E-43
211,6.726233E-44
211,3.363116E-44
211,1.681558E-44
211,8.407791E-45
211,4.203895E-45
211,2.802597E-45
211,1.401298E-45
211,0
211,0
211,0
211,0
211,0
211,0
211,0
211,0
211,0
211,0
211,0
211,0
211,0
211,0
211,0
211,0
211,0
211,0
211,0
211,0
211,0
211,0
211,0
211,0
211,0
211,0
211,0
211,0
211,0
211,0
211,0
211,0
211,0
211,0
211,0
211,0
211,0
211,0
211,0
211,0
211,0
211,0
211,0
211,0
211,0
211,0
211,0
211,0
211,0
211,0
211,0
211,0
211,0
211,0
211,0
211,0
211,0
211,0
211,0
211,0
211,0
211,0
211,0
211,0
211,0
211,0
211,0
211,0
211,0
211,0
211,0
211,0
211,0
206,2.5
206,1.25
206,0.625
206,0.3125
206,0.15625
206,0.078125
206,0.0390625
206,0.01953125
206,0.009765625
206,0.004882813
206,0.002441406
206,0.001220703
206,0.0006103516
206,0.0003051758
206,0.0001525879
206,7.629395E-05
206,3.814697E-05
206,1.907349E-05
206,9.536743E-06
206,4.768372E-06
206,2.384186E-06
206,1.192093E-06
206,5.960464E-07
206,2.980232E-07
206,1.490116E-07
206,7.450581E-08
206,3.72529E-08
206,1.862645E-08
206,9.313226E-09
206,4.656613E-09
206,2.328306E-09
206,1.164153E-09
206,5.820766E-10
206,2.910383E-10
206,1.455192E-10
206,7.275958E-11
206,3.637979E-11
206,1.818989E-11
206,9.094947E-12
206,4.547474E-12
206,2.273737E-12
206,1.136868E-12
206,5.684342E-13
206,2.842171E-13
206,1.421085E-13
206,7.105427E-14
206,3.552714E-14
206,1.776357E-14
206,8.881784E-15
206,4.440892E-15
206,2.220446E-15
206,1.110223E-15
206,5.551115E-16
206,2.775558E-16
206,1.387779E-16
206,6.938894E-17
206,3.469447E-17
206,1.734723E-17
206,8.673617E-18
206,4.336809E-18
206,2.168404E-18
206,1.084202E-18
206,5.421011E-19
206,2.710505E-19
206,1.355253E-19
206,6.776264E-20
206,3.388132E-20
206,1.694066E-20
206,8.470329E-21
206,4.235165E-21
206,2.117582E-21
206,1.058791E-21
206,5.293956E-22
206,2.646978E-22
206,1.323489E-22
206,6.617445E-23
206,3.308722E-23
206,1.654361E-23
206,8.271806E-24
206,4.135903E-24
206,2.067952E-24
206,1.033976E-24
206,5.169879E-25
206,2.584939E-25
206,1.29247E-25
206,6.462349E-26
206,3.231174E-26
206,1.615587E-26
206,8.077936E-27
206,4.038968E-27
206,2.019484E-27
206,1.009742E-27
206,5.04871E-28
206,2.524355E-28
206,1.262177E-28
206,6.310887E-29
206,3.155444E-29
206,1.577722E-29
206,7.888609E-30
206,3.944305E-30
206,1.972152E-30
206,9.860761E-31
206,4.930381E-31
206,2.46519E-31
206,1.232595E-31
206,6.162976E-32
206,3.081488E-32
206,1.540744E-32
206,7.70372E-33
206,3.85186E-33
206,1.92593E-33
206,9.62965E-34
206,4.814825E-34
206,2.407412E-34
206,1.203706E-34
206,6.018531E-35
206,3.009266E-35
206,1.504633E-35
206,7.523164E-36
206,3.761582E-36
206,1.880791E-36
206,9.403955E-37
206,4.701977E-37
206,2.350989E-37
206,1.175494E-37
206,5.877472E-38
206,2.938736E-38
206,1.469368E-38
206,7.34684E-39
206,3.67342E-39
206,1.83671E-39
206,9.18355E-40
206,4.591775E-40
206,2.295887E-40
206,1.147944E-40
206,5.739719E-41
206,2.869859E-41
206,1.43493E-41
206,7.174648E-42
206,3.587324E-42
206,1.793662E-42
206,8.96831E-43
206,4.484155E-43
206,2.242078E-43
206,1.121039E-43
206,5.605194E-44
206,2.802597E-44
206,1.401298E-44
206,7.006492E-45
206,2.802597E-45
206,1.401298E-45
206,0
206,0
206,0
206,0
206,0
206,0
206,0
206,0
206,0
206,0
206,0
206,0
206,0
206,0
206,0
206,0
206,0
206,0
206,0
206,0
206,0
206,0
206,0
206,0
206,0
206,0
206,0
206,0
206,0
206,0
206,0
206,0
206,0
206,0
206,0
206,0
206,0
206,0
206,0
206,0
206,0
206,0
206,0
206,0
206,0
206,0
206,0
206,0
206,0
206,0
206,0
206,0
206,0
206,0
206,0
206,0
206,0
206,0
206,0
206,0
206,0
206,0
206,0
206,0
206,0
206,0
206,0
206,0
206,0
206,0
206,0
206,0
206,0
206,0
206,0
206,0
206,0
206,0
206,0
206,0
206,0
206,0
206,0
206,0
206,0
206,0
206,0
206,0
206,0
206,0
206,0
206,0
206,0
206,0
206,0
206,0
206,0
206,0
206,0
206,0
206,0
206,0
206,0
206,0
206,0
206,0
206,0
206,0
206,0
216,5
216,2.5
216,1.25
216,0.625
216,0.3125
216,0.15625
216,0.078125
216,0.0390625
216,0.01953125
216,0.009765625
216,0.004882813
216,0.002441406
216,0.001220703
216,0.0006103516
216,0.0003051758
216,0.0001525879
216,7.629395E-05
216,3.814697E-05
216,1.907349E-05
216,9.536743E-06
216,4.768372E-06
216,2.384186E-06
216,1.192093E-06
216,5.960464E-07
216,2.980232E-07
216,1.490116E-07
216,7.450581E-08
216,3.72529E-08
216,1.862645E-08
216,9.313226E-09
216,4.656613E-09
216,2.328306E-09
216,1.164153E-09
216,5.820766E-10
216,2.910383E-10
216,1.455192E-10
216,7.275958E-11
216,3.637979E-11
216,1.818989E-11
216,9.094947E-12
216,4.547474E-12
216,2.273737E-12
216,1.136868E-12
216,5.684342E-13
216,2.842171E-13
216,1.421085E-13
216,7.105427E-14
216,3.552714E-14
216,1.776357E-14
216,8.881784E-15
216,4.440892E-15
216,2.220446E-15
216,1.110223E-15
216,5.551115E-16
216,2.775558E-16
216,1.387779E-16
216,6.938894E-17
216,3.469447E-17
216,1.734723E-17
216,8.673617E-18
216,4.336809E-18
216,2.168404E-18
216,1.084202E-18
216,5.421011E-19
216,2.710505E-19
216,1.355253E-19
216,6.776264E-20
216,3.388132E-20
216,1.694066E-20
216,8.470329E-21
216,4.235165E-21
216,2.117582E-21
216,1.058791E-21
216,5.293956E-22
216,2.646978E-22
216,1.323489E-22
216,6.617445E-23
216,3.308722E-23
216,1.654361E-23
216,8.271806E-24
216,4.135903E-24
216,2.067952E-24
216,1.033976E-24
216,5.169879E-25
216,2.584939E-25
216,1.29247E-25
216,6.462349E-26
216,3.231174E-26
216,1.615587E-26
216,8.077936E-27
216,4.038968E-27
216,2.019484E-27
216,1.009742E-27
216,5.04871E-28
216,2.524355E-28
216,1.262177E-28
216,6.310887E-29
216,3.155444E-29
216,1.577722E-29
216,7.888609E-30
216,3.944305E-30
216,1.972152E-30
216,9.860761E-31
216,4.930381E-31
216,2.46519E-31
216,1.232595E-31
216,6.162976E-32
216,3.081488E-32
216,1.540744E-32
216,7.70372E-33
216,3.85186E-33
216,1.92593E-33
216,9.62965E-34
216,4.814825E-34
216,2.407412E-34
216,1.203706E-34
216,6.018531E-35
216,3.009266E-35
216,1.504633E-35
216,7.523164E-36
216,3.761582E-36
216,1.880791E-36
216,9.403955E-37
216,4.701977E-37
216,2.350989E-37
216,1.175494E-37
216,5.877472E-38
216,2.938736E-38
216,1.469368E-38
216,7.34684E-39
216,3.67342E-39
216,1.83671E-39
216,9.18355E-40
216,4.591775E-40
216,2.295887E-40
216,1.147944E-40
216,5.739719E-41
216,2.869859E-41
216,1.43493E-41
216,7.174648E-42
216,3.587324E-42
216,1.793662E-42
216,8.96831E-43
216,4.484155E-43
216,2.242078E-43
216,1.121039E-43
216,5.605194E-44
216,2.802597E-44
216,1.401298E-44
216,7.006492E-45
216,2.802597E-45
216,1.401298E-45
216,0
216,0
216,0
216,0
216,0
216,0
216,0
216,0
216,0
216,0
216,0
216,0
216,0
216,0
216,0
216,0
216,0
216,0
216,0
216,0
216,0
216,0
216,0
216,0
216,0
216,0
216,0
216,0
216,0
216,0
216,0
216,0
216,0
216,0
216,0
216,0
216,0
216,0
216,0
216,0
216,0
216,0
216,0
216,0
216,0
216,0
216,0
216,0
216,0
216,0
216,0
216,0
216,0
216,0
216,0
216,0
216,0
216,0
216,0
216,0
216,0
216,0
216,0
216,0
216,0
216,0
216,0
216,0
216,0
216,0
216,0
216,0
216,0
216,0
216,0
216,0
216,0
216,0
216,0
216,0
216,0
216,0
216,0
216,0
216,0
216,0
216,0
216,0
216,0
216,0
216,0
216,0
216,0
216,0
216,0
216,0
216,0
216,0
216,0
216,0
216,0
216,0
216,0
216,0
216,0
216,0
216,0
216,0
216,0
216,0
216,0
216,0
216,0
216,0
216,0
216,0
216,0
216,0
216,0
216,0
216,0
216,0
216,0
216,0
216,0
216,0
216,0
216,0
216,0
216,0
216,0
216,0
216,0
216,0
216,0
216,0
216,0
216,0
216,0
216,0
216,0
216,0
216,0
216,0
216,0
216,0
216,0
216,0
216,0
216,0
216,0
216,0
216,0
216,0
216,0
216,0
216,0
216,0
216,0
216,0
216,0
216,0
216,0
216,0
216,0
216,0
216,0
216,0
216,0
216,0
216,0
216,0
216,0
216,0
216,0
216,0
216,0
216,0
216,0
216,0
216,0
216,0
216,0
216,0
216,0
216,0
216,0
216,0
216,0
216,0
216,0
216,0
216,0
216,0
216,0
216,0
216,0
216,0
216,0
216,0
216,0
216,0
216,0
216,0
216,0
216,0
216,0
216,0
216,0
216,0
216,0
216,0
216,0
216,0
216,0
216,0
216,0
216,0
216,0
216,0
216,0
216,0
216,0
216,0
216,0
216,0
216,0
216,0
216,0
216,0
216,0
216,0
216,0
216,0
216,0
216,0
216,0
216,0
216,0
216,0
216,0
216,0
216,0
216,0
216,0
216,0
216,0
216,0
216,0
216,0
216,0
216,0
216,0
216,0
216,0
216,0
216,0
216,0
216,0
216,0
216,0
216,0
216,0
216,0
216,0
216,0
216,0
216,0
216,0
216,0
216,0
216,0
216,0
216,0
216,0
216,0
216,0
216,0
216,0
216,0
216,0
216,0
216,0
216,0
216,0
216,0
216,0
216,0
216,0
216,0
216,0
216,0
216,0
216,0
216,0
216,0
216,0
216,0
216,0
216,0
216,0
216,0
216,0
216,0
205,5.5
205,2.75
205,1.375
205,0.6875
205,0.34375
205,0.171875
205,0.0859375
205,0.04296875
205,0.02148438
205,0.01074219
205,0.005371094
205,0.002685547
205,0.001342773
205,0.0006713867
205,0.0003356934
205,0.0001678467
205,8.392334E-05
205,4.196167E-05
205,2.098083E-05
205,1.049042E-05
205,5.245209E-06
205,2.622604E-06
205,1.311302E-06
205,6.556511E-07
205,3.278255E-07
205,1.639128E-07
205,8.195639E-08
205,4.097819E-08
205,2.04891E-08
205,1.024455E-08
205,5.122274E-09
205,2.561137E-09
205,1.280569E-09
205,6.402843E-10
205,3.201421E-10
205,1.600711E-10
205,8.003553E-11
205,4.001777E-11
205,2.000888E-11
205,1.000444E-11
205,5.002221E-12
205,2.50111E-12
205,1.250555E-12
205,6.252776E-13
205,3.126388E-13
205,1.563194E-13
205,7.81597E-14
205,3.907985E-14
205,1.953993E-14
205,9.769963E-15
205,4.884981E-15
205,2.442491E-15
205,1.221245E-15
205,6.106227E-16
205,3.053113E-16
205,1.526557E-16
205,7.632783E-17
205,3.816392E-17
205,1.908196E-17
205,9.540979E-18
205,4.77049E-18
205,2.385245E-18
205,1.192622E-18
205,5.963112E-19
205,2.981556E-19
205,1.490778E-19
205,7.45389E-20
205,3.726945E-20
205,1.863472E-20
205,9.317362E-21
205,4.658681E-21
205,2.329341E-21
205,1.16467E-21
205,5.823352E-22
205,2.911676E-22
205,1.455838E-22
205,7.279189E-23
205,3.639595E-23
205,1.819797E-23
205,9.098987E-24
205,4.549493E-24
205,2.274747E-24
205,1.137373E-24
205,5.686867E-25
205,2.843433E-25
205,1.421717E-25
205,7.108583E-26
205,3.554292E-26
205,1.777146E-26
205,8.885729E-27
205,4.442865E-27
205,2.221432E-27
205,1.110716E-27
205,5.553581E-28
205,2.77679E-28
205,1.388395E-28
205,6.941976E-29
205,3.470988E-29
205,1.735494E-29
205,8.67747E-30
205,4.338735E-30
205,2.169367E-30
205,1.084684E-30
205,5.423419E-31
205,2.711709E-31
205,1.355855E-31
205,6.779273E-32
205,3.389637E-32
205,1.694818E-32
205,8.474092E-33
205,4.237046E-33
205,2.118523E-33
205,1.059261E-33
205,5.296307E-34
205,2.648154E-34
205,1.324077E-34
205,6.620384E-35
205,3.310192E-35
205,1.655096E-35
205,8.27548E-36
205,4.13774E-36
205,2.06887E-36
205,1.034435E-36
205,5.172175E-37
205,2.586088E-37
205,1.293044E-37
205,6.465219E-38
205,3.232609E-38
205,1.616305E-38
205,8.081524E-39
205,4.040762E-39
205,2.020381E-39
205,1.01019E-39
205,5.050952E-40
205,2.525476E-40
205,1.262738E-40
205,6.31369E-41
205,3.156845E-41
205,1.578423E-41
205,7.892113E-42
205,3.946056E-42
205,1.973028E-42
205,9.865141E-43
205,4.932571E-43
205,2.466285E-43
205,1.233143E-43
205,6.165713E-44
205,3.082857E-44
205,1.541428E-44
205,8.407791E-45
205,4.203895E-45
205,2.802597E-45
205,1.401298E-45
205,0
205,0
205,0
205,0
205,0
205,0
205,0
205,0
205,0
205,0
205,0
205,0
205,0
205,0
205,0
205,0
205,0
205,0
205,0
205,0
205,0
205,0
205,0
205,0
205,0
205,0
205,0
205,0
205,0
205,0
205,0
205,0
205,0
205,0
205,0
205,0
205,0
205,0
205,0
205,0
205,0
205,0
205,0
205,0
205,0
205,0
205,0
205,0
205,0
205,0
205,0
205,0
205,0
205,0
205,0
205,0
205,0
205,0
205,0
205,0
205,0
205,0
205,0
205,0
205,0
205,0
205,0
205,0
205,0
205,0
205,0
205,0
205,0
205,0
205,0
205,0
205,0
205,0
205,0
209,2
209,1
209,0.5
209,0.25
209,0.125
209,0.0625
209,0.03125
209,0.015625
209,0.0078125
209,0.00390625
209,0.001953125
209,0.0009765625
209,0.0004882813
209,0.0002441406
209,0.0001220703
209,6.103516E-05
209,3.051758E-05
209,1.525879E-05
209,7.629395E-06
209,3.814697E-06
209,1.907349E-06
209,9.536743E-07
209,4.768372E-07
209,2.384186E-07
209,1.192093E-07
209,5.960464E-08
209,2.980232E-08
209,1.490116E-08
209,7.450581E-09
209,3.72529E-09
209,1.862645E-09
209,9.313226E-10
209,4.656613E-10
209,2.328306E-10
209,1.164153E-10
209,5.820766E-11
209,2.910383E-11
209,1.455192E-11
209,7.275958E-12
209,3.637979E-12
209,1.818989E-12
209,9.094947E-13
209,4.547474E-13
209,2.273737E-13
209,1.136868E-13
209,5.684342E-14
209,2.842171E-14
209,1.421085E-14
209,7.105427E-15
209,3.552714E-15
209,1.776357E-15
209,8.881784E-16
209,4.440892E-16
209,2.220446E-16
209,1.110223E-16
209,5.551115E-17
209,2.775558E-17
209,1.387779E-17
209,6.938894E-18
209,3.469447E-18
209,1.734723E-18
209,8.673617E-19
209,4.336809E-19
209,2.168404E-19
209,1.084202E-19
209,5.421011E-20
209,2.710505E-20
209,1.355253E-20
209,6.776264E-21
209,3.388132E-21
209,1.694066E-21
209,8.470329E-22
209,4.235165E-22
209,2.117582E-22
209,1.058791E-22
209,5.293956E-23
209,2.646978E-23
209,1.323489E-23
209,6.617445E-24
209,3.308722E-24
209,1.654361E-24
209,8.271806E-25
209,4.135903E-25
209,2.067952E-25
209,1.033976E-25
209,5.169879E-26
209,2.584939E-26
209,1.29247E-26
209,6.462349E-27
209,3.231174E-27
209,1.615587E-27
209,8.077936E-28
209,4.038968E-28
209,2.019484E-28
209,1.009742E-28
209,5.04871E-29
209,2.524355E-29
209,1.262177E-29
209,6.310887E-30
209,3.155444E-30
209,1.577722E-30
209,7.888609E-31
209,3.944305E-31
209,1.972152E-31
209,9.860761E-32
209,4.930381E-32
209,2.46519E-32
209,1.232595E-32
209,6.162976E-33
209,3.081488E-33
209,1.540744E-33
209,7.70372E-34
209,3.85186E-34
209,1.92593E-34
209,9.62965E-35
209,4.814825E-35
209,2.407412E-35
209,1.203706E-35
209,6.018531E-36
209,3.009266E-36
209,1.504633E-36
209,7.523164E-37
209,3.761582E-37
209,1.880791E-37
209,9.403955E-38
209,4.701977E-38
209,2.350989E-38
209,1.175494E-38
209,5.877472E-39
209,2.938736E-39
209,1.469368E-39
209,7.34684E-40
209,3.67342E-40
209,1.83671E-40
209,9.18355E-41
209,4.591775E-41
209,2.295887E-41
209,1.147944E-41
209,5.739719E-42
209,2.869859E-42
209,1.43493E-42
209,7.174648E-43
209,3.587324E-43
209,1.793662E-43
209,8.96831E-44
209,4.484155E-44
209,2.242078E-44
209,1.121039E-44
209,5.605194E-45
209,2.802597E-45
209,1.401298E-45
209,0
209,0
209,0
209,0
209,0
209,0
209,0
209,0
209,0
209,0
209,0
209,0
209,0
209,0
209,0
209,0
209,0
209,0
209,0
209,0
209,0
209,0
209,0
209,0
209,0
209,0
209,0
209,0
209,0
209,0
209,0
209,0
209,0
209,0
209,0
209,0
209,0
209,0
209,0
209,0
209,0
209,0
209,0
209,0
209,0
209,0
209,0
209,0
209,0
209,0
209,0
209,0
209,0
209,0
209,0
209,0
209,0
209,0
209,0
209,0
209,0
209,0
209,0
209,0
209,0
209,0
209,0
209,0
209,0
209,0
209,0
209,0
209,0
209,0
209,0
209,0
209,0
209,0
209,0
209,0
209,0
209,0
209,0
209,0
209,0
209,0
209,0
209,0
209,0
209,0
209,0
209,0
209,0
209,0
209,0
209,0
209,0
209,0
209,0
209,0
209,0
209,0
209,0
209,0
209,0
209,0
209,0
209,0
209,0
209,0
209,0
209,0
209,0
209,0
209,0
209,0
209,0
209,0
209,0
209,0
209,0
209,0
209,0
209,0
209,0
209,0
209,0
209,0
209,0
209,0
209,0
209,0
209,0
209,0
206,1.5
206,0.75
206,0.375
206,0.1875
206,0.09375
206,0.046875
206,0.0234375
206,0.01171875
206,0.005859375
206,0.002929688
206,0.001464844
206,0.0007324219
206,0.0003662109
206,0.0001831055
206,9.155273E-05
206,4.577637E-05
206,2.288818E-05
206,1.144409E-05
206,5.722046E-06
206,2.861023E-06
206,1.430511E-06
206,7.152557E-07
206,3.576279E-07
206,1.788139E-07
206,8.940697E-08
206,4.470348E-08
206,2.235174E-08
206,1.117587E-08
206,5.587935E-09
206,2.793968E-09
206,1.396984E-09
206,6.984919E-10
206,3.49246E-10
206,1.74623E-10
206,8.731149E-11
206,4.365575E-11
206,2.182787E-11
206,1.091394E-11
206,5.456968E-12
206,2.728484E-12
206,1.364242E-12
206,6.82121E-13
206,3.410605E-13
206,1.705303E-13
206,8.526513E-14
206,4.263256E-14
206,2.131628E-14
206,1.065814E-14
206,5.329071E-15
206,2.664535E-15
206,1.332268E-15
206,6.661338E-16
206,3.330669E-16
206,1.665335E-16
206,8.326673E-17
206,4.163336E-17
206,2.081668E-17
206,1.040834E-17
206,5.20417E-18
206,2.602085E-18
206,1.301043E-18
206,6.505213E-19
206,3.252607E-19
206,1.626303E-19
206,8.131516E-20
206,4.065758E-20
206,2.032879E-20
206,1.01644E-20
206,5.082198E-21
206,2.541099E-21
206,1.270549E-21
206,6.352747E-22
206,3.176374E-22
206,1.588187E-22
206,7.940934E-23
206,3.970467E-23
206,1.985233E-23
206,9.926167E-24
206,4.963084E-24
206,2.481542E-24
206,1.240771E-24
206,6.203855E-25
206,3.101927E-25
206,1.550964E-25
206,7.754818E-26
206,3.877409E-26
206,1.938705E-26
206,9.693523E-27
206,4.846761E-27
206,2.423381E-27
206,1.21169E-27
206,6.058452E-28
206,3.029226E-28
206,1.514613E-28
206,7.573065E-29
206,3.786532E-29
206,1.893266E-29
206,9.466331E-30
206,4.733165E-30
206,2.366583E-30
206,1.183291E-30
206,5.916457E-31
206,2.958228E-31
206,1.479114E-31
206,7.395571E-32
206,3.697785E-32
206,1.848893E-32
206,9.244464E-33
206,4.622232E-33
206,2.311116E-33
206,1.155558E-33
206,5.77779E-34
206,2.888895E-34
206,1.444447E-34
206,7.222237E-35
206,3.611119E-35
206,1.805559E-35
206,9.027797E-36
206,4.513898E-36
206,2.256949E-36
206,1.128475E-36
206,5.642373E-37
206,2.821186E-37
206,1.410593E-37
206,7.052966E-38
206,3.526483E-38
206,1.763242E-38
206,8.816208E-39
206,4.408104E-39
206,2.204052E-39
206,1.102026E-39
206,5.51013E-40
206,2.755065E-40
206,1.377532E-40
206,6.887662E-41
206,3.443831E-41
206,1.721916E-41
206,8.609578E-42
206,4.304789E-42
206,2.152394E-42
206,1.076197E-42
206,5.380986E-43
206,2.690493E-43
206,1.345247E-43
206,6.726233E-44
206,3.363116E-44
206,1.681558E-44
206,8.407791E-45
206,4.203895E-45
206,2.802597E-45
206,1.401298E-45
206,0
206,0
206,0
206,0
206,0
206,0
206,0
206,0
206,0
206,0
206,0
206,0
206,0
206,0
206,0
206,0
206,0
206,0
206,0
206,0
206,0
206,0
206,0
206,0
206,0
206,0
206,0
206,0
206,0
206,0
206,0
206,0
206,0
206,0
206,0
206,0
206,0
206,0
206,0
206,0
206,0
206,0
206,0
206,0
206,0
206,0
206,0
206,0
206,0
206,0
206,0
206,0
206,0
206,0
206,0
206,0
206,0
206,0
206,0
206,0
206,0
206,0
206,0
206,0
206,0
206,0
206,0
206,0
206,0
206,0
206,0
206,0
206,0
206,0
206,0
206,0
206,0
206,0
206,0
206,0
206,0
206,0
206,0
206,0
206,0
206,0
206,0
206,0
206,0
206,0
206,0
206,0
206,0
206,0
206,0
206,0
206,0
206,0
206,0
206,0
206,0
206,0
206,0
206,0
206,0
206,0
206,0
206,0
206,0
206,0
206,0
206,0
206,0
206,0
206,0
206,0
206,0
206,0
206,0
206,0
206,0
206,0
206,0
206,0
206,0
206,0
206,0
206,0
206,0
206,0
206,0
206,0
206,0
206,0
206,0
206,0
206,0
206,0
206,0
206,0
206,0
206,0
206,0
206,0
206,0
206,0
206,0
206,0
206,0
206,0
206,0
206,0
206,0
206,0
206,0
206,0
215,4.5
215,2.25
215,1.125
215,0.5625
215,0.28125
215,0.140625
215,0.0703125
215,0.03515625
215,0.01757813
215,0.008789063
215,0.004394531
215,0.002197266
215,0.001098633
215,0.0005493164
215,0.0002746582
215,0.0001373291
215,6.866455E-05
215,3.433228E-05
215,1.716614E-05
215,8.583069E-06
215,4.291534E-06
215,2.145767E-06
215,1.072884E-06
215,5.364418E-07
215,2.682209E-07
215,1.341105E-07
215,6.705523E-08
215,3.352761E-08
215,1.676381E-08
215,8.381903E-09
215,4.190952E-09
215,2.095476E-09
215,1.047738E-09
215,5.238689E-10
215,2.619345E-10
215,1.309672E-10
215,6.548362E-11
215,3.274181E-11
215,1.63709E-11
215,8.185452E-12
215,4.092726E-12
215,2.046363E-12
215,1.023182E-12
215,5.115908E-13
215,2.557954E-13
215,1.278977E-13
215,6.394885E-14
215,3.197442E-14
215,1.598721E-14
215,7.993606E-15
215,3.996803E-15
215,1.998401E-15
215,9.992007E-16
215,4.996004E-16
215,2.498002E-16
215,1.249001E-16
215,6.245005E-17
215,3.122502E-17
215,1.561251E-17
215,7.806256E-18
215,3.903128E-18
215,1.951564E-18
215,9.75782E-19
215,4.87891E-19
215,2.439455E-19
215,1.219727E-19
215,6.098637E-20
215,3.049319E-20
215,1.524659E-20
215,7.623297E-21
215,3.811648E-21
215,1.905824E-21
215,9.529121E-22
215,4.76456E-22
215,2.38228E-22
215,1.19114E-22
215,5.9557E-23
215,2.97785E-23
215,1.488925E-23
215,7.444626E-24
215,3.722313E-24
215,1.861156E-24
215,9.305782E-25
215,4.652891E-25
215,2.326445E-25
215,1.163223E-25
215,5.816114E-26
215,2.908057E-26
215,1.454028E-26
215,7.270142E-27
215,3.635071E-27
215,1.817536E-27
215,9.087678E-28
215,4.543839E-28
215,2.271919E-28
215,1.13596E-28
215,5.679799E-29
215,2.839899E-29
215,1.41995E-29
215,7.099748E-30
215,3.549874E-30
215,1.774937E-30
215,8.874685E-31
215,4.437343E-31
215,2.218671E-31
215,1.109336E-31
215,5.546678E-32
215,2.773339E-32
215,1.38667E-32
215,6.933348E-33
215,3.466674E-33
215,1.733337E-33
215,8.666685E-34
215,4.333342E-34
215,2.166671E-34
215,1.083336E-34
215,5.416678E-35
215,2.708339E-35
215,1.354169E-35
215,6.770847E-36
215,3.385424E-36
215,1.692712E-36
215,8.463559E-37
215,4.23178E-37
215,2.11589E-37
215,1.057945E-37
215,5.289725E-38
215,2.644862E-38
215,1.322431E-38
215,6.612156E-39
215,3.306078E-39
215,1.653039E-39
215,8.265195E-40
215,4.132597E-40
215,2.066299E-40
215,1.033149E-40
215,5.165747E-41
215,2.582873E-41
215,1.291437E-41
215,6.457183E-42
215,3.228592E-42
215,1.614296E-42
215,8.071479E-43
215,4.03574E-43
215,2.01787E-43
215,1.008935E-43
215,5.044674E-44
215,2.522337E-44
215,1.261169E-44
215,5.605194E-45
215,2.802597E-45
215,1.401298E-45
215,0
215,0
215,0
215,0
215,0
215,0
215,0
215,0
215,0
215,0
215,0
215,0
215,0
215,0
215,0
215,0
215,0
215,0
215,0
215,0
215,0
215,0
215,0
215,0
215,0
215,0
215,0
215,0
215,0
215,0
215,0
215,0
215,0
215,0
215,0
215,0
215,0
215,0
215,0
215,0
215,0
215,0
215,0
215,0
215,0
215,0
215,0
215,0
215,0
215,0
215,0
215,0
215,0
215,0
215,0
215,0
215,0
215,0
215,0
215,0
215,0
215,0
215,0
215,0
215,0
215,0
215,0
215,0
215,0
215,0
215,0
215,0
215,0
215,0
215,0
215,0
215,0
215,0
215,0
215,0
215,0
215,0
215,0
215,0
215,0
215,0
215,0
209,3
209,1.5
209,0.75
209,0.375
209,0.1875
209,0.09375
209,0.046875
209,0.0234375
209,0.01171875
209,0.005859375
209,0.002929688
209,0.001464844
209,0.0007324219
209,0.0003662109
209,0.0001831055
209,9.155273E-05
209,4.577637E-05
209,2.288818E-05
209,1.144409E-05
209,5.722046E-06
209,2.861023E-06
209,1.430511E-06
209,7.152557E-07
209,3.576279E-07
209,1.788139E-07
209,8.940697E-08
209,4.470348E-08
209,2.235174E-08
209,1.117587E-08
209,5.587935E-09
209,2.793968E-09
209,1.396984E-09
209,6.984919E-10
209,3.49246E-10
209,1.74623E-10
209,8.731149E-11
209,4.365575E-11
209,2.182787E-11
209,1.091394E-11
209,5.456968E-12
209,2.728484E-12
209,1.364242E-12
209,6.82121E-13
209,3.410605E-13
209,1.705303E-13
209,8.526513E-14
209,4.263256E-14
209,2.131628E-14
209,1.065814E-14
209,5.329071E-15
209,2.664535E-15
209,1.332268E-15
209,6.661338E-16
209,3.330669E-16
209,1.665335E-16
209,8.326673E-17
209,4.163336E-17
209,2.081668E-17
209,1.040834E-17
209,5.20417E-18
209,2.602085E-18
209,1.301043E-18
209,6.505213E-19
209,3.252607E-19
209,1.626303E-19
209,8.131516E-20
209,4.065758E-20
209,2.032879E-20
209,1.01644E-20
209,5.082198E-21
209,2.541099E-21
209,1.270549E-21
209,6.352747E-22
209,3.176374E-22
209,1.588187E-22
209,7.940934E-23
209,3.970467E-23
209,1.985233E-23
209,9.926167E-24
209,4.963084E-24
209,2.481542E-24
209,1.240771E-24
209,6.203855E-25
209,3.101927E-25
209,1.550964E-25
209,7.754818E-26
209,3.877409E-26
209,1.938705E-26
209,9.693523E-27
209,4.846761E-27
209,2.423381E-27
209,1.21169E-27
209,6.058452E-28
209,3.029226E-28
209,1.514613E-28
209,7.573065E-29
209,3.786532E-29
209,1.893266E-29
209,9.466331E-30
209,4.733165E-30
209,2.366583E-30
209,1.183291E-30
209,5.916457E-31
209,2.958228E-31
209,1.479114E-31
209,7.395571E-32
209,3.697785E-32
209,1.848893E-32
209,9.244464E-33
209,4.622232E-33
209,2.311116E-33
209,1.155558E-33
209,5.77779E-34
209,2.888895E-34
209,1.444447E-34
209,7.222237E-35
209,3.611119E-35
209,1.805559E-35
209,9.027797E-36
209,4.513898E-36
209,2.256949E-36
209,1.128475E-36
209,5.642373E-37
209,2.821186E-37
209,1.410593E-37
209,7.052966E-38
209,3.526483E-38
209,1.763242E-38
209,8.816208E-39
209,4.408104E-39
209,2.204052E-39
209,1.102026E-39
209,5.51013E-40
209,2.755065E-40
209,1.377532E-40
209,6.887662E-41
209,3.443831E-41
209,1.721916E-41
209,8.609578E-42
209,4.304789E-42
209,2.152394E-42
209,1.076197E-42
209,5.380986E-43
209,2.690493E-43
209,1.345247E-43
209,6.726233E-44
209,3.363116E-44
209,1.681558E-44
209,8.407791E-45
209,4.203895E-45
209,2.802597E-45
209,1.401298E-45
209,0
209,0
209,0
209,0
209,0
209,0
209,0
209,0
209,0
209,0
209,0
209,0
209,0
209,0
209,0
209,0
209,0
209,0
209,0
209,0
209,0
209,0
209,0
209,0
209,0
209,0
209,0
209,0
209,0
209,0
209,0
209,0
209,0
209,0
209,0
209,0
209,0
209,0
209,0
209,0
209,0
209,0
209,0
209,0
209,0
209,0
209,0
209,0
209,0
209,0
209,0
209,0
209,0
209,0
209,0
209,0
209,0
209,0
209,0
209,0
209,0
209,0
209,0
209,0
209,0
209,0
209,0
209,0
209,0
209,0
209,0
209,0
209,0
209,0
209,0
209,0
209,0
209,0
209,0
209,0
209,0
209,0
209,0
209,0
209,0
209,0
200,4.5
200,2.25
200,1.125
200,0.5625
200,0.28125
200,0.140625
200,0.0703125
200,0.03515625
200,0.01757813
200,0.008789063
200,0.004394531
200,0.002197266
200,0.001098633
200,0.0005493164
200,0.0002746582
200,0.0001373291
200,6.866455E-05
200,3.433228E-05
200,1.716614E-05
200,8.583069E-06
200,4.291534E-06
200,2.145767E-06
200,1.072884E-06
200,5.364418E-07
200,2.682209E-07
200,1.341105E-07
200,6.705523E-08
200,3.352761E-08
200,1.676381E-08
200,8.381903E-09
200,4.190952E-09
200,2.095476E-09
200,1.047738E-09
200,5.238689E-10
200,2.619345E-10
200,1.309672E-10
200,6.548362E-11
200,3.274181E-11
200,1.63709E-11
200,8.185452E-12
200,4.092726E-12
200,2.046363E-12
200,1.023182E-12
200,5.115908E-13
200,2.557954E-13
200,1.278977E-13
200,6.394885E-14
200,3.197442E-14
200,1.598721E-14
200,7.993606E-15
200,3.996803E-15
200,1.998401E-15
200,9.992007E-16
200,4.996004E-16
200,2.498002E-16
200,1.249001E-16
200,6.245005E-17
200,3.122502E-17
200,1.561251E-17
200,7.806256E-18
200,3.903128E-18
200,1.951564E-18
200,9.75782E-19
200,4.87891E-19
200,2.439455E-19
200,1.219727E-19
200,6.098637E-20
200,3.049319E-20
200,1.524659E-20
200,7.623297E-21
200,3.811648E-21
200,1.905824E-21
200,9.529121E-22
200,4.76456E-22
200,2.38228E-22
200,1.19114E-22
200,5.9557E-23
200,2.97785E-23
200,1.488925E-23
200,7.444626E-24
200,3.722313E-24
200,1.861156E-24
200,9.305782E-25
200,4.652891E-25
200,2.326445E-25
200,1.163223E-25
200,5.816114E-26
200,2.908057E-26
200,1.454028E-26
200,7.270142E-27
200,3.635071E-27
200,1.817536E-27
200,9.087678E-28
200,4.543839E-28
200,2.271919E-28
200,1.13596E-28
200,5.679799E-29
200,2.839899E-29
200,1.41995E-29
200,7.099748E-30
200,3.549874E-30
200,1.774937E-30
200,8.874685E-31
200,4.437343E-31
200,2.218671E-31
200,1.109336E-31
200,5.546678E-32
200,2.773339E-32
200,1.38667E-32
200,6.933348E-33
200,3.466674E-33
200,1.733337E-33
200,8.666685E-34
200,4.333342E-34
200,2.166671E-34
200,1.083336E-34
200,5.416678E-35
200,2.708339E-35
200,1.354169E-35
200,6.770847E-36
200,3.385424E-36
200,1.692712E-36
200,8.463559E-37
200,4.23178E-37
200,2.11589E-37
200,1.057945E-37
200,5.289725E-38
200,2.644862E-38
200,1.322431E-38
200,6.612156E-39
200,3.306078E-39
200,1.653039E-39
200,8.265195E-40
200,4.132597E-40
200,2.066299E-40
200,1.033149E-40
200,5.165747E-41
200,2.582873E-41
200,1.291437E-41
200,6.457183E-42
200,3.228592E-42
200,1.614296E-42
200,8.071479E-43
200,4.03574E-43
200,2.01787E-43
200,1.008935E-43
200,5.044674E-44
200,2.522337E-44
200,1.261169E-44
200,5.605194E-45
200,2.802597E-45
200,1.401298E-45
200,0
200,0
200,0
200,0
200,0
200,0
200,0
200,0
200,0
200,0
200,0
200,0
200,0
200,0
200,0
200,0
200,0
200,0
200,0
200,0
200,0
200,0
200,0
200,0
200,0
200,0
200,0
200,0
200,0
200,0
200,0
200,0
200,0
200,0
200,0
200,0
200,0
200,0
200,0
200,0
200,0
200,0
200,0
200,0
200,0
200,0
200,0
200,0
200,0
200,0
200,0
200,0
200,0
200,0
200,0
200,0
200,0
200,0
200,0
200,0
200,0
200,0
200,0
200,0
200,0
200,0
200,0
200,0
200,0
200,0
200,0
200,0
200,0
200,0
200,0
200,0
200,0
200,0
200,0
200,0
200,0
200,0
200,0
200,0
200,0
200,0
200,0
200,0
200,0
200,0
200,0
200,0
200,0
200,0
200,0
200,0
200,0
200,0
200,0
200,0
200,0
200,0
200,0
200,0
200,0
200,0
200,0
200,0
200,0
200,0
200,0
200,0
200,0
200,0
200,0
200,0
200,0
200,0
200,0
200,0
200,0
200,0
200,0
200,0
200,0
200,0
200,0
200,0
200,0
200,0
200,0
200,0
200,0
200,0
200,0
200,0
200,0
200,0
200,0
200,0
200,0
200,0
200,0
200,0
200,0
200,0
200,0
200,0
200,0
200,0
200,0
200,0
200,0
200,0
200,0
200,0
200,0
205,2.5
205,1.25
205,0.625
205,0.3125
205,0.15625
205,0.078125
205,0.0390625
205,0.01953125
205,0.009765625
205,0.004882813
205,0.002441406
205,0.001220703
205,0.0006103516
205,0.0003051758
205,0.0001525879
205,7.629395E-05
205,3.814697E-05
205,1.907349E-05
205,9.536743E-06
205,4.768372E-06
205,2.384186E-06
205,1.192093E-06
205,5.960464E-07
205,2.980232E-07
205,1.490116E-07
205,7.450581E-08
205,3.72529E-08
205,1.862645E-08
205,9.313226E-09
205,4.656613E-09
205,2.328306E-09
205,1.164153E-09
205,5.820766E-10
205,2.910383E-10
205,1.455192E-10
205,7.275958E-11
205,3.637979E-11
205,1.818989E-11
205,9.094947E-12
205,4.547474E-12
205,2.273737E-12
205,1.136868E-12
205,5.684342E-13
205,2.842171E-13
205,1.421085E-13
205,7.105427E-14
205,3.552714E-14
205,1.776357E-14
205,8.881784E-15
205,4.440892E-15
205,2.220446E-15
205,1.110223E-15
205,5.551115E-16
205,2.775558E-16
205,1.387779E-16
205,6.938894E-17
205,3.469447E-17
205,1.734723E-17
205,8.673617E-18
205,4.336809E-18
205,2.168404E-18
205,1.084202E-18
205,5.421011E-19
205,2.710505E-19
205,1.355253E-19
205,6.776264E-20
205,3.388132E-20
205,1.694066E-20
205,8.470329E-21
205,4.235165E-21
205,2.117582E-21
205,1.058791E-21
205,5.293956E-22
205,2.646978E-22
205,1.323489E-22
205,6.617445E-23
205,3.308722E-23
205,1.654361E-23
205,8.271806E-24
205,4.135903E-24
205,2.067952E-24
205,1.033976E-24
205,5.169879E-25
205,2.584939E-25
205,1.29247E-25
205,6.462349E-26
205,3.231174E-26
205,1.615587E-26
205,8.077936E-27
205,4.038968E-27
205,2.019484E-27
205,1.009742E-27
205,5.04871E-28
205,2.524355E-28
205,1.262177E-28
205,6.310887E-29
205,3.155444E-29
205,1.577722E-29
205,7.888609E-30
205,3.944305E-30
205,1.972152E-30
205,9.860761E-31
205,4.930381E-31
205,2.46519E-31
205,1.232595E-31
205,6.162976E-32
205,3.081488E-32
205,1.540744E-32
205,7.70372E-33
205,3.85186E-33
205,1.92593E-33
205,9.62965E-34
205,4.814825E-34
205,2.407412E-34
205,1.203706E-34
205,6.018531E-35
205,3.009266E-35
205,1.504633E-35
205,7.523164E-36
205,3.761582E-36
205,1.880791E-36
205,9.403955E-37
205,4.701977E-37
205,2.350989E-37
205,1.175494E-37
205,5.877472E-38
205,2.938736E-38
205,1.469368E-38
205,7.34684E-39
205,3.67342E-39
205,1.83671E-39
205,9.18355E-40
205,4.591775E-40
205,2.295887E-40
205,1.147944E-40
205,5.739719E-41
205,2.869859E-41
205,1.43493E-41
205,7.174648E-42
205,3.587324E-42
205,1.793662E-42
205,8.96831E-43
205,4.484155E-43
205,2.242078E-43
205,1.121039E-43
205,5.605194E-44
205,2.802597E-44
205,1.401298E-44
205,7.006492E-45
205,2.802597E-45
205,1.401298E-45
205,0
205,0
205,0
205,0
205,0
205,0
205,0
205,0
205,0
205,0
205,0
205,0
205,0
205,0
205,0
205,0
205,0
205,0
205,0
205,0
205,0
205,0
205,0
205,0
205,0
205,0
205,0
205,0
205,0
205,0
205,0
205,0
205,0
205,0
205,0
205,0
205,0
205,0
205,0
205,0
205,0
205,0
205,0
205,0
205,0
205,0
205,0
205,0
205,0
205,0
205,0
205,0
205,0
205,0
205,0
205,0
205,0
205,0
205,0
205,0
205,0
205,0
205,0
205,0
205,0
205,0
205,0
205,0
205,0
205,0
205,0
205,0
205,0
205,0
205,0
205,0
205,0
205,0
205,0
205,0
205,0
205,0
205,0
205,0
205,0
205,0
205,0
205,0
205,0
205,0
205,0
205,0
205,0
205,0
205,0
205,0
205,0
205,0
205,0
205,0
205,0
205,0
205,0
205,0
205,0
205,0
205,0
205,0
205,0
205,0
205,0
205,0
205,0
205,0
205,0
205,0
205,0
205,0
205,0
205,0
205,0
205,0
205,0
205,0
205,0
205,0
205,0
205,0
205,0
205,0
205,0
205,0
205,0
205,0
205,0
205,0
205,0
205,0
205,0
205,0
205,0
205,0
205,0
205,0
205,0
205,0
205,0
205,0
205,0
205,0
205,0
205,0
205,0
205,0
205,0
205,0
205,0
205,0
205,0
205,0
205,0
205,0
215,5
215,2.5
215,1.25
215,0.625
215,0.3125
215,0.15625
215,0.078125
215,0.0390625
215,0.01953125
215,0.009765625
215,0.004882813
215,0.002441406
215,0.001220703
215,0.0006103516
215,0.0003051758
215,0.0001525879
215,7.629395E-05
215,3.814697E-05
215,1.907349E-05
215,9.536743E-06
215,4.768372E-06
215,2.384186E-06
215,1.192093E-06
215,5.960464E-07
215,2.980232E-07
215,1.490116E-07
215,7.450581E-08
215,3.72529E-08
215,1.862645E-08
215,9.313226E-09
215,4.656613E-09
215,2.328306E-09
215,1.164153E-09
215,5.820766E-10
215,2.910383E-10
215,1.455192E-10
215,7.275958E-11
215,3.637979E-11
215,1.818989E-11
215,9.094947E-12
215,4.547474E-12
215,2.273737E-12
215,1.136868E-12
215,5.684342E-13
215,2.842171E-13
215,1.421085E-13
215,7.105427E-14
215,3.552714E-14
215,1.776357E-14
215,8.881784E-15
215,4.440892E-15
215,2.220446E-15
215,1.110223E-15
215,5.551115E-16
215,2.775558E-16
215,1.387779E-16
215,6.938894E-17
215,3.469447E-17
215,1.734723E-17
215,8.673617E-18
215,4.336809E-18
215,2.168404E-18
215,1.084202E-18
215,5.421011E-19
215,2.710505E-19
215,1.355253E-19
215,6.776264E-20
215,3.388132E-20
215,1.694066E-20
215,8.470329E-21
215,4.235165E-21
215,2.117582E-21
215,1.058791E-21
215,5.293956E-22
215,2.646978E-22
215,1.323489E-22
215,6.617445E-23
215,3.308722E-23
215,1.654361E-23
215,8.271806E-24
215,4.135903E-24
215,2.067952E-24
215,1.033976E-24
215,5.169879E-25
215,2.584939E-25
215,1.29247E-25
215,6.462349E-26
215,3.231174E-26
215,1.615587E-26
215,8.077936E-27
215,4.038968E-27
215,2.019484E-27
215,1.009742E-27
215,5.04871E-28
215,2.524355E-28
215,1.262177E-28
215,6.310887E-29
215,3.155444E-29
215,1.577722E-29
215,7.888609E-30
215,3.944305E-30
215,1.972152E-30
215,9.860761E-31
215,4.930381E-31
215,2.46519E-31
215,1.232595E-31
215,6.162976E-32
215,3.081488E-32
215,1.540744E-32
215,7.70372E-33
215,3.85186E-33
215,1.92593E-33
215,9.62965E-34
215,4.814825E-34
215,2.407412E-34
215,1.203706E-34
215,6.018531E-35
215,3.009266E-35
215,1.504633E-35
215,7.523164E-36
215,3.761582E-36
215,1.880791E-36
215,9.403955E-37
215,4.701977E-37
215,2.350989E-37
215,1.175494E-37
215,5.877472E-38
215,2.938736E-38
215,1.469368E-38
215,7.34684E-39
215,3.67342E-39
215,1.83671E-39
215,9.18355E-40
215,4.591775E-40
215,2.295887E-40
215,1.147944E-40
215,5.739719E-41
215,2.869859E-41
215,1.43493E-41
215,7.174648E-42
215,3.587324E-42
215,1.793662E-42
215,8.96831E-43
215,4.484155E-43
215,2.242078E-43
215,1.121039E-43
215,5.605194E-44
215,2.802597E-44
215,1.401298E-44
215,7.006492E-45
215,2.802597E-45
215,1.401298E-45
215,0
215,0
215,0
215,0
215,0
215,0
215,0
215,0
215,0
215,0
215,0
215,0
215,0
215,0
215,0
215,0
215,0
215,0
215,0
215,0
215,0
215,0
215,0
215,0
215,0
215,0
215,0
215,0
215,0
215,0
215,0
215,0
215,0
215,0
215,0
215,0
215,0
215,0
215,0
215,0
215,0
215,0
215,0
215,0
215,0
215,0
215,0
215,0
215,0
215,0
215,0
215,0
215,0
215,0
215,0
215,0
215,0
215,0
215,0
215,0
215,0
215,0
215,0
215,0
215,0
215,0
215,0
215,0
215,0
215,0
215,0
215,0
215,0
215,0
215,0
215,0
215,0
215,0
215,0
215,0
215,0
215,0
215,0
215,0
215,0
215,0
215,0
215,0
215,0
215,0
215,0
215,0
215,0
215,0
215,0
215,0
215,0
215,0
215,0
215,0
215,0
215,0
215,0
215,0
215,0
215,0
215,0
215,0
215,0
215,0
215,0
215,0
215,0
216,0.5
216,0.25
216,0.125
216,0.0625
216,0.03125
216,0.015625
216,0.0078125
216,0.00390625
216,0.001953125
216,0.0009765625
216,0.0004882813
216,0.0002441406
216,0.0001220703
216,6.103516E-05
216,3.051758E-05
216,1.525879E-05
216,7.629395E-06
216,3.814697E-06
216,1.907349E-06
216,9.536743E-07
216,4.768372E-07
216,2.384186E-07
216,1.192093E-07
216,5.960464E-08
216,2.980232E-08
216,1.490116E-08
216,7.450581E-09
216,3.72529E-09
216,1.862645E-09
216,9.313226E-10
216,4.656613E-10
216,2.328306E-10
216,1.164153E-10
216,5.820766E-11
216,2.910383E-11
216,1.455192E-11
216,7.275958E-12
216,3.637979E-12
216,1.818989E-12
216,9.094947E-13
216,4.547474E-13
216,2.273737E-13
216,1.136868E-13
216,5.684342E-14
216,2.842171E-14
216,1.421085E-14
216,7.105427E-15
216,3.552714E-15
216,1.776357E-15
216,8.881784E-16
216,4.440892E-16
216,2.220446E-16
216,1.110223E-16
216,5.551115E-17
216,2.775558E-17
216,1.387779E-17
216,6.938894E-18
216,3.469447E-18
216,1.734723E-18
216,8.673617E-19
216,4.336809E-19
216,2.168404E-19
216,1.084202E-19
216,5.421011E-20
216,2.710505E-20
216,1.355253E-20
216,6.776264E-21
216,3.388132E-21
216,1.694066E-21
216,8.470329E-22
216,4.235165E-22
216,2.117582E-22
216,1.058791E-22
216,5.293956E-23
216,2.646978E-23
216,1.323489E-23
216,6.617445E-24
216,3.308722E-24
216,1.654361E-24
216,8.271806E-25
216,4.135903E-25
216,2.067952E-25
216,1.033976E-25
216,5.169879E-26
216,2.584939E-26
216,1.29247E-26
216,6.462349E-27
216,3.231174E-27
216,1.615587E-27
216,8.077936E-28
216,4.038968E-28
216,2.019484E-28
216,1.009742E-28
216,5.04871E-29
216,2.524355E-29
216,1.262177E-29
216,6.310887E-30
216,3.155444E-30
216,1.577722E-30
216,7.888609E-31
216,3.944305E-31
216,1.972152E-31
216,9.860761E-32
216,4.930381E-32
216,2.46519E-32
216,1.232595E-32
216,6.162976E-33
216,3.081488E-33
216,1.540744E-33
216,7.70372E-34
216,3.85186E-34
216,1.92593E-34
216,9.62965E-35
216,4.814825E-35
216,2.407412E-35
216,1.203706E-35
216,6.018531E-36
216,3.009266E-36
216,1.504633E-36
216,7.523164E-37
216,3.761582E-37
216,1.880791E-37
216,9.403955E-38
216,4.701977E-38
216,2.350989E-38
216,1.175494E-38
216,5.877472E-39
216,2.938736E-39
216,1.469368E-39
216,7.34684E-40
216,3.67342E-40
216,1.83671E-40
216,9.18355E-41
216,4.591775E-41
216,2.295887E-41
216,1.147944E-41
216,5.739719E-42
216,2.869859E-42
216,1.43493E-42
216,7.174648E-43
216,3.587324E-43
216,1.793662E-43
216,8.96831E-44
216,4.484155E-44
216,2.242078E-44
216,1.121039E-44
216,5.605194E-45
216,2.802597E-45
216,1.401298E-45
216,0
216,0
216,0
216,0
216,0
216,0
216,0
216,0
216,0
216,0
216,0
216,0
216,0
216,0
216,0
216,0
216,0
216,0
216,0
216,0
216,0
216,0
216,0
216,0
216,0
216,0
216,0
216,0
216,0
216,0
216,0
216,0
216,0
216,0
216,0
216,0
216,0
216,0
216,0
216,0
216,0
216,0
216,0
216,0
216,0
216,0
216,0
216,0
216,0
216,0
216,0
216,0
216,0
216,0
216,0
216,0
216,0
216,0
216,0
216,0
216,0
216,0
216,0
216,0
216,0
216,0
216,0
216,0
216,0
216,0
216,0
216,0
216,0
216,0
216,0
216,0
216,0
216,0
216,0
216,0
216,0
216,0
216,0
216,0
216,0
216,0
216,0
216,0
216,0
216,0
216,0
216,0
216,0
216,0
216,0
216,0
216,0
216,0
216,0
216,0
216,0
216,0
216,0
216,0
216,0
216,0
216,0
216,0
216,0
216,0
216,0
216,0
216,0
216,0
216,0
216,0
216,0
216,0
223,3.5
223,1.75
223,0.875
223,0.4375
223,0.21875
223,0.109375
223,0.0546875
223,0.02734375
223,0.01367188
223,0.006835938
223,0.003417969
223,0.001708984
223,0.0008544922
223,0.0004272461
223,0.000213623
223,0.0001068115
223,5.340576E-05
223,2.670288E-05
223,1.335144E-05
223,6.67572E-06
223,3.33786E-06
223,1.66893E-06
223,8.34465E-07
223,4.172325E-07
223,2.086163E-07
223,1.043081E-07
223,5.215406E-08
223,2.607703E-08
223,1.303852E-08
223,6.519258E-09
223,3.259629E-09
223,1.629815E-09
223,8.149073E-10
223,4.074536E-10
223,2.037268E-10
223,1.018634E-10
223,5.09317E-11
223,2.546585E-11
223,1.273293E-11
223,6.366463E-12
223,3.183231E-12
223,1.591616E-12
223,7.958079E-13
223,3.979039E-13
223,1.98952E-13
223,9.947598E-14
223,4.973799E-14
223,2.4869E-14
223,1.24345E-14
223,6.217249E-15
223,3.108624E-15
223,1.554312E-15
223,7.771561E-16
223,3.885781E-16
223,1.94289E-16
223,9.714451E-17
223,4.857226E-17
223,2.428613E-17
223,1.214306E-17
223,6.071532E-18
223,3.035766E-18
223,1.517883E-18
223,7.589415E-19
223,3.794708E-19
223,1.897354E-19
223,9.486769E-20
223,4.743385E-20
223,2.371692E-20
223,1.185846E-20
223,5.929231E-21
223,2.964615E-21
223,1.482308E-21
223,7.411538E-22
223,3.705769E-22
223,1.852885E-22
223,9.264423E-23
223,4.632211E-23
223,2.316106E-23
223,1.158053E-23
223,5.790264E-24
223,2.895132E-24
223,1.447566E-24
223,7.23783E-25
223,3.618915E-25
223,1.809458E-25
223,9.047288E-26
223,4.523644E-26
223,2.261822E-26
223,1.130911E-26
223,5.654555E-27
223,2.827277E-27
223,1.413639E-27
223,7.068194E-28
223,3.534097E-28
223,1.767048E-28
223,8.835242E-29
223,4.417621E-29
223,2.208811E-29
223,1.104405E-29
223,5.522026E-30
223,2.761013E-30
223,1.380507E-30
223,6.902533E-31
223,3.451266E-31
223,1.725633E-31
223,8.628166E-32
223,4.314083E-32
223,2.157042E-32
223,1.078521E-32
223,5.392604E-33
223,2.696302E-33
223,1.348151E-33
223,6.740755E-34
223,3.370377E-34
223,1.685189E-34
223,8.425944E-35
223,4.212972E-35
223,2.106486E-35
223,1.053243E-35
223,5.266215E-36
223,2.633107E-36
223,1.316554E-36
223,6.582768E-37
223,3.291384E-37
223,1.645692E-37
223,8.22846E-38
223,4.11423E-38
223,2.057115E-38
223,1.028558E-38
223,5.142788E-39
223,2.571394E-39
223,1.285697E-39
223,6.428485E-40
223,3.214242E-40
223,1.607121E-40
223,8.035606E-41
223,4.017803E-41
223,2.008901E-41
223,1.004451E-41
223,5.022254E-42
223,2.511127E-42
223,1.255563E-42
223,6.277817E-43
223,3.138909E-43
223,1.569454E-43
223,7.847271E-44
223,3.923636E-44
223,1.961818E-44
223,9.809089E-45
223,5.605194E-45
223,2.802597E-45
223,1.401298E-45
223,0
223,0
223,0
223,0
223,0
223,0
223,0
223,0
223,0
223,0
223,0
223,0
223,0
223,0
223,0
223,0
223,0
223,0
223,0
223,0
223,0
223,0
223,0
223,0
223,0
223,0
223,0
223,0
223,0
223,0
223,0
223,0
223,0
223,0
223,0
223,0
223,0
223,0
223,0
223,0
223,0
223,0
223,0
223,0
223,0
223,0
223,0
223,0
223,0
223,0
223,0
223,0
223,0
223,0
223,0
223,0
223,0
223,0
223,0
223,0
223,0
223,0
223,0
223,0
223,0
223,0
223,0
223,0
223,0
223,0
223,0
223,0
223,0
223,0
223,0
223,0
223,0
223,0
223,0
223,0
223,0
223,0
223,0
223,0
223,0
223,0
223,0
223,0
223,0
223,0
223,0
223,0
223,0
223,0
223,0
223,0
223,0
223,0
223,0
223,0
223,0
223,0
223,0
223,0
223,0
223,0
223,0
223,0
223,0
223,0
223,0
223,0
223,0
223,0
223,0
223,0
223,0
223,0
223,0
223,0
223,0
223,0
223,0
223,0
223,0
223,0
223,0
223,0
223,0
223,0
223,0
223,0
223,0
223,0
223,0
223,0
223,0
223,0
223,0
223,0
216,3.5
216,1.75
216,0.875
216,0.4375
216,0.21875
216,0.109375
216,0.0546875
216,0.02734375
216,0.01367188
216,0.006835938
216,0.003417969
216,0.001708984
216,0.0008544922
216,0.0004272461
216,0.000213623
216,0.0001068115
216,5.340576E-05
216,2.670288E-05
216,1.335144E-05
216,6.67572E-06
216,3.33786E-06
216,1.66893E-06
216,8.34465E-07
216,4.172325E-07
