-1,0
-1,0
-1,0
-1,0
-1,0
-1,0
-1,0
-1,0
-1,0
-1,0
-1,0
-1,0
-1,0
-1,0
-1,0
-1,0
-1,0
-1,0
-1,0
-1,0
-1,0
-1,0
-1,0
-1,0
-1,0
-1,0
-1,0
-1,0
-1,0
-1,0
-1,0
-1,0
-1,0
-1,0
-1,0
-1,0
-1,0
-1,0
-1,0
-1,0
-1,0
-1,0
-1,0
-1,0
-1,0
-1,0
-1,0
-1,0
-1,0
-1,0
-1,0
-1,0
-1,0
-1,0
-1,0
-1,0
-1,0
-1,0
-1,0
-1,0
-1,0
-1,0
-1,0
-1,0
-1,0
-1,0
-1,0
-1,0
-1,0
-1,0
-1,0
-1,0
-1,0
-1,0
-1,0
-1,0
-1,0
-1,0
-1,0
-1,0
-1,0
-1,0
-1,0
-1,0
-1,0
-1,0
-1,0
-1,0
-1,0
-1,0
-1,0
-1,0
-1,0
-1,0
-1,0
-1,0
-1,0
-1,0
-1,0
-1,0
-1,0
-1,0
-1,0
-1,0
-1,0
-1,0
-1,0
-1,0
-1,0
-1,0
-1,0
-1,0
-1,0
-1,0
-1,0
-1,0
-1,0
-1,0
-1,0
-1,0
-1,0
-1,0
-1,0
-1,0
-1,0
-1,0
-1,0
-1,0
-1,0
-1,0
-1,0
-1,0
-1,0
-1,0
-1,0
-1,0
-1,0
-1,0
-1,0
-1,0
-1,0
-1,0
-1,0
-1,0
-1,0
-1,0
-1,0
-1,0
-1,0
-1,0
-1,0
-1,0
-1,0
-1,0
-1,0
-1,0
-1,0
-1,0
-1,0
-1,0
-1,0
-1,0
-1,0
-1,0
-1,0
-1,0
-1,0
-1,0
-1,0
-1,0
-1,0
-1,0
-1,0
-1,0
-1,0
-1,0
-1,0
-1,0
-1,0
-1,0
-1,0
-1,0
-1,0
-1,0
-1,0
-1,0
-1,0
-1,0
-1,0
-1,0
-1,0
-1,0
-1,0
-1,0
-1,0
-1,0
-1,0
-1,0
-1,0
-1,0
-1,0
-1,0
-1,0
-1,0
-1,0
-1,0
-1,0
-1,0
-1,0
-1,0
-1,0
-1,0
-1,0
-1,0
-1,0
-1,0
-1,0
-1,0
-1,0
-1,0
-1,0
-1,0
-1,0
-1,0
-1,0
-1,0
-1,0
-1,0
-1,0
-1,0
-1,0
-1,0
-1,0
-1,0
-1,0
-1,0
-1,0
-1,0
-1,0
-1,0
-1,0
-1,0
-1,0
-1,0
-1,0
-1,0
-1,0
-1,0
-1,0
-1,0
-1,0
-1,0
-1,0
-1,0
-1,0
-1,0
-1,0
-1,0
-1,0
-1,0
-1,0
-1,0
-1,0
-1,0
-1,0
-1,0
-1,0
-1,0
-1,0
-1,0
-1,0
-1,0
-1,0
-1,0
81,0
81,0
81,0
81,0
81,0
81,0
81,0
81,0
81,0
81,0
81,0
81,0
81,0
81,0
81,0
81,0
81,0
81,0
81,0
81,0
81,0
81,0
81,0
81,0
81,0
81,0
81,0
81,0
81,0
81,0
81,0
81,0
81,0
81,0
81,0
81,0
81,0
81,0
81,0
81,0
81,0
81,0
81,0
81,0
81,0
81,0
81,0
81,0
81,0
81,0
81,0
81,0
81,0
81,0
81,0
81,0
81,0
81,0
81,0
81,0
81,0
81,0
81,0
81,0
81,0
81,0
81,0
81,0
81,0
81,0
81,0
81,0
81,0
81,0
81,0
81,0
81,0
81,0
81,0
81,0
81,0
81,0
81,0
81,0
81,0
81,0
81,0
81,0
81,0
81,0
81,0
81,0
81,0
81,0
81,0
81,0
81,0
81,0
81,0
81,0
81,0
81,0
81,0
81,0
81,0
81,0
81,0
81,0
81,0
81,0
81,0
81,0
81,0
81,0
81,0
81,0
81,0
81,0
81,0
81,0
81,0
81,0
81,0
81,0
81,0
81,0
81,0
81,0
81,0
81,0
81,0
81,0
81,0
81,0
81,0
81,0
81,0
81,0
81,0
81,0
81,0
81,0
81,0
81,0
81,0
81,0
81,0
81,0
81,0
81,0
81,0
81,0
81,0
81,0
81,0
81,0
81,0
81,0
81,0
81,0
81,0
81,0
81,0
81,0
81,0
81,0
81,0
81,0
81,0
81,0
81,0
81,0
81,0
81,0
81,0
81,0
81,0
81,0
81,0
81,0
81,0
81,0
81,0
81,0
81,0
81,0
81,0
81,0
81,0
81,0
81,0
81,0
81,0
81,0
81,0
81,0
81,0
81,0
81,0
81,0
81,0
81,0
81,0
81,0
81,0
81,0
81,0
81,0
81,0
81,0
81,0
81,0
81,0
81,0
81,0
81,0
81,0
81,0
81,0
81,0
81,0
81,0
81,0
81,0
81,0
81,0
81,0
81,0
81,0
81,0
81,0
81,0
81,0
81,0
81,0
81,0
81,0
81,0
81,0
81,0
81,0
81,0
81,0
81,0
81,0
81,0
81,0
81,0
81,0
81,0
81,0
81,0
81,0
81,0
81,0
79,1
79,0.5
79,0.25
79,0.125
79,0.0625
79,0.03125
79,0.015625
79,0.0078125
79,0.00390625
79,0.001953125
79,0.0009765625
79,0.0004882813
79,0.0002441406
79,0.0001220703
79,6.103516E-05
79,3.051758E-05
79,1.525879E-05
79,7.629395E-06
79,3.814697E-06
79,1.907349E-06
79,9.536743E-07
79,4.768372E-07
79,2.384186E-07
79,1.192093E-07
79,5.960464E-08
79,2.980232E-08
79,1.490116E-08
79,7.450581E-09
79,3.72529E-09
79,1.862645E-09
79,9.313226E-10
79,4.656613E-10
79,2.328306E-10
79,1.164153E-10
79,5.820766E-11
79,2.910383E-11
79,1.455192E-11
79,7.275958E-12
79,3.637979E-12
79,1.818989E-12
79,9.094947E-13
79,4.547474E-13
79,2.273737E-13
79,1.136868E-13
79,5.684342E-14
79,2.842171E-14
79,1.421085E-14
79,7.105427E-15
79,3.552714E-15
79,1.776357E-15
79,8.881784E-16
79,4.440892E-16
79,2.220446E-16
79,1.110223E-16
79,5.551115E-17
79,2.775558E-17
79,1.387779E-17
79,6.938894E-18
79,3.469447E-18
79,1.734723E-18
79,8.673617E-19
79,4.336809E-19
79,2.168404E-19
79,1.084202E-19
79,5.421011E-20
79,2.710505E-20
79,1.355253E-20
79,6.776264E-21
79,3.388132E-21
79,1.694066E-21
79,8.470329E-22
79,4.235165E-22
79,2.117582E-22
79,1.058791E-22
79,5.293956E-23
79,2.646978E-23
79,1.323489E-23
79,6.617445E-24
79,3.308722E-24
79,1.654361E-24
79,8.271806E-25
79,4.135903E-25
79,2.067952E-25
79,1.033976E-25
79,5.169879E-26
79,2.584939E-26
79,1.29247E-26
79,6.462349E-27
79,3.231174E-27
79,1.615587E-27
79,8.077936E-28
79,4.038968E-28
79,2.019484E-28
79,1.009742E-28
79,5.04871E-29
79,2.524355E-29
79,1.262177E-29
79,6.310887E-30
79,3.155444E-30
79,1.577722E-30
79,7.888609E-31
79,3.944305E-31
79,1.972152E-31
79,9.860761E-32
79,4.930381E-32
79,2.46519E-32
79,1.232595E-32
79,6.162976E-33
79,3.081488E-33
79,1.540744E-33
79,7.70372E-34
79,3.85186E-34
79,1.92593E-34
79,9.62965E-35
79,4.814825E-35
79,2.407412E-35
79,1.203706E-35
79,6.018531E-36
79,3.009266E-36
79,1.504633E-36
79,7.523164E-37
79,3.761582E-37
79,1.880791E-37
79,9.403955E-38
79,4.701977E-38
79,2.350989E-38
79,1.175494E-38
79,5.877472E-39
79,2.938736E-39
79,1.469368E-39
79,7.34684E-40
79,3.67342E-40
79,1.83671E-40
79,9.18355E-41
79,4.591775E-41
79,2.295887E-41
79,1.147944E-41
79,5.739719E-42
79,2.869859E-42
79,1.43493E-42
79,7.174648E-43
79,3.587324E-43
79,1.793662E-43
79,8.96831E-44
79,4.484155E-44
79,2.242078E-44
79,1.121039E-44
79,5.605194E-45
79,2.802597E-45
79,1.401298E-45
79,0
79,0
79,0
79,0
79,0
79,0
79,0
79,0
79,0
79,0
79,0
79,0
79,0
79,0
79,0
79,0
79,0
79,0
79,0
79,0
79,0
79,0
79,0
79,0
79,0
79,0
79,0
79,0
79,0
79,0
79,0
79,0
79,0
79,0
79,0
79,0
79,0
79,0
79,0
79,0
79,0
79,0
79,0
79,0
79,0
79,0
79,0
79,0
79,0
79,0
79,0
79,0
79,0
79,0
79,0
79,0
79,0
79,0
79,0
79,0
79,0
79,0
79,0
79,0
79,0
79,0
79,0
79,0
79,0
79,0
79,0
79,0
79,0
79,0
79,0
79,0
79,0
79,0
79,0
79,0
79,0
79,0
79,0
79,0
79,0
79,0
79,0
79,0
79,0
79,0
79,0
79,0
79,0
79,0
79,0
79,0
79,0
79,0
79,0
79,0
79,0
79,0
79,0
79,0
79,0
79,0
79,0
79,0
79,0
79,0
79,0
79,0
79,0
79,0
79,0
79,0
79,0
73,3
73,1.5
73,0.75
73,0.375
73,0.1875
73,0.09375
73,0.046875
73,0.0234375
73,0.01171875
73,0.005859375
73,0.002929688
73,0.001464844
73,0.0007324219
73,0.0003662109
73,0.0001831055
73,9.155273E-05
73,4.577637E-05
73,2.288818E-05
73,1.144409E-05
73,5.722046E-06
73,2.861023E-06
73,1.430511E-06
73,7.152557E-07
73,3.576279E-07
73,1.788139E-07
73,8.940697E-08
73,4.470348E-08
73,2.235174E-08
73,1.117587E-08
73,5.587935E-09
73,2.793968E-09
73,1.396984E-09
73,6.984919E-10
73,3.49246E-10
73,1.74623E-10
73,8.731149E-11
73,4.365575E-11
73,2.182787E-11
73,1.091394E-11
73,5.456968E-12
73,2.728484E-12
73,1.364242E-12
73,6.82121E-13
73,3.410605E-13
73,1.705303E-13
73,8.526513E-14
73,4.263256E-14
73,2.131628E-14
73,1.065814E-14
73,5.329071E-15
73,2.664535E-15
73,1.332268E-15
73,6.661338E-16
73,3.330669E-16
73,1.665335E-16
73,8.326673E-17
73,4.163336E-17
73,2.081668E-17
73,1.040834E-17
73,5.20417E-18
73,2.602085E-18
73,1.301043E-18
73,6.505213E-19
73,3.252607E-19
73,1.626303E-19
73,8.131516E-20
73,4.065758E-20
73,2.032879E-20
73,1.01644E-20
73,5.082198E-21
73,2.541099E-21
73,1.270549E-21
73,6.352747E-22
73,3.176374E-22
73,1.588187E-22
73,7.940934E-23
73,3.970467E-23
73,1.985233E-23
73,9.926167E-24
73,4.963084E-24
73,2.481542E-24
73,1.240771E-24
73,6.203855E-25
73,3.101927E-25
73,1.550964E-25
73,7.754818E-26
73,3.877409E-26
73,1.938705E-26
73,9.693523E-27
73,4.846761E-27
73,2.423381E-27
73,1.21169E-27
73,6.058452E-28
73,3.029226E-28
73,1.514613E-28
73,7.573065E-29
73,3.786532E-29
73,1.893266E-29
73,9.466331E-30
73,4.733165E-30
73,2.366583E-30
73,1.183291E-30
73,5.916457E-31
73,2.958228E-31
73,1.479114E-31
73,7.395571E-32
73,3.697785E-32
73,1.848893E-32
73,9.244464E-33
73,4.622232E-33
73,2.311116E-33
73,1.155558E-33
73,5.77779E-34
73,2.888895E-34
73,1.444447E-34
73,7.222237E-35
73,3.611119E-35
73,1.805559E-35
73,9.027797E-36
73,4.513898E-36
73,2.256949E-36
73,1.128475E-36
73,5.642373E-37
73,2.821186E-37
73,1.410593E-37
73,7.052966E-38
73,3.526483E-38
73,1.763242E-38
73,8.816208E-39
73,4.408104E-39
73,2.204052E-39
73,1.102026E-39
73,5.51013E-40
73,2.755065E-40
73,1.377532E-40
73,6.887662E-41
73,3.443831E-41
73,1.721916E-41
73,8.609578E-42
73,4.304789E-42
73,2.152394E-42
73,1.076197E-42
73,5.380986E-43
73,2.690493E-43
73,1.345247E-43
73,6.726233E-44
73,3.363116E-44
73,1.681558E-44
73,8.407791E-45
73,4.203895E-45
73,2.802597E-45
73,1.401298E-45
73,0
73,0
73,0
73,0
73,0
73,0
73,0
73,0
73,0
73,0
73,0
73,0
73,0
73,0
73,0
73,0
73,0
73,0
73,0
73,0
73,0
73,0
73,0
73,0
73,0
73,0
73,0
73,0
73,0
73,0
73,0
73,0
73,0
73,0
73,0
73,0
73,0
73,0
73,0
73,0
73,0
73,0
73,0
73,0
73,0
73,0
73,0
73,0
73,0
73,0
73,0
73,0
73,0
73,0
73,0
73,0
73,0
73,0
73,0
73,0
73,0
73,0
73,0
73,0
73,0
73,0
73,0
73,0
73,0
73,0
73,0
73,0
73,0
73,0
73,0
73,0
73,0
73,0
73,0
73,0
73,0
73,0
73,0
73,0
73,0
73,0
73,0
73,0
73,0
73,0
73,0
73,0
73,0
73,0
73,0
73,0
73,0
73,0
73,0
73,0
73,0
73,0
73,0
73,0
73,0
73,0
73,0
73,0
73,0
73,0
73,0
73,0
73,0
73,0
73,0
73,0
73,0
73,0
73,0
73,0
73,0
73,0
73,0
73,0
73,0
73,0
73,0
73,0
73,0
73,0
73,0
73,0
73,0
73,0
73,0
73,0
73,0
73,0
73,0
73,0
73,0
88,7.5
88,3.75
88,1.875
88,0.9375
88,0.46875
88,0.234375
88,0.1171875
88,0.05859375
88,0.02929688
88,0.01464844
88,0.007324219
88,0.003662109
88,0.001831055
88,0.0009155273
88,0.0004577637
88,0.0002288818
88,0.0001144409
88,5.722046E-05
88,2.861023E-05
88,1.430511E-05
88,7.152557E-06
88,3.576279E-06
88,1.788139E-06
88,8.940697E-07
88,4.470348E-07
88,2.235174E-07
88,1.117587E-07
88,5.587935E-08
88,2.793968E-08
88,1.396984E-08
88,6.984919E-09
88,3.49246E-09
88,1.74623E-09
88,8.731149E-10
88,4.365575E-10
88,2.182787E-10
88,1.091394E-10
88,5.456968E-11
88,2.728484E-11
88,1.364242E-11
88,6.82121E-12
88,3.410605E-12
88,1.705303E-12
88,8.526513E-13
88,4.263256E-13
88,2.131628E-13
88,1.065814E-13
88,5.329071E-14
88,2.664535E-14
88,1.332268E-14
88,6.661338E-15
88,3.330669E-15
88,1.665335E-15
88,8.326673E-16
88,4.163336E-16
88,2.081668E-16
88,1.040834E-16
88,5.20417E-17
88,2.602085E-17
88,1.301043E-17
88,6.505213E-18
88,3.252607E-18
88,1.626303E-18
88,8.131516E-19
88,4.065758E-19
88,2.032879E-19
88,1.01644E-19
88,5.082198E-20
88,2.541099E-20
88,1.270549E-20
88,6.352747E-21
88,3.176374E-21
88,1.588187E-21
88,7.940934E-22
88,3.970467E-22
88,1.985233E-22
88,9.926167E-23
88,4.963084E-23
88,2.481542E-23
88,1.240771E-23
88,6.203855E-24
88,3.101927E-24
88,1.550964E-24
88,7.754818E-25
88,3.877409E-25
88,1.938705E-25
88,9.693523E-26
88,4.846761E-26
88,2.423381E-26
88,1.21169E-26
88,6.058452E-27
88,3.029226E-27
88,1.514613E-27
88,7.573065E-28
88,3.786532E-28
88,1.893266E-28
88,9.466331E-29
88,4.733165E-29
88,2.366583E-29
88,1.183291E-29
88,5.916457E-30
88,2.958228E-30
88,1.479114E-30
88,7.395571E-31
88,3.697785E-31
88,1.848893E-31
88,9.244464E-32
88,4.622232E-32
88,2.311116E-32
88,1.155558E-32
88,5.77779E-33
88,2.888895E-33
88,1.444447E-33
88,7.222237E-34
88,3.611119E-34
88,1.805559E-34
88,9.027797E-35
88,4.513898E-35
88,2.256949E-35
88,1.128475E-35
88,5.642373E-36
88,2.821186E-36
88,1.410593E-36
88,7.052966E-37
88,3.526483E-37
88,1.763242E-37
88,8.816208E-38
88,4.408104E-38
88,2.204052E-38
88,1.102026E-38
88,5.51013E-39
88,2.755065E-39
88,1.377532E-39
88,6.887662E-40
88,3.443831E-40
88,1.721916E-40
88,8.609578E-41
88,4.304789E-41
88,2.152394E-41
88,1.076197E-41
88,5.380986E-42
88,2.690493E-42
88,1.345247E-42
88,6.726233E-43
88,3.363116E-43
88,1.681558E-43
88,8.407791E-44
88,4.203895E-44
88,2.101948E-44
88,1.121039E-44
88,5.605194E-45
88,2.802597E-45
88,1.401298E-45
88,0
88,0
88,0
88,0
88,0
88,0
88,0
88,0
88,0
88,0
88,0
88,0
88,0
88,0
88,0
88,0
88,0
88,0
88,0
88,0
88,0
88,0
88,0
88,0
88,0
88,0
88,0
88,0
88,0
88,0
88,0
88,0
88,0
88,0
88,0
88,0
88,0
88,0
88,0
88,0
88,0
88,0
88,0
88,0
88,0
88,0
88,0
88,0
88,0
88,0
88,0
88,0
88,0
88,0
88,0
88,0
88,0
88,0
88,0
88,0
88,0
88,0
88,0
88,0
88,0
88,0
88,0
88,0
88,0
88,0
88,0
88,0
88,0
88,0
88,0
88,0
88,0
88,0
88,0
88,0
88,0
88,0
88,0
88,0
88,0
88,0
88,0
88,0
88,0
88,0
88,0
88,0
88,0
88,0
88,0
88,0
88,0
88,0
88,0
88,0
88,0
88,0
88,0
88,0
88,0
88,0
88,0
88,0
88,0
88,0
88,0
88,0
88,0
88,0
88,0
88,0
88,0
88,0
91,1.5
91,0.75
91,0.375
91,0.1875
91,0.09375
91,0.046875
91,0.0234375
91,0.01171875
91,0.005859375
91,0.002929688
91,0.001464844
91,0.0007324219
91,0.0003662109
91,0.0001831055
91,9.155273E-05
91,4.577637E-05
91,2.288818E-05
91,1.144409E-05
91,5.722046E-06
91,2.861023E-06
91,1.430511E-06
91,7.152557E-07
91,3.576279E-07
91,1.788139E-07
91,8.940697E-08
91,4.470348E-08
91,2.235174E-08
91,1.117587E-08
91,5.587935E-09
91,2.793968E-09
91,1.396984E-09
91,6.984919E-10
91,3.49246E-10
91,1.74623E-10
91,8.731149E-11
91,4.365575E-11
91,2.182787E-11
91,1.091394E-11
91,5.456968E-12
91,2.728484E-12
91,1.364242E-12
91,6.82121E-13
91,3.410605E-13
91,1.705303E-13
91,8.526513E-14
91,4.263256E-14
91,2.131628E-14
91,1.065814E-14
91,5.329071E-15
91,2.664535E-15
91,1.332268E-15
91,6.661338E-16
91,3.330669E-16
91,1.665335E-16
91,8.326673E-17
91,4.163336E-17
91,2.081668E-17
91,1.040834E-17
91,5.20417E-18
91,2.602085E-18
91,1.301043E-18
91,6.505213E-19
91,3.252607E-19
91,1.626303E-19
91,8.131516E-20
91,4.065758E-20
91,2.032879E-20
91,1.01644E-20
91,5.082198E-21
91,2.541099E-21
91,1.270549E-21
91,6.352747E-22
91,3.176374E-22
91,1.588187E-22
91,7.940934E-23
91,3.970467E-23
91,1.985233E-23
91,9.926167E-24
91,4.963084E-24
91,2.481542E-24
91,1.240771E-24
91,6.203855E-25
91,3.101927E-25
91,1.550964E-25
91,7.754818E-26
91,3.877409E-26
91,1.938705E-26
91,9.693523E-27
91,4.846761E-27
91,2.423381E-27
91,1.21169E-27
91,6.058452E-28
91,3.029226E-28
91,1.514613E-28
91,7.573065E-29
91,3.786532E-29
91,1.893266E-29
91,9.466331E-30
91,4.733165E-30
91,2.366583E-30
91,1.183291E-30
91,5.916457E-31
91,2.958228E-31
91,1.479114E-31
91,7.395571E-32
91,3.697785E-32
91,1.848893E-32
91,9.244464E-33
91,4.622232E-33
91,2.311116E-33
91,1.155558E-33
91,5.77779E-34
91,2.888895E-34
91,1.444447E-34
91,7.222237E-35
91,3.611119E-35
91,1.805559E-35
91,9.027797E-36
91,4.513898E-36
91,2.256949E-36
91,1.128475E-36
91,5.642373E-37
91,2.821186E-37
91,1.410593E-37
91,7.052966E-38
91,3.526483E-38
91,1.763242E-38
91,8.816208E-39
91,4.408104E-39
91,2.204052E-39
91,1.102026E-39
91,5.51013E-40
91,2.755065E-40
91,1.377532E-40
91,6.887662E-41
91,3.443831E-41
91,1.721916E-41
91,8.609578E-42
91,4.304789E-42
91,2.152394E-42
91,1.076197E-42
91,5.380986E-43
91,2.690493E-43
91,1.345247E-43
91,6.726233E-44
91,3.363116E-44
91,1.681558E-44
91,8.407791E-45
91,4.203895E-45
91,2.802597E-45
91,1.401298E-45
91,0
91,0
91,0
91,0
91,0
91,0
91,0
91,0
91,0
91,0
91,0
91,0
91,0
91,0
91,0
91,0
91,0
91,0
91,0
91,0
91,0
91,0
91,0
91,0
91,0
91,0
91,0
91,0
91,0
91,0
91,0
91,0
91,0
91,0
91,0
91,0
91,0
91,0
91,0
91,0
91,0
91,0
91,0
91,0
91,0
91,0
91,0
91,0
91,0
91,0
91,0
91,0
91,0
91,0
91,0
91,0
91,0
91,0
91,0
91,0
91,0
91,0
91,0
91,0
91,0
91,0
91,0
91,0
91,0
91,0
91,0
91,0
91,0
91,0
91,0
91,0
91,0
91,0
91,0
91,0
91,0
91,0
91,0
91,0
91,0
91,0
91,0
91,0
91,0
91,0
91,0
91,0
91,0
91,0
91,0
91,0
91,0
91,0
91,0
91,0
91,0
91,0
91,0
91,0
91,0
91,0
91,0
91,0
91,0
91,0
91,0
91,0
91,0
91,0
91,0
91,0
93,1
93,0.5
93,0.25
93,0.125
93,0.0625
93,0.03125
93,0.015625
93,0.0078125
93,0.00390625
93,0.001953125
93,0.0009765625
93,0.0004882813
93,0.0002441406
93,0.0001220703
93,6.103516E-05
93,3.051758E-05
93,1.525879E-05
93,7.629395E-06
93,3.814697E-06
93,1.907349E-06
93,9.536743E-07
93,4.768372E-07
93,2.384186E-07
93,1.192093E-07
93,5.960464E-08
93,2.980232E-08
93,1.490116E-08
93,7.450581E-09
93,3.72529E-09
93,1.862645E-09
93,9.313226E-10
93,4.656613E-10
93,2.328306E-10
93,1.164153E-10
93,5.820766E-11
93,2.910383E-11
93,1.455192E-11
93,7.275958E-12
93,3.637979E-12
93,1.818989E-12
93,9.094947E-13
93,4.547474E-13
93,2.273737E-13
93,1.136868E-13
93,5.684342E-14
93,2.842171E-14
93,1.421085E-14
93,7.105427E-15
93,3.552714E-15
93,1.776357E-15
93,8.881784E-16
93,4.440892E-16
93,2.220446E-16
93,1.110223E-16
93,5.551115E-17
93,2.775558E-17
93,1.387779E-17
93,6.938894E-18
93,3.469447E-18
93,1.734723E-18
93,8.673617E-19
93,4.336809E-19
93,2.168404E-19
93,1.084202E-19
93,5.421011E-20
93,2.710505E-20
93,1.355253E-20
93,6.776264E-21
93,3.388132E-21
93,1.694066E-21
93,8.470329E-22
93,4.235165E-22
93,2.117582E-22
93,1.058791E-22
93,5.293956E-23
93,2.646978E-23
93,1.323489E-23
93,6.617445E-24
93,3.308722E-24
93,1.654361E-24
93,8.271806E-25
93,4.135903E-25
93,2.067952E-25
93,1.033976E-25
93,5.169879E-26
93,2.584939E-26
93,1.29247E-26
93,6.462349E-27
93,3.231174E-27
93,1.615587E-27
93,8.077936E-28
93,4.038968E-28
93,2.019484E-28
93,1.009742E-28
93,5.04871E-29
93,2.524355E-29
93,1.262177E-29
93,6.310887E-30
93,3.155444E-30
93,1.577722E-30
93,7.888609E-31
93,3.944305E-31
93,1.972152E-31
93,9.860761E-32
93,4.930381E-32
93,2.46519E-32
93,1.232595E-32
93,6.162976E-33
93,3.081488E-33
93,1.540744E-33
93,7.70372E-34
93,3.85186E-34
93,1.92593E-34
93,9.62965E-35
93,4.814825E-35
93,2.407412E-35
93,1.203706E-35
93,6.018531E-36
93,3.009266E-36
93,1.504633E-36
93,7.523164E-37
93,3.761582E-37
93,1.880791E-37
93,9.403955E-38
93,4.701977E-38
93,2.350989E-38
93,1.175494E-38
93,5.877472E-39
93,2.938736E-39
93,1.469368E-39
93,7.34684E-40
93,3.67342E-40
93,1.83671E-40
93,9.18355E-41
93,4.591775E-41
93,2.295887E-41
93,1.147944E-41
93,5.739719E-42
93,2.869859E-42
93,1.43493E-42
93,7.174648E-43
93,3.587324E-43
93,1.793662E-43
93,8.96831E-44
93,4.484155E-44
93,2.242078E-44
93,1.121039E-44
93,5.605194E-45
93,2.802597E-45
93,1.401298E-45
93,0
93,0
93,0
93,0
93,0
93,0
93,0
93,0
93,0
93,0
93,0
93,0
93,0
93,0
93,0
93,0
93,0
93,0
93,0
93,0
93,0
93,0
93,0
93,0
93,0
93,0
93,0
93,0
93,0
93,0
93,0
93,0
93,0
93,0
93,0
93,0
93,0
93,0
93,0
93,0
93,0
93,0
93,0
93,0
93,0
93,0
93,0
93,0
93,0
93,0
93,0
93,0
93,0
93,0
93,0
93,0
93,0
93,0
93,0
93,0
93,0
93,0
93,0
93,0
93,0
93,0
93,0
93,0
93,0
93,0
93,0
93,0
93,0
93,0
93,0
93,0
93,0
93,0
93,0
93,0
93,0
93,0
93,0
93,0
93,0
93,0
93,0
93,0
93,0
93,0
93,0
93,0
93,0
93,0
93,0
93,0
93,0
93,0
93,0
93,0
93,0
93,0
93,0
93,0
93,0
93,0
93,0
93,0
93,0
93,0
93,0
93,0
93,0
93,0
93,0
93,0
93,0
93,0
93,0
93,0
93,0
93,0
93,0
100,3.5
100,1.75
100,0.875
100,0.4375
100,0.21875
100,0.109375
100,0.0546875
100,0.02734375
100,0.01367188
100,0.006835938
100,0.003417969
100,0.001708984
100,0.0008544922
100,0.0004272461
100,0.000213623
100,0.0001068115
100,5.340576E-05
100,2.670288E-05
100,1.335144E-05
100,6.67572E-06
100,3.33786E-06
100,1.66893E-06
100,8.34465E-07
100,4.172325E-07
100,2.086163E-07
100,1.043081E-07
100,5.215406E-08
100,2.607703E-08
100,1.303852E-08
100,6.519258E-09
100,3.259629E-09
100,1.629815E-09
100,8.149073E-10
100,4.074536E-10
100,2.037268E-10
100,1.018634E-10
100,5.09317E-11
100,2.546585E-11
100,1.273293E-11
100,6.366463E-12
100,3.183231E-12
100,1.591616E-12
100,7.958079E-13
100,3.979039E-13
100,1.98952E-13
100,9.947598E-14
100,4.973799E-14
100,2.4869E-14
100,1.24345E-14
100,6.217249E-15
100,3.108624E-15
100,1.554312E-15
100,7.771561E-16
100,3.885781E-16
100,1.94289E-16
100,9.714451E-17
100,4.857226E-17
100,2.428613E-17
100,1.214306E-17
100,6.071532E-18
100,3.035766E-18
100,1.517883E-18
100,7.589415E-19
100,3.794708E-19
100,1.897354E-19
100,9.486769E-20
100,4.743385E-20
100,2.371692E-20
100,1.185846E-20
100,5.929231E-21
100,2.964615E-21
100,1.482308E-21
100,7.411538E-22
100,3.705769E-22
100,1.852885E-22
100,9.264423E-23
100,4.632211E-23
100,2.316106E-23
100,1.158053E-23
100,5.790264E-24
100,2.895132E-24
100,1.447566E-24
100,7.23783E-25
100,3.618915E-25
100,1.809458E-25
100,9.047288E-26
100,4.523644E-26
100,2.261822E-26
100,1.130911E-26
100,5.654555E-27
100,2.827277E-27
100,1.413639E-27
100,7.068194E-28
100,3.534097E-28
100,1.767048E-28
100,8.835242E-29
100,4.417621E-29
100,2.208811E-29
100,1.104405E-29
100,5.522026E-30
100,2.761013E-30
100,1.380507E-30
100,6.902533E-31
100,3.451266E-31
100,1.725633E-31
100,8.628166E-32
100,4.314083E-32
100,2.157042E-32
100,1.078521E-32
100,5.392604E-33
100,2.696302E-33
100,1.348151E-33
100,6.740755E-34
100,3.370377E-34
100,1.685189E-34
100,8.425944E-35
100,4.212972E-35
100,2.106486E-35
100,1.053243E-35
100,5.266215E-36
100,2.633107E-36
100,1.316554E-36
100,6.582768E-37
100,3.291384E-37
100,1.645692E-37
100,8.22846E-38
100,4.11423E-38
100,2.057115E-38
100,1.028558E-38
100,5.142788E-39
100,2.571394E-39
100,1.285697E-39
100,6.428485E-40
100,3.214242E-40
100,1.607121E-40
100,8.035606E-41
100,4.017803E-41
100,2.008901E-41
100,1.004451E-41
100,5.022254E-42
100,2.511127E-42
100,1.255563E-42
100,6.277817E-43
100,3.138909E-43
100,1.569454E-43
100,7.847271E-44
100,3.923636E-44
100,1.961818E-44
100,9.809089E-45
100,5.605194E-45
100,2.802597E-45
100,1.401298E-45
100,0
100,0
100,0
100,0
100,0
100,0
100,0
100,0
100,0
100,0
100,0
100,0
100,0
100,0
100,0
100,0
100,0
96,2
96,1
96,0.5
96,0.25
96,0.125
96,0.0625
96,0.03125
96,0.015625
96,0.0078125
96,0.00390625
96,0.001953125
96,0.0009765625
96,0.0004882813
96,0.0002441406
96,0.0001220703
96,6.103516E-05
96,3.051758E-05
96,1.525879E-05
96,7.629395E-06
96,3.814697E-06
96,1.907349E-06
96,9.536743E-07
96,4.768372E-07
96,2.384186E-07
96,1.192093E-07
96,5.960464E-08
96,2.980232E-08
96,1.490116E-08
96,7.450581E-09
96,3.72529E-09
96,1.862645E-09
96,9.313226E-10
96,4.656613E-10
96,2.328306E-10
96,1.164153E-10
96,5.820766E-11
96,2.910383E-11
96,1.455192E-11
96,7.275958E-12
96,3.637979E-12
96,1.818989E-12
96,9.094947E-13
96,4.547474E-13
96,2.273737E-13
96,1.136868E-13
96,5.684342E-14
96,2.842171E-14
96,1.421085E-14
96,7.105427E-15
96,3.552714E-15
96,1.776357E-15
96,8.881784E-16
96,4.440892E-16
96,2.220446E-16
96,1.110223E-16
96,5.551115E-17
96,2.775558E-17
96,1.387779E-17
96,6.938894E-18
96,3.469447E-18
96,1.734723E-18
96,8.673617E-19
96,4.336809E-19
96,2.168404E-19
96,1.084202E-19
96,5.421011E-20
96,2.710505E-20
96,1.355253E-20
96,6.776264E-21
96,3.388132E-21
96,1.694066E-21
96,8.470329E-22
96,4.235165E-22
96,2.117582E-22
96,1.058791E-22
96,5.293956E-23
96,2.646978E-23
96,1.323489E-23
96,6.617445E-24
96,3.308722E-24
96,1.654361E-24
96,8.271806E-25
96,4.135903E-25
96,2.067952E-25
96,1.033976E-25
96,5.169879E-26
96,2.584939E-26
96,1.29247E-26
96,6.462349E-27
96,3.231174E-27
96,1.615587E-27
96,8.077936E-28
96,4.038968E-28
96,2.019484E-28
96,1.009742E-28
96,5.04871E-29
96,2.524355E-29
96,1.262177E-29
96,6.310887E-30
96,3.155444E-30
96,1.577722E-30
96,7.888609E-31
96,3.944305E-31
96,1.972152E-31
96,9.860761E-32
96,4.930381E-32
96,2.46519E-32
96,1.232595E-32
96,6.162976E-33
96,3.081488E-33
96,1.540744E-33
96,7.70372E-34
96,3.85186E-34
96,1.92593E-34
96,9.62965E-35
96,4.814825E-35
96,2.407412E-35
96,1.203706E-35
96,6.018531E-36
96,3.009266E-36
96,1.504633E-36
96,7.523164E-37
96,3.761582E-37
96,1.880791E-37
96,9.403955E-38
96,4.701977E-38
96,2.350989E-38
96,1.175494E-38
96,5.877472E-39
96,2.938736E-39
96,1.469368E-39
96,7.34684E-40
96,3.67342E-40
96,1.83671E-40
96,9.18355E-41
96,4.591775E-41
96,2.295887E-41
96,1.147944E-41
96,5.739719E-42
96,2.869859E-42
96,1.43493E-42
96,7.174648E-43
96,3.587324E-43
96,1.793662E-43
96,8.96831E-44
96,4.484155E-44
96,2.242078E-44
96,1.121039E-44
96,5.605194E-45
96,2.802597E-45
96,1.401298E-45
96,0
96,0
96,0
96,0
96,0
96,0
96,0
96,0
96,0
96,0
96,0
96,0
96,0
96,0
96,0
96,0
96,0
96,0
96,0
96,0
96,0
96,0
96,0
96,0
96,0
96,0
96,0
96,0
96,0
96,0
96,0
96,0
96,0
96,0
96,0
96,0
96,0
96,0
96,0
96,0
96,0
96,0
96,0
96,0
96,0
96,0
96,0
96,0
96,0
96,0
96,0
96,0
96,0
96,0
96,0
96,0
96,0
96,0
96,0
96,0
96,0
96,0
96,0
96,0
96,0
96,0
96,0
96,0
96,0
96,0
96,0
96,0
96,0
96,0
96,0
96,0
96,0
96,0
96,0
96,0
96,0
96,0
96,0
96,0
96,0
96,0
96,0
96,0
96,0
90,3
90,1.5
90,0.75
90,0.375
90,0.1875
90,0.09375
90,0.046875
90,0.0234375
90,0.01171875
90,0.005859375
90,0.002929688
90,0.001464844
90,0.0007324219
90,0.0003662109
90,0.0001831055
90,9.155273E-05
90,4.577637E-05
90,2.288818E-05
90,1.144409E-05
90,5.722046E-06
90,2.861023E-06
90,1.430511E-06
90,7.152557E-07
90,3.576279E-07
90,1.788139E-07
90,8.940697E-08
90,4.470348E-08
90,2.235174E-08
90,1.117587E-08
90,5.587935E-09
90,2.793968E-09
90,1.396984E-09
90,6.984919E-10
90,3.49246E-10
90,1.74623E-10
90,8.731149E-11
90,4.365575E-11
90,2.182787E-11
90,1.091394E-11
90,5.456968E-12
90,2.728484E-12
90,1.364242E-12
90,6.82121E-13
90,3.410605E-13
90,1.705303E-13
90,8.526513E-14
90,4.263256E-14
90,2.131628E-14
90,1.065814E-14
90,5.329071E-15
90,2.664535E-15
90,1.332268E-15
90,6.661338E-16
90,3.330669E-16
90,1.665335E-16
90,8.326673E-17
90,4.163336E-17
90,2.081668E-17
90,1.040834E-17
90,5.20417E-18
90,2.602085E-18
90,1.301043E-18
90,6.505213E-19
90,3.252607E-19
90,1.626303E-19
90,8.131516E-20
90,4.065758E-20
90,2.032879E-20
90,1.01644E-20
90,5.082198E-21
90,2.541099E-21
90,1.270549E-21
90,6.352747E-22
90,3.176374E-22
90,1.588187E-22
90,7.940934E-23
90,3.970467E-23
90,1.985233E-23
90,9.926167E-24
90,4.963084E-24
90,2.481542E-24
90,1.240771E-24
90,6.203855E-25
90,3.101927E-25
90,1.550964E-25
90,7.754818E-26
90,3.877409E-26
90,1.938705E-26
90,9.693523E-27
90,4.846761E-27
90,2.423381E-27
90,1.21169E-27
90,6.058452E-28
90,3.029226E-28
90,1.514613E-28
90,7.573065E-29
90,3.786532E-29
90,1.893266E-29
90,9.466331E-30
90,4.733165E-30
90,2.366583E-30
90,1.183291E-30
90,5.916457E-31
90,2.958228E-31
90,1.479114E-31
90,7.395571E-32
90,3.697785E-32
90,1.848893E-32
90,9.244464E-33
90,4.622232E-33
90,2.311116E-33
90,1.155558E-33
90,5.77779E-34
90,2.888895E-34
90,1.444447E-34
90,7.222237E-35
90,3.611119E-35
90,1.805559E-35
90,9.027797E-36
90,4.513898E-36
90,2.256949E-36
90,1.128475E-36
90,5.642373E-37
90,2.821186E-37
90,1.410593E-37
90,7.052966E-38
90,3.526483E-38
90,1.763242E-38
90,8.816208E-39
90,4.408104E-39
90,2.204052E-39
90,1.102026E-39
90,5.51013E-40
90,2.755065E-40
90,1.377532E-40
90,6.887662E-41
90,3.443831E-41
90,1.721916E-41
90,8.609578E-42
90,4.304789E-42
90,2.152394E-42
90,1.076197E-42
90,5.380986E-43
90,2.690493E-43
90,1.345247E-43
90,6.726233E-44
90,3.363116E-44
90,1.681558E-44
90,8.407791E-45
90,4.203895E-45
90,2.802597E-45
90,1.401298E-45
90,0
90,0
90,0
90,0
90,0
90,0
90,0
90,0
90,0
90,0
90,0
90,0
90,0
90,0
90,0
90,0
90,0
90,0
90,0
90,0
90,0
90,0
90,0
90,0
90,0
90,0
90,0
90,0
90,0
90,0
90,0
90,0
90,0
90,0
90,0
90,0
90,0
90,0
90,0
90,0
90,0
90,0
90,0
90,0
90,0
90,0
90,0
90,0
90,0
90,0
90,0
90,0
90,0
90,0
90,0
90,0
90,0
90,0
90,0
90,0
90,0
90,0
90,0
90,0
90,0
90,0
90,0
90,0
90,0
90,0
90,0
90,0
90,0
90,0
90,0
90,0
90,0
90,0
90,0
90,0
90,0
90,0
90,0
90,0
90,0
90,0
90,0
90,0
90,0
90,0
90,0
90,0
90,0
90,0
90,0
90,0
90,0
90,0
90,0
90,0
90,0
90,0
90,0
90,0
90,0
90,0
90,0
90,0
90,0
90,0
90,0
90,0
90,0
90,0
90,0
90,0
90,0
90,0
90,0
90,0
90,0
90,0
90,0
90,0
90,0
90,0
90,0
86,2
86,1
86,0.5
86,0.25
86,0.125
86,0.0625
86,0.03125
86,0.015625
86,0.0078125
86,0.00390625
86,0.001953125
86,0.0009765625
86,0.0004882813
86,0.0002441406
86,0.0001220703
86,6.103516E-05
86,3.051758E-05
86,1.525879E-05
86,7.629395E-06
86,3.814697E-06
86,1.907349E-06
86,9.536743E-07
86,4.768372E-07
86,2.384186E-07
86,1.192093E-07
86,5.960464E-08
86,2.980232E-08
86,1.490116E-08
86,7.450581E-09
86,3.72529E-09
86,1.862645E-09
86,9.313226E-10
86,4.656613E-10
86,2.328306E-10
86,1.164153E-10
86,5.820766E-11
86,2.910383E-11
86,1.455192E-11
86,7.275958E-12
86,3.637979E-12
86,1.818989E-12
86,9.094947E-13
86,4.547474E-13
86,2.273737E-13
86,1.136868E-13
86,5.684342E-14
86,2.842171E-14
86,1.421085E-14
86,7.105427E-15
86,3.552714E-15
86,1.776357E-15
86,8.881784E-16
86,4.440892E-16
86,2.220446E-16
86,1.110223E-16
86,5.551115E-17
86,2.775558E-17
86,1.387779E-17
86,6.938894E-18
86,3.469447E-18
86,1.734723E-18
86,8.673617E-19
86,4.336809E-19
86,2.168404E-19
86,1.084202E-19
86,5.421011E-20
86,2.710505E-20
86,1.355253E-20
86,6.776264E-21
86,3.388132E-21
86,1.694066E-21
86,8.470329E-22
86,4.235165E-22
86,2.117582E-22
86,1.058791E-22
86,5.293956E-23
86,2.646978E-23
86,1.323489E-23
86,6.617445E-24
86,3.308722E-24
86,1.654361E-24
86,8.271806E-25
86,4.135903E-25
86,2.067952E-25
86,1.033976E-25
86,5.169879E-26
86,2.584939E-26
86,1.29247E-26
86,6.462349E-27
86,3.231174E-27
86,1.615587E-27
86,8.077936E-28
86,4.038968E-28
86,2.019484E-28
86,1.009742E-28
86,5.04871E-29
86,2.524355E-29
86,1.262177E-29
86,6.310887E-30
86,3.155444E-30
86,1.577722E-30
86,7.888609E-31
86,3.944305E-31
86,1.972152E-31
86,9.860761E-32
86,4.930381E-32
86,2.46519E-32
86,1.232595E-32
86,6.162976E-33
86,3.081488E-33
86,1.540744E-33
86,7.70372E-34
86,3.85186E-34
86,1.92593E-34
86,9.62965E-35
86,4.814825E-35
86,2.407412E-35
86,1.203706E-35
86,6.018531E-36
86,3.009266E-36
86,1.504633E-36
86,7.523164E-37
86,3.761582E-37
86,1.880791E-37
86,9.403955E-38
86,4.701977E-38
86,2.350989E-38
86,1.175494E-38
86,5.877472E-39
86,2.938736E-39
86,1.469368E-39
86,7.34684E-40
86,3.67342E-40
86,1.83671E-40
86,9.18355E-41
86,4.591775E-41
86,2.295887E-41
86,1.147944E-41
86,5.739719E-42
86,2.869859E-42
86,1.43493E-42
86,7.174648E-43
86,3.587324E-43
86,1.793662E-43
86,8.96831E-44
86,4.484155E-44
86,2.242078E-44
86,1.121039E-44
86,5.605194E-45
86,2.802597E-45
86,1.401298E-45
86,0
86,0
86,0
86,0
86,0
86,0
86,0
86,0
86,0
86,0
86,0
86,0
86,0
86,0
86,0
86,0
86,0
86,0
86,0
86,0
86,0
86,0
86,0
86,0
86,0
86,0
86,0
86,0
86,0
86,0
86,0
86,0
86,0
86,0
86,0
86,0
86,0
86,0
86,0
86,0
86,0
86,0
86,0
86,0
86,0
86,0
86,0
86,0
86,0
86,0
86,0
86,0
86,0
86,0
86,0
86,0
86,0
86,0
86,0
86,0
86,0
86,0
86,0
86,0
86,0
86,0
86,0
86,0
86,0
86,0
86,0
86,0
86,0
86,0
86,0
86,0
86,0
86,0
86,0
86,0
86,0
86,0
86,0
86,0
86,0
86,0
86,0
86,0
86,0
86,0
86,0
86,0
86,0
86,0
86,0
86,0
86,0
84,1
84,0.5
84,0.25
84,0.125
84,0.0625
84,0.03125
84,0.015625
84,0.0078125
84,0.00390625
84,0.001953125
84,0.0009765625
84,0.0004882813
84,0.0002441406
84,0.0001220703
84,6.103516E-05
84,3.051758E-05
84,1.525879E-05
84,7.629395E-06
84,3.814697E-06
84,1.907349E-06
84,9.536743E-07
84,4.768372E-07
84,2.384186E-07
84,1.192093E-07
84,5.960464E-08
84,2.980232E-08
84,1.490116E-08
84,7.450581E-09
84,3.72529E-09
84,1.862645E-09
84,9.313226E-10
84,4.656613E-10
84,2.328306E-10
84,1.164153E-10
84,5.820766E-11
84,2.910383E-11
84,1.455192E-11
84,7.275958E-12
84,3.637979E-12
84,1.818989E-12
84,9.094947E-13
84,4.547474E-13
84,2.273737E-13
84,1.136868E-13
84,5.684342E-14
84,2.842171E-14
84,1.421085E-14
84,7.105427E-15
84,3.552714E-15
84,1.776357E-15
84,8.881784E-16
84,4.440892E-16
84,2.220446E-16
84,1.110223E-16
84,5.551115E-17
84,2.775558E-17
84,1.387779E-17
84,6.938894E-18
84,3.469447E-18
84,1.734723E-18
84,8.673617E-19
84,4.336809E-19
84,2.168404E-19
84,1.084202E-19
84,5.421011E-20
84,2.710505E-20
84,1.355253E-20
84,6.776264E-21
84,3.388132E-21
84,1.694066E-21
84,8.470329E-22
84,4.235165E-22
84,2.117582E-22
84,1.058791E-22
84,5.293956E-23
84,2.646978E-23
84,1.323489E-23
84,6.617445E-24
84,3.308722E-24
84,1.654361E-24
84,8.271806E-25
84,4.135903E-25
84,2.067952E-25
84,1.033976E-25
84,5.169879E-26
84,2.584939E-26
84,1.29247E-26
84,6.462349E-27
84,3.231174E-27
84,1.615587E-27
84,8.077936E-28
84,4.038968E-28
84,2.019484E-28
84,1.009742E-28
84,5.04871E-29
84,2.524355E-29
84,1.262177E-29
84,6.310887E-30
84,3.155444E-30
84,1.577722E-30
84,7.888609E-31
84,3.944305E-31
84,1.972152E-31
84,9.860761E-32
84,4.930381E-32
84,2.46519E-32
84,1.232595E-32
84,6.162976E-33
84,3.081488E-33
84,1.540744E-33
84,7.70372E-34
84,3.85186E-34
84,1.92593E-34
84,9.62965E-35
84,4.814825E-35
84,2.407412E-35
84,1.203706E-35
84,6.018531E-36
84,3.009266E-36
84,1.504633E-36
84,7.523164E-37
84,3.761582E-37
84,1.880791E-37
84,9.403955E-38
84,4.701977E-38
84,2.350989E-38
84,1.175494E-38
84,5.877472E-39
84,2.938736E-39
84,1.469368E-39
84,7.34684E-40
84,3.67342E-40
84,1.83671E-40
84,9.18355E-41
84,4.591775E-41
84,2.295887E-41
84,1.147944E-41
84,5.739719E-42
84,2.869859E-42
84,1.43493E-42
84,7.174648E-43
84,3.587324E-43
84,1.793662E-43
84,8.96831E-44
84,4.484155E-44
84,2.242078E-44
84,1.121039E-44
84,5.605194E-45
84,2.802597E-45
84,1.401298E-45
84,0
84,0
84,0
84,0
84,0
84,0
84,0
84,0
84,0
84,0
84,0
84,0
84,0
84,0
84,0
84,0
84,0
84,0
84,0
84,0
84,0
84,0
84,0
84,0
84,0
84,0
84,0
84,0
84,0
84,0
84,0
84,0
84,0
84,0
84,0
84,0
84,0
84,0
84,0
84,0
84,0
84,0
84,0
84,0
84,0
84,0
84,0
84,0
84,0
84,0
84,0
84,0
84,0
84,0
84,0
84,0
84,0
84,0
84,0
84,0
84,0
84,0
84,0
84,0
84,0
84,0
84,0
84,0
84,0
84,0
84,0
84,0
84,0
84,0
84,0
84,0
84,0
84,0
84,0
84,0
84,0
84,0
84,0
84,0
83,0.5
83,0.25
83,0.125
83,0.0625
83,0.03125
83,0.015625
83,0.0078125
83,0.00390625
83,0.001953125
83,0.0009765625
83,0.0004882813
83,0.0002441406
83,0.0001220703
83,6.103516E-05
83,3.051758E-05
83,1.525879E-05
83,7.629395E-06
83,3.814697E-06
83,1.907349E-06
83,9.536743E-07
83,4.768372E-07
83,2.384186E-07
83,1.192093E-07
83,5.960464E-08
83,2.980232E-08
83,1.490116E-08
83,7.450581E-09
83,3.72529E-09
83,1.862645E-09
83,9.313226E-10
83,4.656613E-10
83,2.328306E-10
83,1.164153E-10
83,5.820766E-11
83,2.910383E-11
83,1.455192E-11
83,7.275958E-12
83,3.637979E-12
83,1.818989E-12
83,9.094947E-13
83,4.547474E-13
83,2.273737E-13
83,1.136868E-13
83,5.684342E-14
83,2.842171E-14
83,1.421085E-14
83,7.105427E-15
83,3.552714E-15
83,1.776357E-15
83,8.881784E-16
83,4.440892E-16
83,2.220446E-16
83,1.110223E-16
83,5.551115E-17
83,2.775558E-17
83,1.387779E-17
83,6.938894E-18
83,3.469447E-18
83,1.734723E-18
83,8.673617E-19
83,4.336809E-19
83,2.168404E-19
83,1.084202E-19
83,5.421011E-20
83,2.710505E-20
83,1.355253E-20
83,6.776264E-21
83,3.388132E-21
83,1.694066E-21
83,8.470329E-22
83,4.235165E-22
83,2.117582E-22
83,1.058791E-22
83,5.293956E-23
83,2.646978E-23
83,1.323489E-23
83,6.617445E-24
83,3.308722E-24
83,1.654361E-24
83,8.271806E-25
83,4.135903E-25
83,2.067952E-25
83,1.033976E-25
83,5.169879E-26
83,2.584939E-26
83,1.29247E-26
83,6.462349E-27
83,3.231174E-27
83,1.615587E-27
83,8.077936E-28
83,4.038968E-28
83,2.019484E-28
83,1.009742E-28
83,5.04871E-29
83,2.524355E-29
83,1.262177E-29
83,6.310887E-30
83,3.155444E-30
83,1.577722E-30
83,7.888609E-31
83,3.944305E-31
83,1.972152E-31
83,9.860761E-32
83,4.930381E-32
83,2.46519E-32
83,1.232595E-32
83,6.162976E-33
83,3.081488E-33
83,1.540744E-33
83,7.70372E-34
83,3.85186E-34
83,1.92593E-34
83,9.62965E-35
83,4.814825E-35
83,2.407412E-35
83,1.203706E-35
83,6.018531E-36
83,3.009266E-36
83,1.504633E-36
83,7.523164E-37
83,3.761582E-37
83,1.880791E-37
83,9.403955E-38
83,4.701977E-38
83,2.350989E-38
83,1.175494E-38
83,5.877472E-39
83,2.938736E-39
83,1.469368E-39
83,7.34684E-40
83,3.67342E-40
83,1.83671E-40
83,9.18355E-41
83,4.591775E-41
83,2.295887E-41
83,1.147944E-41
83,5.739719E-42
83,2.869859E-42
83,1.43493E-42
83,7.174648E-43
83,3.587324E-43
83,1.793662E-43
83,8.96831E-44
83,4.484155E-44
83,2.242078E-44
83,1.121039E-44
83,5.605194E-45
83,2.802597E-45
83,1.401298E-45
83,0
83,0
83,0
83,0
83,0
83,0
83,0
83,0
83,0
83,0
83,0
83,0
83,0
83,0
83,0
83,0
83,0
83,0
83,0
83,0
83,0
83,0
83,0
83,0
83,0
83,0
83,0
83,0
83,0
83,0
83,0
83,0
83,0
83,0
83,0
83,0
83,0
83,0
83,0
83,0
83,0
83,0
83,0
83,0
83,0
83,0
83,0
83,0
83,0
83,0
83,0
83,0
83,0
83,0
83,0
83,0
83,0
83,0
83,0
83,0
83,0
83,0
83,0
83,0
83,0
83,0
83,0
83,0
83,0
83,0
83,0
83,0
83,0
83,0
83,0
83,0
83,0
83,0
83,0
83,0
83,0
83,0
83,0
83,0
83,0
83,0
83,0
83,0
83,0
83,0
83,0
83,0
83,0
83,0
83,0
83,0
83,0
83,0
83,0
83,0
83,0
83,0
83,0
83,0
83,0
83,0
83,0
83,0
83,0
83,0
83,0
83,0
83,0
83,0
83,0
83,0
83,0
83,0
83,0
83,0
83,0
83,0
83,0
83,0
83,0
83,0
83,0
83,0
83,0
83,0
83,0
83,0
83,0
83,0
83,0
83,0
83,0
83,0
83,0
83,0
83,0
83,0
83,0
88,2.5
88,1.25
88,0.625
88,0.3125
88,0.15625
88,0.078125
88,0.0390625
88,0.01953125
88,0.009765625
88,0.004882813
88,0.002441406
88,0.001220703
88,0.0006103516
88,0.0003051758
88,0.0001525879
88,7.629395E-05
88,3.814697E-05
88,1.907349E-05
88,9.536743E-06
88,4.768372E-06
88,2.384186E-06
88,1.192093E-06
88,5.960464E-07
88,2.980232E-07
88,1.490116E-07
88,7.450581E-08
88,3.72529E-08
88,1.862645E-08
88,9.313226E-09
88,4.656613E-09
88,2.328306E-09
88,1.164153E-09
88,5.820766E-10
88,2.910383E-10
88,1.455192E-10
88,7.275958E-11
88,3.637979E-11
88,1.818989E-11
88,9.094947E-12
88,4.547474E-12
88,2.273737E-12
88,1.136868E-12
88,5.684342E-13
88,2.842171E-13
88,1.421085E-13
88,7.105427E-14
88,3.552714E-14
88,1.776357E-14
88,8.881784E-15
88,4.440892E-15
88,2.220446E-15
88,1.110223E-15
88,5.551115E-16
88,2.775558E-16
88,1.387779E-16
88,6.938894E-17
88,3.469447E-17
88,1.734723E-17
88,8.673617E-18
88,4.336809E-18
88,2.168404E-18
88,1.084202E-18
88,5.421011E-19
88,2.710505E-19
88,1.355253E-19
88,6.776264E-20
88,3.388132E-20
88,1.694066E-20
88,8.470329E-21
88,4.235165E-21
88,2.117582E-21
88,1.058791E-21
88,5.293956E-22
88,2.646978E-22
88,1.323489E-22
88,6.617445E-23
88,3.308722E-23
88,1.654361E-23
88,8.271806E-24
88,4.135903E-24
88,2.067952E-24
88,1.033976E-24
88,5.169879E-25
88,2.584939E-25
88,1.29247E-25
88,6.462349E-26
88,3.231174E-26
88,1.615587E-26
88,8.077936E-27
88,4.038968E-27
88,2.019484E-27
88,1.009742E-27
88,5.04871E-28
88,2.524355E-28
88,1.262177E-28
88,6.310887E-29
88,3.155444E-29
88,1.577722E-29
88,7.888609E-30
88,3.944305E-30
88,1.972152E-30
88,9.860761E-31
88,4.930381E-31
88,2.46519E-31
88,1.232595E-31
88,6.162976E-32
88,3.081488E-32
88,1.540744E-32
88,7.70372E-33
88,3.85186E-33
88,1.92593E-33
88,9.62965E-34
88,4.814825E-34
88,2.407412E-34
88,1.203706E-34
88,6.018531E-35
88,3.009266E-35
88,1.504633E-35
88,7.523164E-36
88,3.761582E-36
88,1.880791E-36
88,9.403955E-37
88,4.701977E-37
88,2.350989E-37
88,1.175494E-37
88,5.877472E-38
88,2.938736E-38
88,1.469368E-38
88,7.34684E-39
88,3.67342E-39
88,1.83671E-39
88,9.18355E-40
88,4.591775E-40
88,2.295887E-40
88,1.147944E-40
88,5.739719E-41
88,2.869859E-41
88,1.43493E-41
88,7.174648E-42
88,3.587324E-42
88,1.793662E-42
88,8.96831E-43
88,4.484155E-43
88,2.242078E-43
88,1.121039E-43
88,5.605194E-44
88,2.802597E-44
88,1.401298E-44
88,7.006492E-45
88,2.802597E-45
88,1.401298E-45
88,0
88,0
88,0
88,0
88,0
88,0
88,0
88,0
88,0
88,0
88,0
88,0
88,0
88,0
88,0
88,0
88,0
88,0
88,0
88,0
88,0
88,0
88,0
88,0
88,0
88,0
88,0
88,0
88,0
88,0
88,0
88,0
88,0
88,0
88,0
88,0
88,0
88,0
88,0
88,0
88,0
88,0
88,0
88,0
88,0
88,0
88,0
88,0
88,0
88,0
88,0
88,0
88,0
88,0
88,0
88,0
88,0
88,0
88,0
88,0
88,0
88,0
88,0
88,0
88,0
88,0
88,0
88,0
88,0
88,0
88,0
88,0
88,0
88,0
88,0
88,0
88,0
88,0
88,0
88,0
88,0
88,0
88,0
88,0
88,0
88,0
88,0
88,0
88,0
88,0
88,0
88,0
88,0
88,0
88,0
88,0
88,0
88,0
88,0
88,0
88,0
88,0
88,0
88,0
88,0
88,0
88,0
88,0
88,0
88,0
88,0
88,0
88,0
88,0
88,0
88,0
88,0
88,0
88,0
88,0
88,0
88,0
88,0
88,0
88,0
88,0
88,0
88,0
88,0
88,0
88,0
88,0
88,0
88,0
88,0
88,0
88,0
88,0
88,0
88,0
88,0
88,0
88,0
88,0
88,0
88,0
88,0
88,0
88,0
88,0
88,0
88,0
88,0
88,0
88,0
88,0
88,0
88,0
88,0
88,0
88,0
88,0
88,0
88,0
88,0
88,0
88,0
88,0
88,0
88,0
88,0
88,0
88,0
88,0
88,0
88,0
88,0
88,0
88,0
88,0
88,0
88,0
88,0
88,0
97,4.5
97,2.25
97,1.125
97,0.5625
97,0.28125
97,0.140625
97,0.0703125
97,0.03515625
97,0.01757813
97,0.008789063
97,0.004394531
97,0.002197266
97,0.001098633
97,0.0005493164
97,0.0002746582
97,0.0001373291
97,6.866455E-05
97,3.433228E-05
97,1.716614E-05
97,8.583069E-06
97,4.291534E-06
97,2.145767E-06
97,1.072884E-06
97,5.364418E-07
97,2.682209E-07
97,1.341105E-07
97,6.705523E-08
97,3.352761E-08
97,1.676381E-08
97,8.381903E-09
97,4.190952E-09
97,2.095476E-09
97,1.047738E-09
97,5.238689E-10
97,2.619345E-10
97,1.309672E-10
97,6.548362E-11
97,3.274181E-11
97,1.63709E-11
97,8.185452E-12
97,4.092726E-12
97,2.046363E-12
97,1.023182E-12
97,5.115908E-13
97,2.557954E-13
97,1.278977E-13
97,6.394885E-14
97,3.197442E-14
97,1.598721E-14
97,7.993606E-15
97,3.996803E-15
97,1.998401E-15
97,9.992007E-16
97,4.996004E-16
97,2.498002E-16
97,1.249001E-16
97,6.245005E-17
97,3.122502E-17
97,1.561251E-17
97,7.806256E-18
97,3.903128E-18
97,1.951564E-18
97,9.75782E-19
97,4.87891E-19
97,2.439455E-19
97,1.219727E-19
97,6.098637E-20
97,3.049319E-20
97,1.524659E-20
97,7.623297E-21
97,3.811648E-21
97,1.905824E-21
97,9.529121E-22
97,4.76456E-22
97,2.38228E-22
97,1.19114E-22
97,5.9557E-23
97,2.97785E-23
97,1.488925E-23
97,7.444626E-24
97,3.722313E-24
97,1.861156E-24
97,9.305782E-25
97,4.652891E-25
97,2.326445E-25
97,1.163223E-25
97,5.816114E-26
97,2.908057E-26
97,1.454028E-26
97,7.270142E-27
97,3.635071E-27
97,1.817536E-27
97,9.087678E-28
97,4.543839E-28
97,2.271919E-28
97,1.13596E-28
97,5.679799E-29
97,2.839899E-29
97,1.41995E-29
97,7.099748E-30
97,3.549874E-30
97,1.774937E-30
97,8.874685E-31
97,4.437343E-31
97,2.218671E-31
97,1.109336E-31
97,5.546678E-32
97,2.773339E-32
97,1.38667E-32
97,6.933348E-33
97,3.466674E-33
97,1.733337E-33
97,8.666685E-34
97,4.333342E-34
97,2.166671E-34
97,1.083336E-34
97,5.416678E-35
97,2.708339E-35
97,1.354169E-35
97,6.770847E-36
97,3.385424E-36
97,1.692712E-36
97,8.463559E-37
97,4.23178E-37
97,2.11589E-37
97,1.057945E-37
97,5.289725E-38
97,2.644862E-38
97,1.322431E-38
97,6.612156E-39
97,3.306078E-39
97,1.653039E-39
97,8.265195E-40
97,4.132597E-40
97,2.066299E-40
97,1.033149E-40
97,5.165747E-41
97,2.582873E-41
97,1.291437E-41
97,6.457183E-42
97,3.228592E-42
97,1.614296E-42
97,8.071479E-43
97,4.03574E-43
97,2.01787E-43
97,1.008935E-43
97,5.044674E-44
97,2.522337E-44
97,1.261169E-44
97,5.605194E-45
97,2.802597E-45
97,1.401298E-45
97,0
97,0
97,0
97,0
97,0
97,0
97,0
97,0
97,0
97,0
97,0
97,0
97,0
97,0
97,0
97,0
97,0
97,0
97,0
97,0
97,0
97,0
97,0
97,0
97,0
97,0
97,0
97,0
97,0
97,0
97,0
97,0
97,0
97,0
97,0
97,0
97,0
97,0
97,0
97,0
97,0
97,0
97,0
97,0
97,0
97,0
97,0
97,0
97,0
97,0
97,0
97,0
97,0
97,0
97,0
97,0
97,0
97,0
97,0
97,0
97,0
97,0
97,0
97,0
97,0
97,0
97,0
97,0
97,0
97,0
97,0
97,0
97,0
97,0
97,0
97,0
97,0
97,0
97,0
97,0
97,0
97,0
97,0
97,0
97,0
97,0
97,0
97,0
97,0
97,0
97,0
97,0
97,0
97,0
97,0
97,0
97,0
97,0
97,0
97,0
97,0
97,0
97,0
97,0
97,0
97,0
97,0
97,0
97,0
97,0
97,0
97,0
97,0
97,0
97,0
97,0
97,0
97,0
97,0
97,0
97,0
97,0
97,0
97,0
97,0
97,0
97,0
97,0
97,0
97,0
97,0
97,0
97,0
97,0
97,0
97,0
97,0
97,0
97,0
97,0
97,0
97,0
97,0
97,0
97,0
97,0
97,0
97,0
97,0
97,0
97,0
97,0
97,0
97,0
97,0
97,0
97,0
97,0
97,0
97,0
97,0
97,0
97,0
97,0
97,0
97,0
97,0
97,0
97,0
97,0
97,0
97,0
97,0
97,0
97,0
97,0
97,0
97,0
97,0
97,0
97,0
97,0
97,0
97,0
97,0
97,0
97,0
97,0
97,0
97,0
97,0
97,0
97,0
97,0
97,0
97,0
97,0
97,0
97,0
97,0
97,0
97,0
97,0
97,0
97,0
97,0
97,0
97,0
97,0
97,0
97,0
97,0
97,0
97,0
97,0
97,0
97,0
97,0
97,0
97,0
97,0
97,0
97,0
97,0
97,0
97,0
97,0
97,0
97,0
97,0
97,0
97,0
97,0
97,0
97,0
97,0
97,0
97,0
97,0
97,0
97,0
97,0
97,0
97,0
97,0
97,0
97,0
97,0
97,0
97,0
97,0
97,0
97,0
97,0
97,0
97,0
97,0
97,0
97,0
97,0
97,0
97,0
97,0
97,0
97,0
97,0
97,0
97,0
97,0
97,0
97,0
97,0
97,0
97,0
97,0
97,0
97,0
97,0
97,0
97,0
97,0
97,0
97,0
97,0
97,0
97,0
97,0
97,0
97,0
97,0
97,0
97,0
97,0
97,0
97,0
97,0
97,0
97,0
97,0
97,0
97,0
97,0
97,0
97,0
97,0
97,0
97,0
97,0
97,0
97,0
97,0
97,0
97,0
97,0
97,0
97,0
97,0
97,0
97,0
97,0
97,0
97,0
97,0
97,0
97,0
97,0
97,0
97,0
97,0
97,0
97,0
97,0
97,0
97,0
97,0
97,0
97,0
97,0
97,0
97,0
97,0
97,0
97,0
97,0
97,0
97,0
97,0
97,0
97,0
97,0
97,0
97,0
97,0
97,0
97,0
97,0
97,0
97,0
97,0
97,0
97,0
97,0
97,0
97,0
97,0
97,0
97,0
97,0
97,0
97,0
97,0
97,0
97,0
97,0
97,0
97,0
97,0
97,0
97,0
97,0
97,0
97,0
97,0
97,0
97,0
97,0
97,0
97,0
97,0
97,0
97,0
97,0
97,0
97,0
97,0
97,0
97,0
97,0
97,0
97,0
97,0
97,0
97,0
97,0
97,0
97,0
97,0
97,0
97,0
97,0
97,0
97,0
97,0
97,0
97,0
97,0
97,0
97,0
97,0
97,0
97,0
97,0
97,0
97,0
97,0
97,0
97,0
97,0
97,0
97,0
97,0
97,0
97,0
97,0
97,0
97,0
97,0
97,0
97,0
97,0
97,0
97,0
97,0
97,0
97,0
97,0
97,0
97,0
97,0
97,0
97,0
97,0
97,0
97,0
97,0
97,0
97,0
97,0
97,0
97,0
97,0
97,0
97,0
97,0
97,0
97,0
97,0
97,0
97,0
97,0
97,0
97,0
97,0
97,0
97,0
97,0
97,0
97,0
97,0
97,0
97,0
97,0
97,0
97,0
97,0
97,0
97,0
97,0
97,0
97,0
97,0
97,0
97,0
97,0
97,0
97,0
97,0
97,0
97,0
97,0
97,0
97,0
97,0
97,0
97,0
97,0
97,0
97,0
97,0
97,0
97,0
97,0
97,0
97,0
97,0
97,0
97,0
97,0
97,0
97,0
97,0
97,0
97,0
97,0
97,0
97,0
97,0
97,0
97,0
97,0
97,0
97,0
97,0
97,0
97,0
97,0
97,0
97,0
97,0
97,0
97,0
97,0
97,0
97,0
97,0
97,0
97,0
97,0
97,0
97,0
97,0
97,0
97,0
97,0
97,0
97,0
97,0
97,0
97,0
97,0
97,0
97,0
97,0
97,0
97,0
97,0
97,0
97,0
97,0
97,0
97,0
97,0
97,0
97,0
97,0
97,0
97,0
97,0
97,0
97,0
97,0
97,0
97,0
97,0
97,0
97,0
97,0
97,0
97,0
97,0
97,0
97,0
97,0
97,0
97,0
97,0
97,0
97,0
97,0
97,0
97,0
97,0
97,0
97,0
97,0
97,0
97,0
97,0
97,0
97,0
97,0
97,0
97,0
97,0
97,0
97,0
97,0
97,0
97,0
97,0
97,0
97,0
97,0
97,0
97,0
97,0
97,0
97,0
97,0
97,0
97,0
97,0
97,0
97,0
97,0
97,0
97,0
97,0
97,0
97,0
97,0
97,0
97,0
97,0
97,0
97,0
97,0
97,0
97,0
97,0
97,0
97,0
97,0
97,0
97,0
97,0
97,0
97,0
97,0
97,0
97,0
97,0
97,0
97,0
97,0
97,0
97,0
97,0
97,0
97,0
97,0
97,0
97,0
97,0
97,0
97,0
97,0
97,0
97,0
97,0
97,0
97,0
97,0
97,0
97,0
97,0
97,0
97,0
97,0
97,0
97,0
97,0
97,0
97,0
97,0
97,0
97,0
97,0
97,0
97,0
97,0
97,0
97,0
97,0
97,0
97,0
97,0
97,0
97,0
97,0
97,0
97,0
97,0
103,3
103,1.5
103,0.75
103,0.375
103,0.1875
103,0.09375
103,0.046875
103,0.0234375
103,0.01171875
103,0.005859375
103,0.002929688
103,0.001464844
103,0.0007324219
103,0.0003662109
103,0.0001831055
103,9.155273E-05
103,4.577637E-05
103,2.288818E-05
103,1.144409E-05
103,5.722046E-06
103,2.861023E-06
103,1.430511E-06
103,7.152557E-07
103,3.576279E-07
103,1.788139E-07
103,8.940697E-08
103,4.470348E-08
103,2.235174E-08
103,1.117587E-08
103,5.587935E-09
103,2.793968E-09
103,1.396984E-09
103,6.984919E-10
103,3.49246E-10
103,1.74623E-10
103,8.731149E-11
103,4.365575E-11
103,2.182787E-11
103,1.091394E-11
103,5.456968E-12
103,2.728484E-12
103,1.364242E-12
103,6.82121E-13
103,3.410605E-13
103,1.705303E-13
103,8.526513E-14
103,4.263256E-14
103,2.131628E-14
103,1.065814E-14
103,5.329071E-15
103,2.664535E-15
103,1.332268E-15
103,6.661338E-16
103,3.330669E-16
103,1.665335E-16
103,8.326673E-17
103,4.163336E-17
103,2.081668E-17
103,1.040834E-17
103,5.20417E-18
103,2.602085E-18
103,1.301043E-18
103,6.505213E-19
103,3.252607E-19
103,1.626303E-19
103,8.131516E-20
103,4.065758E-20
103,2.032879E-20
103,1.01644E-20
103,5.082198E-21
103,2.541099E-21
103,1.270549E-21
103,6.352747E-22
103,3.176374E-22
103,1.588187E-22
103,7.940934E-23
103,3.970467E-23
103,1.985233E-23
103,9.926167E-24
103,4.963084E-24
103,2.481542E-24
103,1.240771E-24
103,6.203855E-25
103,3.101927E-25
103,1.550964E-25
103,7.754818E-26
103,3.877409E-26
103,1.938705E-26
103,9.693523E-27
103,4.846761E-27
103,2.423381E-27
103,1.21169E-27
103,6.058452E-28
103,3.029226E-28
103,1.514613E-28
103,7.573065E-29
103,3.786532E-29
103,1.893266E-29
103,9.466331E-30
103,4.733165E-30
103,2.366583E-30
103,1.183291E-30
103,5.916457E-31
103,2.958228E-31
103,1.479114E-31
103,7.395571E-32
103,3.697785E-32
103,1.848893E-32
103,9.244464E-33
103,4.622232E-33
103,2.311116E-33
103,1.155558E-33
103,5.77779E-34
103,2.888895E-34
103,1.444447E-34
103,7.222237E-35
103,3.611119E-35
103,1.805559E-35
103,9.027797E-36
103,4.513898E-36
103,2.256949E-36
103,1.128475E-36
103,5.642373E-37
103,2.821186E-37
103,1.410593E-37
103,7.052966E-38
103,3.526483E-38
103,1.763242E-38
103,8.816208E-39
103,4.408104E-39
103,2.204052E-39
103,1.102026E-39
103,5.51013E-40
103,2.755065E-40
103,1.377532E-40
103,6.887662E-41
103,3.443831E-41
103,1.721916E-41
103,8.609578E-42
103,4.304789E-42
103,2.152394E-42
103,1.076197E-42
103,5.380986E-43
103,2.690493E-43
103,1.345247E-43
103,6.726233E-44
103,3.363116E-44
103,1.681558E-44
103,8.407791E-45
103,4.203895E-45
103,2.802597E-45
103,1.401298E-45
103,0
103,0
103,0
103,0
103,0
103,0
103,0
103,0
103,0
103,0
103,0
103,0
103,0
103,0
103,0
103,0
103,0
103,0
103,0
103,0
103,0
103,0
103,0
103,0
103,0
103,0
103,0
103,0
103,0
103,0
103,0
103,0
101,1
101,0.5
101,0.25
101,0.125
101,0.0625
101,0.03125
101,0.015625
101,0.0078125
101,0.00390625
101,0.001953125
101,0.0009765625
101,0.0004882813
101,0.0002441406
101,0.0001220703
101,6.103516E-05
101,3.051758E-05
101,1.525879E-05
101,7.629395E-06
101,3.814697E-06
101,1.907349E-06
101,9.536743E-07
101,4.768372E-07
101,2.384186E-07
101,1.192093E-07
101,5.960464E-08
101,2.980232E-08
101,1.490116E-08
101,7.450581E-09
101,3.72529E-09
101,1.862645E-09
101,9.313226E-10
101,4.656613E-10
101,2.328306E-10
101,1.164153E-10
101,5.820766E-11
101,2.910383E-11
101,1.455192E-11
101,7.275958E-12
101,3.637979E-12
101,1.818989E-12
101,9.094947E-13
101,4.547474E-13
101,2.273737E-13
101,1.136868E-13
101,5.684342E-14
101,2.842171E-14
101,1.421085E-14
101,7.105427E-15
101,3.552714E-15
101,1.776357E-15
101,8.881784E-16
101,4.440892E-16
101,2.220446E-16
101,1.110223E-16
101,5.551115E-17
101,2.775558E-17
101,1.387779E-17
101,6.938894E-18
101,3.469447E-18
101,1.734723E-18
101,8.673617E-19
101,4.336809E-19
101,2.168404E-19
101,1.084202E-19
101,5.421011E-20
101,2.710505E-20
101,1.355253E-20
101,6.776264E-21
101,3.388132E-21
101,1.694066E-21
101,8.470329E-22
101,4.235165E-22
101,2.117582E-22
101,1.058791E-22
101,5.293956E-23
101,2.646978E-23
101,1.323489E-23
101,6.617445E-24
101,3.308722E-24
101,1.654361E-24
101,8.271806E-25
101,4.135903E-25
101,2.067952E-25
101,1.033976E-25
101,5.169879E-26
101,2.584939E-26
101,1.29247E-26
101,6.462349E-27
101,3.231174E-27
101,1.615587E-27
101,8.077936E-28
101,4.038968E-28
101,2.019484E-28
101,1.009742E-28
101,5.04871E-29
101,2.524355E-29
101,1.262177E-29
101,6.310887E-30
101,3.155444E-30
101,1.577722E-30
101,7.888609E-31
101,3.944305E-31
101,1.972152E-31
101,9.860761E-32
101,4.930381E-32
101,2.46519E-32
101,1.232595E-32
101,6.162976E-33
101,3.081488E-33
101,1.540744E-33
101,7.70372E-34
101,3.85186E-34
101,1.92593E-34
101,9.62965E-35
101,4.814825E-35
101,2.407412E-35
101,1.203706E-35
101,6.018531E-36
101,3.009266E-36
101,1.504633E-36
101,7.523164E-37
101,3.761582E-37
101,1.880791E-37
101,9.403955E-38
101,4.701977E-38
101,2.350989E-38
101,1.175494E-38
101,5.877472E-39
101,2.938736E-39
101,1.469368E-39
101,7.34684E-40
101,3.67342E-40
101,1.83671E-40
101,9.18355E-41
101,4.591775E-41
101,2.295887E-41
101,1.147944E-41
101,5.739719E-42
101,2.869859E-42
101,1.43493E-42
101,7.174648E-43
101,3.587324E-43
101,1.793662E-43
101,8.96831E-44
101,4.484155E-44
101,2.242078E-44
101,1.121039E-44
101,5.605194E-45
101,2.802597E-45
101,1.401298E-45
101,0
101,0
101,0
101,0
101,0
101,0
101,0
101,0
101,0
101,0
101,0
101,0
101,0
101,0
101,0
101,0
101,0
101,0
101,0
101,0
101,0
101,0
101,0
101,0
101,0
101,0
101,0
101,0
101,0
101,0
101,0
101,0
101,0
101,0
101,0
101,0
101,0
101,0
101,0
101,0
101,0
101,0
101,0
101,0
101,0
101,0
101,0
101,0
101,0
101,0
101,0
101,0
101,0
101,0
101,0
101,0
101,0
101,0
101,0
101,0
101,0
101,0
101,0
101,0
101,0
101,0
101,0
101,0
101,0
101,0
101,0
101,0
101,0
101,0
101,0
101,0
101,0
101,0
101,0
101,0
101,0
101,0
101,0
101,0
101,0
101,0
101,0
101,0
101,0
101,0
101,0
101,0
101,0
101,0
101,0
101,0
101,0
101,0
94,3.5
94,1.75
94,0.875
94,0.4375
94,0.21875
94,0.109375
94,0.0546875
94,0.02734375
94,0.01367188
94,0.006835938
94,0.003417969
94,0.001708984
94,0.0008544922
94,0.0004272461
94,0.000213623
94,0.0001068115
94,5.340576E-05
94,2.670288E-05
94,1.335144E-05
94,6.67572E-06
94,3.33786E-06
94,1.66893E-06
94,8.34465E-07
94,4.172325E-07
94,2.086163E-07
94,1.043081E-07
94,5.215406E-08
94,2.607703E-08
94,1.303852E-08
94,6.519258E-09
94,3.259629E-09
94,1.629815E-09
94,8.149073E-10
94,4.074536E-10
94,2.037268E-10
94,1.018634E-10
94,5.09317E-11
94,2.546585E-11
94,1.273293E-11
94,6.366463E-12
94,3.183231E-12
94,1.591616E-12
94,7.958079E-13
94,3.979039E-13
94,1.98952E-13
94,9.947598E-14
94,4.973799E-14
94,2.4869E-14
94,1.24345E-14
94,6.217249E-15
94,3.108624E-15
94,1.554312E-15
94,7.771561E-16
94,3.885781E-16
94,1.94289E-16
94,9.714451E-17
94,4.857226E-17
94,2.428613E-17
94,1.214306E-17
94,6.071532E-18
94,3.035766E-18
94,1.517883E-18
94,7.589415E-19
94,3.794708E-19
94,1.897354E-19
94,9.486769E-20
94,4.743385E-20
94,2.371692E-20
94,1.185846E-20
94,5.929231E-21
94,2.964615E-21
94,1.482308E-21
94,7.411538E-22
94,3.705769E-22
94,1.852885E-22
94,9.264423E-23
94,4.632211E-23
94,2.316106E-23
94,1.158053E-23
94,5.790264E-24
94,2.895132E-24
94,1.447566E-24
94,7.23783E-25
94,3.618915E-25
94,1.809458E-25
94,9.047288E-26
94,4.523644E-26
94,2.261822E-26
94,1.130911E-26
94,5.654555E-27
94,2.827277E-27
94,1.413639E-27
94,7.068194E-28
94,3.534097E-28
94,1.767048E-28
94,8.835242E-29
94,4.417621E-29
94,2.208811E-29
94,1.104405E-29
94,5.522026E-30
94,2.761013E-30
94,1.380507E-30
94,6.902533E-31
94,3.451266E-31
94,1.725633E-31
94,8.628166E-32
94,4.314083E-32
94,2.157042E-32
94,1.078521E-32
94,5.392604E-33
94,2.696302E-33
94,1.348151E-33
94,6.740755E-34
94,3.370377E-34
94,1.685189E-34
94,8.425944E-35
94,4.212972E-35
94,2.106486E-35
94,1.053243E-35
94,5.266215E-36
94,2.633107E-36
94,1.316554E-36
94,6.582768E-37
94,3.291384E-37
94,1.645692E-37
94,8.22846E-38
94,4.11423E-38
94,2.057115E-38
94,1.028558E-38
94,5.142788E-39
94,2.571394E-39
94,1.285697E-39
94,6.428485E-40
94,3.214242E-40
94,1.607121E-40
94,8.035606E-41
94,4.017803E-41
94,2.008901E-41
94,1.004451E-41
94,5.022254E-42
94,2.511127E-42
94,1.255563E-42
94,6.277817E-43
94,3.138909E-43
94,1.569454E-43
94,7.847271E-44
94,3.923636E-44
94,1.961818E-44
94,9.809089E-45
94,5.605194E-45
94,2.802597E-45
94,1.401298E-45
94,0
94,0
94,0
94,0
94,0
94,0
94,0
94,0
94,0
94,0
94,0
94,0
94,0
94,0
94,0
94,0
94,0
94,0
94,0
94,0
94,0
94,0
94,0
94,0
94,0
94,0
94,0
94,0
94,0
94,0
94,0
94,0
94,0
94,0
94,0
94,0
94,0
94,0
94,0
94,0
94,0
94,0
94,0
94,0
94,0
94,0
94,0
94,0
94,0
94,0
94,0
94,0
94,0
94,0
94,0
94,0
94,0
94,0
94,0
94,0
94,0
94,0
94,0
94,0
94,0
94,0
94,0
94,0
94,0
94,0
94,0
94,0
94,0
94,0
94,0
94,0
94,0
94,0
94,0
94,0
94,0
94,0
94,0
94,0
94,0
94,0
95,0.5
95,0.25
95,0.125
95,0.0625
95,0.03125
95,0.015625
95,0.0078125
95,0.00390625
95,0.001953125
95,0.0009765625
95,0.0004882813
95,0.0002441406
95,0.0001220703
95,6.103516E-05
95,3.051758E-05
95,1.525879E-05
95,7.629395E-06
95,3.814697E-06
95,1.907349E-06
95,9.536743E-07
95,4.768372E-07
95,2.384186E-07
95,1.192093E-07
95,5.960464E-08
95,2.980232E-08
95,1.490116E-08
95,7.450581E-09
95,3.72529E-09
95,1.862645E-09
95,9.313226E-10
95,4.656613E-10
95,2.328306E-10
95,1.164153E-10
95,5.820766E-11
95,2.910383E-11
95,1.455192E-11
95,7.275958E-12
95,3.637979E-12
95,1.818989E-12
95,9.094947E-13
95,4.547474E-13
95,2.273737E-13
95,1.136868E-13
95,5.684342E-14
95,2.842171E-14
95,1.421085E-14
95,7.105427E-15
95,3.552714E-15
95,1.776357E-15
95,8.881784E-16
95,4.440892E-16
95,2.220446E-16
95,1.110223E-16
95,5.551115E-17
95,2.775558E-17
95,1.387779E-17
95,6.938894E-18
95,3.469447E-18
95,1.734723E-18
95,8.673617E-19
95,4.336809E-19
95,2.168404E-19
95,1.084202E-19
95,5.421011E-20
95,2.710505E-20
95,1.355253E-20
95,6.776264E-21
95,3.388132E-21
95,1.694066E-21
95,8.470329E-22
95,4.235165E-22
95,2.117582E-22
95,1.058791E-22
95,5.293956E-23
95,2.646978E-23
95,1.323489E-23
95,6.617445E-24
95,3.308722E-24
95,1.654361E-24
95,8.271806E-25
95,4.135903E-25
95,2.067952E-25
95,1.033976E-25
95,5.169879E-26
95,2.584939E-26
95,1.29247E-26
95,6.462349E-27
95,3.231174E-27
95,1.615587E-27
95,8.077936E-28
95,4.038968E-28
95,2.019484E-28
95,1.009742E-28
95,5.04871E-29
95,2.524355E-29
95,1.262177E-29
95,6.310887E-30
95,3.155444E-30
95,1.577722E-30
95,7.888609E-31
95,3.944305E-31
95,1.972152E-31
95,9.860761E-32
95,4.930381E-32
95,2.46519E-32
95,1.232595E-32
95,6.162976E-33
95,3.081488E-33
95,1.540744E-33
95,7.70372E-34
95,3.85186E-34
95,1.92593E-34
95,9.62965E-35
95,4.814825E-35
95,2.407412E-35
95,1.203706E-35
95,6.018531E-36
95,3.009266E-36
95,1.504633E-36
95,7.523164E-37
95,3.761582E-37
95,1.880791E-37
95,9.403955E-38
95,4.701977E-38
95,2.350989E-38
95,1.175494E-38
95,5.877472E-39
95,2.938736E-39
95,1.469368E-39
95,7.34684E-40
95,3.67342E-40
95,1.83671E-40
95,9.18355E-41
95,4.591775E-41
95,2.295887E-41
95,1.147944E-41
95,5.739719E-42
95,2.869859E-42
95,1.43493E-42
95,7.174648E-43
95,3.587324E-43
95,1.793662E-43
95,8.96831E-44
95,4.484155E-44
95,2.242078E-44
95,1.121039E-44
95,5.605194E-45
95,2.802597E-45
95,1.401298E-45
95,0
95,0
95,0
95,0
95,0
95,0
95,0
95,0
95,0
95,0
95,0
95,0
95,0
95,0
95,0
95,0
95,0
95,0
95,0
95,0
95,0
95,0
95,0
95,0
95,0
95,0
95,0
95,0
95,0
95,0
95,0
95,0
90,2.5
90,1.25
90,0.625
90,0.3125
90,0.15625
90,0.078125
90,0.0390625
90,0.01953125
90,0.009765625
90,0.004882813
90,0.002441406
90,0.001220703
90,0.0006103516
90,0.0003051758
90,0.0001525879
90,7.629395E-05
90,3.814697E-05
90,1.907349E-05
90,9.536743E-06
90,4.768372E-06
90,2.384186E-06
90,1.192093E-06
90,5.960464E-07
90,2.980232E-07
90,1.490116E-07
90,7.450581E-08
90,3.72529E-08
90,1.862645E-08
90,9.313226E-09
90,4.656613E-09
90,2.328306E-09
90,1.164153E-09
90,5.820766E-10
90,2.910383E-10
90,1.455192E-10
90,7.275958E-11
90,3.637979E-11
90,1.818989E-11
90,9.094947E-12
90,4.547474E-12
90,2.273737E-12
90,1.136868E-12
90,5.684342E-13
90,2.842171E-13
90,1.421085E-13
90,7.105427E-14
90,3.552714E-14
90,1.776357E-14
90,8.881784E-15
90,4.440892E-15
90,2.220446E-15
90,1.110223E-15
90,5.551115E-16
90,2.775558E-16
90,1.387779E-16
90,6.938894E-17
90,3.469447E-17
90,1.734723E-17
90,8.673617E-18
90,4.336809E-18
90,2.168404E-18
90,1.084202E-18
90,5.421011E-19
90,2.710505E-19
90,1.355253E-19
90,6.776264E-20
90,3.388132E-20
90,1.694066E-20
90,8.470329E-21
90,4.235165E-21
90,2.117582E-21
90,1.058791E-21
90,5.293956E-22
90,2.646978E-22
90,1.323489E-22
90,6.617445E-23
90,3.308722E-23
90,1.654361E-23
90,8.271806E-24
90,4.135903E-24
90,2.067952E-24
90,1.033976E-24
90,5.169879E-25
90,2.584939E-25
90,1.29247E-25
90,6.462349E-26
90,3.231174E-26
90,1.615587E-26
90,8.077936E-27
90,4.038968E-27
90,2.019484E-27
90,1.009742E-27
90,5.04871E-28
90,2.524355E-28
90,1.262177E-28
90,6.310887E-29
90,3.155444E-29
90,1.577722E-29
90,7.888609E-30
90,3.944305E-30
90,1.972152E-30
90,9.860761E-31
90,4.930381E-31
90,2.46519E-31
90,1.232595E-31
90,6.162976E-32
90,3.081488E-32
90,1.540744E-32
90,7.70372E-33
90,3.85186E-33
90,1.92593E-33
90,9.62965E-34
90,4.814825E-34
90,2.407412E-34
90,1.203706E-34
90,6.018531E-35
90,3.009266E-35
90,1.504633E-35
90,7.523164E-36
90,3.761582E-36
90,1.880791E-36
90,9.403955E-37
90,4.701977E-37
90,2.350989E-37
90,1.175494E-37
90,5.877472E-38
90,2.938736E-38
90,1.469368E-38
90,7.34684E-39
90,3.67342E-39
90,1.83671E-39
90,9.18355E-40
90,4.591775E-40
90,2.295887E-40
90,1.147944E-40
90,5.739719E-41
90,2.869859E-41
90,1.43493E-41
90,7.174648E-42
90,3.587324E-42
90,1.793662E-42
90,8.96831E-43
90,4.484155E-43
90,2.242078E-43
90,1.121039E-43
90,5.605194E-44
90,2.802597E-44
90,1.401298E-44
90,7.006492E-45
90,2.802597E-45
90,1.401298E-45
90,0
90,0
90,0
90,0
90,0
90,0
90,0
90,0
90,0
90,0
90,0
90,0
90,0
90,0
90,0
90,0
90,0
90,0
90,0
90,0
90,0
90,0
90,0
90,0
90,0
90,0
90,0
90,0
90,0
90,0
90,0
90,0
90,0
90,0
90,0
90,0
90,0
90,0
90,0
90,0
90,0
90,0
90,0
90,0
90,0
90,0
90,0
90,0
90,0
90,0
90,0
90,0
90,0
90,0
90,0
90,0
90,0
90,0
90,0
90,0
90,0
90,0
90,0
90,0
90,0
90,0
90,0
90,0
90,0
90,0
90,0
90,0
90,0
90,0
90,0
90,0
90,0
90,0
90,0
90,0
90,0
90,0
90,0
90,0
90,0
90,0
90,0
90,0
90,0
90,0
90,0
90,0
90,0
90,0
90,0
90,0
86,2
86,1
86,0.5
86,0.25
86,0.125
86,0.0625
86,0.03125
86,0.015625
86,0.0078125
86,0.00390625
86,0.001953125
86,0.0009765625
86,0.0004882813
86,0.0002441406
86,0.0001220703
86,6.103516E-05
86,3.051758E-05
86,1.525879E-05
86,7.629395E-06
86,3.814697E-06
86,1.907349E-06
86,9.536743E-07
86,4.768372E-07
86,2.384186E-07
86,1.192093E-07
86,5.960464E-08
86,2.980232E-08
86,1.490116E-08
86,7.450581E-09
86,3.72529E-09
86,1.862645E-09
86,9.313226E-10
86,4.656613E-10
86,2.328306E-10
86,1.164153E-10
86,5.820766E-11
86,2.910383E-11
86,1.455192E-11
86,7.275958E-12
86,3.637979E-12
86,1.818989E-12
86,9.094947E-13
86,4.547474E-13
86,2.273737E-13
86,1.136868E-13
86,5.684342E-14
86,2.842171E-14
86,1.421085E-14
86,7.105427E-15
86,3.552714E-15
86,1.776357E-15
86,8.881784E-16
86,4.440892E-16
86,2.220446E-16
86,1.110223E-16
86,5.551115E-17
86,2.775558E-17
86,1.387779E-17
86,6.938894E-18
86,3.469447E-18
86,1.734723E-18
86,8.673617E-19
86,4.336809E-19
86,2.168404E-19
86,1.084202E-19
86,5.421011E-20
86,2.710505E-20
86,1.355253E-20
86,6.776264E-21
86,3.388132E-21
86,1.694066E-21
86,8.470329E-22
86,4.235165E-22
86,2.117582E-22
86,1.058791E-22
86,5.293956E-23
86,2.646978E-23
86,1.323489E-23
86,6.617445E-24
86,3.308722E-24
86,1.654361E-24
86,8.271806E-25
86,4.135903E-25
86,2.067952E-25
86,1.033976E-25
86,5.169879E-26
86,2.584939E-26
86,1.29247E-26
86,6.462349E-27
86,3.231174E-27
86,1.615587E-27
86,8.077936E-28
86,4.038968E-28
86,2.019484E-28
86,1.009742E-28
86,5.04871E-29
86,2.524355E-29
86,1.262177E-29
86,6.310887E-30
86,3.155444E-30
86,1.577722E-30
86,7.888609E-31
86,3.944305E-31
86,1.972152E-31
86,9.860761E-32
86,4.930381E-32
86,2.46519E-32
86,1.232595E-32
86,6.162976E-33
86,3.081488E-33
86,1.540744E-33
86,7.70372E-34
86,3.85186E-34
86,1.92593E-34
86,9.62965E-35
86,4.814825E-35
86,2.407412E-35
86,1.203706E-35
86,6.018531E-36
86,3.009266E-36
86,1.504633E-36
86,7.523164E-37
86,3.761582E-37
86,1.880791E-37
86,9.403955E-38
86,4.701977E-38
86,2.350989E-38
86,1.175494E-38
86,5.877472E-39
86,2.938736E-39
86,1.469368E-39
86,7.34684E-40
86,3.67342E-40
86,1.83671E-40
86,9.18355E-41
86,4.591775E-41
86,2.295887E-41
86,1.147944E-41
86,5.739719E-42
86,2.869859E-42
86,1.43493E-42
86,7.174648E-43
86,3.587324E-43
86,1.793662E-43
86,8.96831E-44
86,4.484155E-44
86,2.242078E-44
86,1.121039E-44
86,5.605194E-45
86,2.802597E-45
86,1.401298E-45
86,0
86,0
86,0
86,0
86,0
86,0
86,0
86,0
86,0
86,0
86,0
86,0
86,0
86,0
86,0
86,0
86,0
86,0
86,0
86,0
86,0
86,0
86,0
86,0
86,0
86,0
86,0
86,0
86,0
86,0
86,0
86,0
86,0
86,0
86,0
86,0
86,0
86,0
86,0
86,0
86,0
86,0
86,0
86,0
86,0
86,0
86,0
86,0
86,0
86,0
86,0
86,0
86,0
86,0
86,0
86,0
86,0
86,0
86,0
86,0
86,0
86,0
86,0
86,0
86,0
86,0
86,0
86,0
86,0
86,0
86,0
86,0
86,0
86,0
86,0
86,0
86,0
86,0
86,0
86,0
86,0
86,0
86,0
86,0
86,0
86,0
86,0
86,0
86,0
86,0
86,0
86,0
86,0
86,0
86,0
86,0
86,0
86,0
86,0
86,0
86,0
86,0
86,0
86,0
86,0
86,0
86,0
86,0
86,0
86,0
86,0
86,0
86,0
86,0
86,0
86,0
86,0
86,0
86,0
86,0
86,0
86,0
86,0
86,0
86,0
86,0
86,0
86,0
86,0
86,0
86,0
86,0
86,0
86,0
86,0
86,0
86,0
86,0
86,0
86,0
86,0
86,0
86,0
86,0
86,0
86,0
86,0
86,0
86,0
86,0
86,0
86,0
86,0
86,0
86,0
86,0
86,0
84,1
84,0.5
84,0.25
84,0.125
84,0.0625
84,0.03125
84,0.015625
84,0.0078125
84,0.00390625
84,0.001953125
84,0.0009765625
84,0.0004882813
84,0.0002441406
84,0.0001220703
84,6.103516E-05
84,3.051758E-05
84,1.525879E-05
84,7.629395E-06
84,3.814697E-06
84,1.907349E-06
84,9.536743E-07
84,4.768372E-07
84,2.384186E-07
84,1.192093E-07
84,5.960464E-08
84,2.980232E-08
84,1.490116E-08
84,7.450581E-09
84,3.72529E-09
84,1.862645E-09
84,9.313226E-10
84,4.656613E-10
84,2.328306E-10
84,1.164153E-10
84,5.820766E-11
84,2.910383E-11
84,1.455192E-11
84,7.275958E-12
84,3.637979E-12
84,1.818989E-12
84,9.094947E-13
84,4.547474E-13
84,2.273737E-13
84,1.136868E-13
84,5.684342E-14
84,2.842171E-14
84,1.421085E-14
84,7.105427E-15
84,3.552714E-15
84,1.776357E-15
84,8.881784E-16
84,4.440892E-16
84,2.220446E-16
84,1.110223E-16
84,5.551115E-17
84,2.775558E-17
84,1.387779E-17
84,6.938894E-18
84,3.469447E-18
84,1.734723E-18
84,8.673617E-19
84,4.336809E-19
84,2.168404E-19
84,1.084202E-19
84,5.421011E-20
84,2.710505E-20
84,1.355253E-20
84,6.776264E-21
84,3.388132E-21
84,1.694066E-21
84,8.470329E-22
84,4.235165E-22
84,2.117582E-22
84,1.058791E-22
84,5.293956E-23
84,2.646978E-23
84,1.323489E-23
84,6.617445E-24
84,3.308722E-24
84,1.654361E-24
84,8.271806E-25
84,4.135903E-25
84,2.067952E-25
84,1.033976E-25
84,5.169879E-26
84,2.584939E-26
84,1.29247E-26
84,6.462349E-27
84,3.231174E-27
84,1.615587E-27
84,8.077936E-28
84,4.038968E-28
84,2.019484E-28
84,1.009742E-28
84,5.04871E-29
84,2.524355E-29
84,1.262177E-29
84,6.310887E-30
84,3.155444E-30
84,1.577722E-30
84,7.888609E-31
84,3.944305E-31
84,1.972152E-31
84,9.860761E-32
84,4.930381E-32
84,2.46519E-32
84,1.232595E-32
84,6.162976E-33
84,3.081488E-33
84,1.540744E-33
84,7.70372E-34
84,3.85186E-34
84,1.92593E-34
84,9.62965E-35
84,4.814825E-35
84,2.407412E-35
84,1.203706E-35
84,6.018531E-36
84,3.009266E-36
84,1.504633E-36
84,7.523164E-37
84,3.761582E-37
84,1.880791E-37
84,9.403955E-38
84,4.701977E-38
84,2.350989E-38
84,1.175494E-38
84,5.877472E-39
84,2.938736E-39
84,1.469368E-39
84,7.34684E-40
84,3.67342E-40
84,1.83671E-40
84,9.18355E-41
84,4.591775E-41
84,2.295887E-41
84,1.147944E-41
84,5.739719E-42
84,2.869859E-42
84,1.43493E-42
84,7.174648E-43
84,3.587324E-43
84,1.793662E-43
84,8.96831E-44
84,4.484155E-44
84,2.242078E-44
84,1.121039E-44
84,5.605194E-45
84,2.802597E-45
84,1.401298E-45
84,0
84,0
84,0
84,0
84,0
84,0
84,0
84,0
84,0
84,0
84,0
84,0
84,0
84,0
84,0
84,0
84,0
84,0
84,0
84,0
84,0
84,0
84,0
84,0
84,0
84,0
84,0
84,0
84,0
84,0
84,0
84,0
84,0
84,0
84,0
84,0
84,0
84,0
84,0
84,0
84,0
84,0
84,0
84,0
84,0
84,0
84,0
84,0
84,0
84,0
84,0
84,0
84,0
84,0
84,0
84,0
84,0
84,0
84,0
84,0
84,0
84,0
84,0
84,0
84,0
84,0
84,0
84,0
84,0
84,0
84,0
84,0
84,0
84,0
84,0
84,0
84,0
84,0
84,0
84,0
84,0
84,0
84,0
84,0
84,0
84,0
84,0
84,0
84,0
84,0
84,0
84,0
84,0
84,0
84,0
84,0
84,0
84,0
84,0
84,0
84,0
84,0
84,0
84,0
84,0
84,0
84,0
84,0
84,0
84,0
84,0
84,0
84,0
84,0
84,0
84,0
84,0
84,0
84,0
84,0
84,0
84,0
84,0
84,0
84,0
84,0
84,0
84,0
84,0
84,0
84,0
84,0
84,0
84,0
84,0
88,2
88,1
88,0.5
88,0.25
88,0.125
88,0.0625
88,0.03125
88,0.015625
88,0.0078125
88,0.00390625
88,0.001953125
88,0.0009765625
88,0.0004882813
88,0.0002441406
88,0.0001220703
88,6.103516E-05
88,3.051758E-05
88,1.525879E-05
88,7.629395E-06
88,3.814697E-06
88,1.907349E-06
88,9.536743E-07
88,4.768372E-07
88,2.384186E-07
88,1.192093E-07
88,5.960464E-08
88,2.980232E-08
88,1.490116E-08
88,7.450581E-09
88,3.72529E-09
88,1.862645E-09
88,9.313226E-10
88,4.656613E-10
88,2.328306E-10
88,1.164153E-10
88,5.820766E-11
88,2.910383E-11
88,1.455192E-11
88,7.275958E-12
88,3.637979E-12
88,1.818989E-12
88,9.094947E-13
88,4.547474E-13
88,2.273737E-13
88,1.136868E-13
88,5.684342E-14
88,2.842171E-14
88,1.421085E-14
88,7.105427E-15
88,3.552714E-15
88,1.776357E-15
88,8.881784E-16
88,4.440892E-16
88,2.220446E-16
88,1.110223E-16
88,5.551115E-17
88,2.775558E-17
88,1.387779E-17
88,6.938894E-18
88,3.469447E-18
88,1.734723E-18
88,8.673617E-19
88,4.336809E-19
88,2.168404E-19
88,1.084202E-19
88,5.421011E-20
88,2.710505E-20
88,1.355253E-20
88,6.776264E-21
88,3.388132E-21
88,1.694066E-21
88,8.470329E-22
88,4.235165E-22
88,2.117582E-22
88,1.058791E-22
88,5.293956E-23
88,2.646978E-23
88,1.323489E-23
88,6.617445E-24
88,3.308722E-24
88,1.654361E-24
88,8.271806E-25
88,4.135903E-25
88,2.067952E-25
88,1.033976E-25
88,5.169879E-26
88,2.584939E-26
88,1.29247E-26
88,6.462349E-27
88,3.231174E-27
88,1.615587E-27
88,8.077936E-28
88,4.038968E-28
88,2.019484E-28
88,1.009742E-28
88,5.04871E-29
88,2.524355E-29
88,1.262177E-29
88,6.310887E-30
88,3.155444E-30
88,1.577722E-30
88,7.888609E-31
88,3.944305E-31
88,1.972152E-31
88,9.860761E-32
88,4.930381E-32
88,2.46519E-32
88,1.232595E-32
88,6.162976E-33
88,3.081488E-33
88,1.540744E-33
88,7.70372E-34
88,3.85186E-34
88,1.92593E-34
88,9.62965E-35
88,4.814825E-35
88,2.407412E-35
88,1.203706E-35
88,6.018531E-36
88,3.009266E-36
88,1.504633E-36
88,7.523164E-37
88,3.761582E-37
88,1.880791E-37
88,9.403955E-38
88,4.701977E-38
88,2.350989E-38
88,1.175494E-38
88,5.877472E-39
88,2.938736E-39
88,1.469368E-39
88,7.34684E-40
88,3.67342E-40
88,1.83671E-40
88,9.18355E-41
88,4.591775E-41
88,2.295887E-41
88,1.147944E-41
88,5.739719E-42
88,2.869859E-42
88,1.43493E-42
88,7.174648E-43
88,3.587324E-43
88,1.793662E-43
88,8.96831E-44
88,4.484155E-44
88,2.242078E-44
88,1.121039E-44
88,5.605194E-45
88,2.802597E-45
88,1.401298E-45
88,0
88,0
88,0
88,0
88,0
88,0
88,0
88,0
88,0
88,0
88,0
88,0
88,0
88,0
88,0
88,0
88,0
88,0
88,0
88,0
88,0
88,0
88,0
88,0
88,0
88,0
88,0
88,0
88,0
88,0
88,0
88,0
88,0
88,0
88,0
88,0
88,0
88,0
88,0
88,0
88,0
88,0
88,0
88,0
88,0
88,0
88,0
88,0
88,0
88,0
88,0
88,0
88,0
88,0
88,0
88,0
88,0
88,0
88,0
88,0
88,0
88,0
88,0
88,0
88,0
88,0
88,0
88,0
88,0
88,0
88,0
88,0
88,0
88,0
88,0
88,0
88,0
88,0
88,0
88,0
88,0
88,0
88,0
88,0
90,1
90,0.5
90,0.25
90,0.125
90,0.0625
90,0.03125
90,0.015625
90,0.0078125
90,0.00390625
90,0.001953125
90,0.0009765625
90,0.0004882813
90,0.0002441406
90,0.0001220703
90,6.103516E-05
90,3.051758E-05
90,1.525879E-05
90,7.629395E-06
90,3.814697E-06
90,1.907349E-06
90,9.536743E-07
90,4.768372E-07
90,2.384186E-07
90,1.192093E-07
90,5.960464E-08
90,2.980232E-08
90,1.490116E-08
90,7.450581E-09
90,3.72529E-09
90,1.862645E-09
90,9.313226E-10
90,4.656613E-10
90,2.328306E-10
90,1.164153E-10
90,5.820766E-11
90,2.910383E-11
90,1.455192E-11
90,7.275958E-12
90,3.637979E-12
90,1.818989E-12
90,9.094947E-13
90,4.547474E-13
90,2.273737E-13
90,1.136868E-13
90,5.684342E-14
90,2.842171E-14
90,1.421085E-14
90,7.105427E-15
90,3.552714E-15
90,1.776357E-15
90,8.881784E-16
90,4.440892E-16
90,2.220446E-16
90,1.110223E-16
90,5.551115E-17
90,2.775558E-17
90,1.387779E-17
90,6.938894E-18
90,3.469447E-18
90,1.734723E-18
90,8.673617E-19
90,4.336809E-19
90,2.168404E-19
90,1.084202E-19
90,5.421011E-20
90,2.710505E-20
90,1.355253E-20
90,6.776264E-21
90,3.388132E-21
90,1.694066E-21
90,8.470329E-22
90,4.235165E-22
90,2.117582E-22
90,1.058791E-22
90,5.293956E-23
90,2.646978E-23
90,1.323489E-23
90,6.617445E-24
90,3.308722E-24
90,1.654361E-24
90,8.271806E-25
90,4.135903E-25
90,2.067952E-25
90,1.033976E-25
90,5.169879E-26
90,2.584939E-26
90,1.29247E-26
90,6.462349E-27
90,3.231174E-27
90,1.615587E-27
90,8.077936E-28
90,4.038968E-28
90,2.019484E-28
90,1.009742E-28
90,5.04871E-29
90,2.524355E-29
90,1.262177E-29
90,6.310887E-30
90,3.155444E-30
90,1.577722E-30
90,7.888609E-31
90,3.944305E-31
90,1.972152E-31
90,9.860761E-32
90,4.930381E-32
90,2.46519E-32
90,1.232595E-32
90,6.162976E-33
90,3.081488E-33
90,1.540744E-33
90,7.70372E-34
90,3.85186E-34
90,1.92593E-34
90,9.62965E-35
90,4.814825E-35
90,2.407412E-35
90,1.203706E-35
90,6.018531E-36
90,3.009266E-36
90,1.504633E-36
90,7.523164E-37
90,3.761582E-37
90,1.880791E-37
90,9.403955E-38
90,4.701977E-38
90,2.350989E-38
90,1.175494E-38
90,5.877472E-39
90,2.938736E-39
90,1.469368E-39
90,7.34684E-40
90,3.67342E-40
90,1.83671E-40
90,9.18355E-41
90,4.591775E-41
90,2.295887E-41
90,1.147944E-41
90,5.739719E-42
90,2.869859E-42
90,1.43493E-42
90,7.174648E-43
90,3.587324E-43
90,1.793662E-43
90,8.96831E-44
90,4.484155E-44
90,2.242078E-44
90,1.121039E-44
90,5.605194E-45
90,2.802597E-45
90,1.401298E-45
90,0
90,0
90,0
90,0
90,0
90,0
90,0
90,0
90,0
90,0
90,0
90,0
90,0
90,0
90,0
90,0
90,0
90,0
90,0
90,0
90,0
90,0
90,0
90,0
90,0
90,0
90,0
90,0
90,0
90,0
90,0
90,0
90,0
90,0
90,0
90,0
90,0
90,0
90,0
90,0
90,0
90,0
90,0
90,0
90,0
90,0
90,0
90,0
90,0
90,0
90,0
90,0
90,0
90,0
90,0
90,0
90,0
90,0
90,0
90,0
90,0
90,0
90,0
90,0
90,0
90,0
90,0
90,0
90,0
90,0
90,0
90,0
90,0
90,0
90,0
90,0
90,0
90,0
90,0
90,0
90,0
90,0
90,0
90,0
90,0
90,0
90,0
90,0
90,0
90,0
90,0
90,0
90,0
90,0
90,0
90,0
90,0
90,0
90,0
90,0
90,0
90,0
90,0
90,0
90,0
90,0
90,0
90,0
90,0
90,0
90,0
90,0
90,0
90,0
90,0
90,0
90,0
90,0
90,0
87,1.5
87,0.75
87,0.375
87,0.1875
87,0.09375
87,0.046875
87,0.0234375
87,0.01171875
87,0.005859375
87,0.002929688
87,0.001464844
87,0.0007324219
87,0.0003662109
87,0.0001831055
87,9.155273E-05
87,4.577637E-05
87,2.288818E-05
87,1.144409E-05
87,5.722046E-06
87,2.861023E-06
87,1.430511E-06
87,7.152557E-07
87,3.576279E-07
87,1.788139E-07
87,8.940697E-08
87,4.470348E-08
87,2.235174E-08
87,1.117587E-08
87,5.587935E-09
87,2.793968E-09
87,1.396984E-09
87,6.984919E-10
87,3.49246E-10
87,1.74623E-10
87,8.731149E-11
87,4.365575E-11
87,2.182787E-11
87,1.091394E-11
87,5.456968E-12
87,2.728484E-12
87,1.364242E-12
87,6.82121E-13
87,3.410605E-13
87,1.705303E-13
87,8.526513E-14
87,4.263256E-14
87,2.131628E-14
87,1.065814E-14
87,5.329071E-15
87,2.664535E-15
87,1.332268E-15
87,6.661338E-16
87,3.330669E-16
87,1.665335E-16
87,8.326673E-17
87,4.163336E-17
87,2.081668E-17
87,1.040834E-17
87,5.20417E-18
87,2.602085E-18
87,1.301043E-18
87,6.505213E-19
87,3.252607E-19
87,1.626303E-19
87,8.131516E-20
87,4.065758E-20
87,2.032879E-20
87,1.01644E-20
87,5.082198E-21
87,2.541099E-21
87,1.270549E-21
87,6.352747E-22
87,3.176374E-22
87,1.588187E-22
87,7.940934E-23
87,3.970467E-23
87,1.985233E-23
87,9.926167E-24
87,4.963084E-24
87,2.481542E-24
87,1.240771E-24
87,6.203855E-25
87,3.101927E-25
87,1.550964E-25
87,7.754818E-26
87,3.877409E-26
87,1.938705E-26
87,9.693523E-27
87,4.846761E-27
87,2.423381E-27
87,1.21169E-27
87,6.058452E-28
87,3.029226E-28
87,1.514613E-28
87,7.573065E-29
87,3.786532E-29
87,1.893266E-29
87,9.466331E-30
87,4.733165E-30
87,2.366583E-30
87,1.183291E-30
87,5.916457E-31
87,2.958228E-31
87,1.479114E-31
87,7.395571E-32
87,3.697785E-32
87,1.848893E-32
87,9.244464E-33
87,4.622232E-33
87,2.311116E-33
87,1.155558E-33
87,5.77779E-34
87,2.888895E-34
87,1.444447E-34
87,7.222237E-35
87,3.611119E-35
87,1.805559E-35
87,9.027797E-36
87,4.513898E-36
87,2.256949E-36
87,1.128475E-36
87,5.642373E-37
87,2.821186E-37
87,1.410593E-37
87,7.052966E-38
87,3.526483E-38
87,1.763242E-38
87,8.816208E-39
87,4.408104E-39
87,2.204052E-39
87,1.102026E-39
87,5.51013E-40
87,2.755065E-40
87,1.377532E-40
87,6.887662E-41
87,3.443831E-41
87,1.721916E-41
87,8.609578E-42
87,4.304789E-42
87,2.152394E-42
87,1.076197E-42
87,5.380986E-43
87,2.690493E-43
87,1.345247E-43
87,6.726233E-44
87,3.363116E-44
87,1.681558E-44
87,8.407791E-45
87,4.203895E-45
87,2.802597E-45
87,1.401298E-45
87,0
87,0
87,0
87,0
87,0
87,0
87,0
87,0
87,0
87,0
87,0
87,0
87,0
87,0
87,0
87,0
87,0
87,0
87,0
87,0
87,0
87,0
87,0
87,0
87,0
87,0
87,0
87,0
87,0
87,0
87,0
87,0
87,0
87,0
87,0
87,0
87,0
87,0
87,0
87,0
87,0
87,0
87,0
87,0
87,0
87,0
87,0
87,0
87,0
87,0
87,0
87,0
87,0
87,0
87,0
87,0
87,0
87,0
87,0
87,0
87,0
87,0
87,0
87,0
87,0
87,0
87,0
87,0
87,0
87,0
87,0
87,0
87,0
87,0
87,0
87,0
87,0
87,0
87,0
87,0
87,0
87,0
87,0
87,0
87,0
87,0
87,0
87,0
87,0
87,0
87,0
87,0
87,0
87,0
87,0
87,0
87,0
87,0
87,0
87,0
87,0
87,0
87,0
87,0
87,0
87,0
87,0
87,0
87,0
87,0
87,0
87,0
87,0
87,0
87,0
87,0
87,0
87,0
87,0
87,0
85,1
85,0.5
85,0.25
85,0.125
85,0.0625
85,0.03125
85,0.015625
85,0.0078125
85,0.00390625
85,0.001953125
85,0.0009765625
85,0.0004882813
85,0.0002441406
85,0.0001220703
85,6.103516E-05
85,3.051758E-05
85,1.525879E-05
85,7.629395E-06
85,3.814697E-06
85,1.907349E-06
85,9.536743E-07
85,4.768372E-07
85,2.384186E-07
85,1.192093E-07
85,5.960464E-08
85,2.980232E-08
85,1.490116E-08
85,7.450581E-09
85,3.72529E-09
85,1.862645E-09
85,9.313226E-10
85,4.656613E-10
85,2.328306E-10
85,1.164153E-10
85,5.820766E-11
85,2.910383E-11
85,1.455192E-11
85,7.275958E-12
85,3.637979E-12
85,1.818989E-12
85,9.094947E-13
85,4.547474E-13
85,2.273737E-13
85,1.136868E-13
85,5.684342E-14
85,2.842171E-14
85,1.421085E-14
85,7.105427E-15
85,3.552714E-15
85,1.776357E-15
85,8.881784E-16
85,4.440892E-16
85,2.220446E-16
85,1.110223E-16
85,5.551115E-17
85,2.775558E-17
85,1.387779E-17
85,6.938894E-18
85,3.469447E-18
85,1.734723E-18
85,8.673617E-19
85,4.336809E-19
85,2.168404E-19
85,1.084202E-19
85,5.421011E-20
85,2.710505E-20
85,1.355253E-20
85,6.776264E-21
85,3.388132E-21
85,1.694066E-21
85,8.470329E-22
85,4.235165E-22
85,2.117582E-22
85,1.058791E-22
85,5.293956E-23
85,2.646978E-23
85,1.323489E-23
85,6.617445E-24
85,3.308722E-24
85,1.654361E-24
85,8.271806E-25
85,4.135903E-25
85,2.067952E-25
85,1.033976E-25
85,5.169879E-26
85,2.584939E-26
85,1.29247E-26
85,6.462349E-27
85,3.231174E-27
85,1.615587E-27
85,8.077936E-28
85,4.038968E-28
85,2.019484E-28
85,1.009742E-28
85,5.04871E-29
85,2.524355E-29
85,1.262177E-29
85,6.310887E-30
85,3.155444E-30
85,1.577722E-30
85,7.888609E-31
85,3.944305E-31
85,1.972152E-31
85,9.860761E-32
85,4.930381E-32
85,2.46519E-32
85,1.232595E-32
85,6.162976E-33
85,3.081488E-33
85,1.540744E-33
85,7.70372E-34
85,3.85186E-34
85,1.92593E-34
85,9.62965E-35
85,4.814825E-35
85,2.407412E-35
85,1.203706E-35
85,6.018531E-36
85,3.009266E-36
85,1.504633E-36
85,7.523164E-37
85,3.761582E-37
85,1.880791E-37
85,9.403955E-38
85,4.701977E-38
85,2.350989E-38
85,1.175494E-38
85,5.877472E-39
85,2.938736E-39
85,1.469368E-39
85,7.34684E-40
85,3.67342E-40
85,1.83671E-40
85,9.18355E-41
85,4.591775E-41
85,2.295887E-41
85,1.147944E-41
85,5.739719E-42
85,2.869859E-42
85,1.43493E-42
85,7.174648E-43
85,3.587324E-43
85,1.793662E-43
85,8.96831E-44
85,4.484155E-44
85,2.242078E-44
85,1.121039E-44
85,5.605194E-45
85,2.802597E-45
85,1.401298E-45
85,0
85,0
85,0
85,0
85,0
85,0
85,0
85,0
85,0
85,0
85,0
85,0
85,0
85,0
85,0
85,0
85,0
85,0
85,0
85,0
85,0
85,0
85,0
85,0
85,0
85,0
85,0
85,0
85,0
85,0
85,0
85,0
85,0
85,0
85,0
85,0
85,0
85,0
85,0
85,0
85,0
85,0
85,0
85,0
85,0
85,0
85,0
85,0
85,0
85,0
85,0
85,0
82,1.5
82,0.75
82,0.375
82,0.1875
82,0.09375
82,0.046875
82,0.0234375
82,0.01171875
82,0.005859375
82,0.002929688
82,0.001464844
82,0.0007324219
82,0.0003662109
82,0.0001831055
82,9.155273E-05
82,4.577637E-05
82,2.288818E-05
82,1.144409E-05
82,5.722046E-06
82,2.861023E-06
82,1.430511E-06
82,7.152557E-07
82,3.576279E-07
82,1.788139E-07
82,8.940697E-08
82,4.470348E-08
82,2.235174E-08
82,1.117587E-08
82,5.587935E-09
82,2.793968E-09
82,1.396984E-09
82,6.984919E-10
82,3.49246E-10
82,1.74623E-10
82,8.731149E-11
82,4.365575E-11
82,2.182787E-11
82,1.091394E-11
82,5.456968E-12
82,2.728484E-12
82,1.364242E-12
82,6.82121E-13
82,3.410605E-13
82,1.705303E-13
82,8.526513E-14
82,4.263256E-14
82,2.131628E-14
82,1.065814E-14
82,5.329071E-15
82,2.664535E-15
82,1.332268E-15
82,6.661338E-16
82,3.330669E-16
82,1.665335E-16
82,8.326673E-17
82,4.163336E-17
82,2.081668E-17
82,1.040834E-17
82,5.20417E-18
82,2.602085E-18
82,1.301043E-18
82,6.505213E-19
82,3.252607E-19
82,1.626303E-19
82,8.131516E-20
82,4.065758E-20
82,2.032879E-20
82,1.01644E-20
82,5.082198E-21
82,2.541099E-21
82,1.270549E-21
82,6.352747E-22
82,3.176374E-22
82,1.588187E-22
82,7.940934E-23
82,3.970467E-23
82,1.985233E-23
82,9.926167E-24
82,4.963084E-24
82,2.481542E-24
82,1.240771E-24
82,6.203855E-25
82,3.101927E-25
82,1.550964E-25
82,7.754818E-26
82,3.877409E-26
82,1.938705E-26
82,9.693523E-27
82,4.846761E-27
82,2.423381E-27
82,1.21169E-27
82,6.058452E-28
82,3.029226E-28
82,1.514613E-28
82,7.573065E-29
82,3.786532E-29
82,1.893266E-29
82,9.466331E-30
82,4.733165E-30
82,2.366583E-30
82,1.183291E-30
82,5.916457E-31
82,2.958228E-31
82,1.479114E-31
82,7.395571E-32
82,3.697785E-32
82,1.848893E-32
82,9.244464E-33
82,4.622232E-33
82,2.311116E-33
82,1.155558E-33
82,5.77779E-34
82,2.888895E-34
82,1.444447E-34
82,7.222237E-35
82,3.611119E-35
82,1.805559E-35
82,9.027797E-36
82,4.513898E-36
82,2.256949E-36
82,1.128475E-36
82,5.642373E-37
82,2.821186E-37
82,1.410593E-37
82,7.052966E-38
82,3.526483E-38
82,1.763242E-38
82,8.816208E-39
82,4.408104E-39
82,2.204052E-39
82,1.102026E-39
82,5.51013E-40
82,2.755065E-40
82,1.377532E-40
82,6.887662E-41
82,3.443831E-41
82,1.721916E-41
82,8.609578E-42
82,4.304789E-42
82,2.152394E-42
82,1.076197E-42
82,5.380986E-43
82,2.690493E-43
82,1.345247E-43
82,6.726233E-44
82,3.363116E-44
82,1.681558E-44
82,8.407791E-45
82,4.203895E-45
82,2.802597E-45
82,1.401298E-45
82,0
82,0
82,0
82,0
82,0
82,0
82,0
82,0
82,0
82,0
82,0
82,0
82,0
82,0
82,0
82,0
82,0
82,0
82,0
82,0
82,0
82,0
82,0
82,0
82,0
82,0
82,0
82,0
82,0
82,0
82,0
82,0
82,0
82,0
82,0
82,0
82,0
82,0
82,0
82,0
82,0
82,0
82,0
82,0
82,0
82,0
82,0
82,0
82,0
82,0
82,0
82,0
82,0
82,0
82,0
82,0
82,0
82,0
82,0
82,0
82,0
82,0
82,0
82,0
82,0
82,0
82,0
82,0
82,0
82,0
82,0
82,0
82,0
82,0
82,0
82,0
82,0
82,0
82,0
82,0
82,0
82,0
82,0
82,0
82,0
82,0
82,0
82,0
82,0
82,0
82,0
82,0
82,0
82,0
82,0
82,0
82,0
82,0
82,0
82,0
82,0
82,0
82,0
82,0
82,0
82,0
82,0
82,0
82,0
82,0
82,0
82,0
82,0
82,0
82,0
82,0
82,0
82,0
82,0
82,0
82,0
82,0
82,0
82,0
82,0
82,0
82,0
82,0
88,3
88,1.5
88,0.75
88,0.375
88,0.1875
88,0.09375
88,0.046875
88,0.0234375
88,0.01171875
88,0.005859375
88,0.002929688
88,0.001464844
88,0.0007324219
88,0.0003662109
88,0.0001831055
88,9.155273E-05
88,4.577637E-05
88,2.288818E-05
88,1.144409E-05
88,5.722046E-06
88,2.861023E-06
88,1.430511E-06
88,7.152557E-07
88,3.576279E-07
88,1.788139E-07
88,8.940697E-08
88,4.470348E-08
88,2.235174E-08
88,1.117587E-08
88,5.587935E-09
88,2.793968E-09
88,1.396984E-09
88,6.984919E-10
88,3.49246E-10
88,1.74623E-10
88,8.731149E-11
88,4.365575E-11
88,2.182787E-11
88,1.091394E-11
88,5.456968E-12
88,2.728484E-12
88,1.364242E-12
88,6.82121E-13
88,3.410605E-13
88,1.705303E-13
88,8.526513E-14
88,4.263256E-14
88,2.131628E-14
88,1.065814E-14
88,5.329071E-15
88,2.664535E-15
88,1.332268E-15
88,6.661338E-16
88,3.330669E-16
88,1.665335E-16
88,8.326673E-17
88,4.163336E-17
88,2.081668E-17
88,1.040834E-17
88,5.20417E-18
88,2.602085E-18
88,1.301043E-18
88,6.505213E-19
88,3.252607E-19
88,1.626303E-19
88,8.131516E-20
88,4.065758E-20
88,2.032879E-20
88,1.01644E-20
88,5.082198E-21
88,2.541099E-21
88,1.270549E-21
88,6.352747E-22
88,3.176374E-22
88,1.588187E-22
88,7.940934E-23
88,3.970467E-23
88,1.985233E-23
88,9.926167E-24
88,4.963084E-24
88,2.481542E-24
88,1.240771E-24
88,6.203855E-25
88,3.101927E-25
88,1.550964E-25
88,7.754818E-26
88,3.877409E-26
88,1.938705E-26
88,9.693523E-27
88,4.846761E-27
88,2.423381E-27
88,1.21169E-27
88,6.058452E-28
88,3.029226E-28
88,1.514613E-28
88,7.573065E-29
88,3.786532E-29
88,1.893266E-29
88,9.466331E-30
88,4.733165E-30
88,2.366583E-30
88,1.183291E-30
88,5.916457E-31
88,2.958228E-31
88,1.479114E-31
88,7.395571E-32
88,3.697785E-32
88,1.848893E-32
88,9.244464E-33
88,4.622232E-33
88,2.311116E-33
88,1.155558E-33
88,5.77779E-34
88,2.888895E-34
88,1.444447E-34
88,7.222237E-35
88,3.611119E-35
88,1.805559E-35
88,9.027797E-36
88,4.513898E-36
88,2.256949E-36
88,1.128475E-36
88,5.642373E-37
88,2.821186E-37
88,1.410593E-37
88,7.052966E-38
88,3.526483E-38
88,1.763242E-38
88,8.816208E-39
88,4.408104E-39
88,2.204052E-39
88,1.102026E-39
88,5.51013E-40
88,2.755065E-40
88,1.377532E-40
88,6.887662E-41
88,3.443831E-41
88,1.721916E-41
88,8.609578E-42
88,4.304789E-42
88,2.152394E-42
88,1.076197E-42
88,5.380986E-43
88,2.690493E-43
88,1.345247E-43
88,6.726233E-44
88,3.363116E-44
88,1.681558E-44
88,8.407791E-45
88,4.203895E-45
88,2.802597E-45
88,1.401298E-45
88,0
88,0
88,0
88,0
88,0
88,0
88,0
88,0
88,0
88,0
88,0
88,0
88,0
88,0
88,0
88,0
88,0
88,0
88,0
88,0
88,0
88,0
88,0
88,0
88,0
88,0
88,0
88,0
88,0
88,0
88,0
88,0
88,0
88,0
88,0
88,0
88,0
88,0
88,0
88,0
88,0
88,0
88,0
88,0
88,0
88,0
88,0
88,0
88,0
88,0
88,0
88,0
88,0
88,0
88,0
88,0
88,0
88,0
88,0
88,0
88,0
88,0
88,0
88,0
88,0
88,0
88,0
88,0
88,0
88,0
88,0
88,0
88,0
88,0
88,0
88,0
88,0
88,0
88,0
88,0
88,0
88,0
88,0
88,0
88,0
88,0
88,0
88,0
88,0
88,0
88,0
88,0
88,0
88,0
88,0
88,0
88,0
88,0
88,0
88,0
88,0
88,0
88,0
88,0
88,0
88,0
88,0
88,0
88,0
88,0
88,0
91,1.5
91,0.75
91,0.375
91,0.1875
91,0.09375
91,0.046875
91,0.0234375
91,0.01171875
91,0.005859375
91,0.002929688
91,0.001464844
91,0.0007324219
91,0.0003662109
91,0.0001831055
91,9.155273E-05
91,4.577637E-05
91,2.288818E-05
91,1.144409E-05
91,5.722046E-06
91,2.861023E-06
91,1.430511E-06
91,7.152557E-07
91,3.576279E-07
91,1.788139E-07
91,8.940697E-08
91,4.470348E-08
91,2.235174E-08
91,1.117587E-08
91,5.587935E-09
91,2.793968E-09
91,1.396984E-09
91,6.984919E-10
91,3.49246E-10
91,1.74623E-10
91,8.731149E-11
91,4.365575E-11
91,2.182787E-11
91,1.091394E-11
91,5.456968E-12
91,2.728484E-12
91,1.364242E-12
91,6.82121E-13
91,3.410605E-13
91,1.705303E-13
91,8.526513E-14
91,4.263256E-14
91,2.131628E-14
91,1.065814E-14
91,5.329071E-15
91,2.664535E-15
91,1.332268E-15
91,6.661338E-16
91,3.330669E-16
91,1.665335E-16
91,8.326673E-17
91,4.163336E-17
91,2.081668E-17
91,1.040834E-17
91,5.20417E-18
91,2.602085E-18
91,1.301043E-18
91,6.505213E-19
91,3.252607E-19
91,1.626303E-19
91,8.131516E-20
91,4.065758E-20
91,2.032879E-20
91,1.01644E-20
91,5.082198E-21
91,2.541099E-21
91,1.270549E-21
91,6.352747E-22
91,3.176374E-22
91,1.588187E-22
91,7.940934E-23
91,3.970467E-23
91,1.985233E-23
91,9.926167E-24
91,4.963084E-24
91,2.481542E-24
91,1.240771E-24
91,6.203855E-25
91,3.101927E-25
91,1.550964E-25
91,7.754818E-26
91,3.877409E-26
91,1.938705E-26
91,9.693523E-27
91,4.846761E-27
91,2.423381E-27
91,1.21169E-27
91,6.058452E-28
91,3.029226E-28
91,1.514613E-28
91,7.573065E-29
91,3.786532E-29
91,1.893266E-29
91,9.466331E-30
91,4.733165E-30
91,2.366583E-30
91,1.183291E-30
91,5.916457E-31
91,2.958228E-31
91,1.479114E-31
91,7.395571E-32
91,3.697785E-32
91,1.848893E-32
91,9.244464E-33
91,4.622232E-33
91,2.311116E-33
91,1.155558E-33
91,5.77779E-34
91,2.888895E-34
91,1.444447E-34
91,7.222237E-35
91,3.611119E-35
91,1.805559E-35
91,9.027797E-36
91,4.513898E-36
91,2.256949E-36
91,1.128475E-36
91,5.642373E-37
91,2.821186E-37
91,1.410593E-37
91,7.052966E-38
91,3.526483E-38
91,1.763242E-38
91,8.816208E-39
91,4.408104E-39
91,2.204052E-39
91,1.102026E-39
91,5.51013E-40
91,2.755065E-40
91,1.377532E-40
91,6.887662E-41
91,3.443831E-41
91,1.721916E-41
91,8.609578E-42
91,4.304789E-42
91,2.152394E-42
91,1.076197E-42
